Date,Close,Volume,Open,High,Low
03/01/2024,$1.5056,"22,944",$1.5224,$1.5299,$1.45
02/29/2024,$1.54,"6,409",$1.52,$1.61,$1.52
02/28/2024,$1.55,"6,699",$1.55,$1.6357,$1.5499
02/27/2024,$1.55,"9,069",$1.50,$1.6399,$1.50
02/26/2024,$1.51,"27,320",$1.50,$1.655,$1.50
02/23/2024,$1.55,"17,439",$1.67,$1.67,$1.55
02/22/2024,$1.68,"51,545",$1.6177,$1.719,$1.6177
02/21/2024,$1.62,"14,458",$1.64,$1.65,$1.598
02/20/2024,$1.66,"5,332",$1.65,$1.67,$1.5937
02/16/2024,$1.67,"8,085",$1.7226,$1.7226,$1.64
02/15/2024,$1.73,"30,361",$1.55,$1.73,$1.55
02/14/2024,$1.63,"76,913",$1.52,$1.75,$1.52
02/13/2024,$1.48,"7,160",$1.50,$1.50,$1.45
02/12/2024,$1.51,"40,744",$1.41,$1.55,$1.41
02/09/2024,$1.44,"4,811",$1.39,$1.445,$1.39
02/08/2024,$1.41,"26,663",$1.39,$1.44,$1.39
02/07/2024,$1.398,"2,851",$1.38,$1.405,$1.38
02/06/2024,$1.40,"5,193",$1.4071,$1.41,$1.36
02/05/2024,$1.3999,"9,558",$1.34,$1.40,$1.3201
02/02/2024,$1.37,"13,104",$1.38,$1.40,$1.351
02/01/2024,$1.36,"23,537",$1.3861,$1.4291,$1.34
01/31/2024,$1.40,"10,330",$1.37,$1.42,$1.365
01/30/2024,$1.38,"3,756",$1.38,$1.41,$1.37
01/29/2024,$1.42,"6,100",$1.44,$1.45,$1.40
01/26/2024,$1.46,"3,455",$1.37,$1.46,$1.3699
01/25/2024,$1.37,"4,822",$1.392,$1.42,$1.36
01/24/2024,$1.36,"19,398",$1.39,$1.45,$1.36
01/23/2024,$1.38,"8,678",$1.39,$1.44,$1.37
01/22/2024,$1.39,"15,241",$1.43,$1.46,$1.38
01/19/2024,$1.43,"28,817",$1.44,$1.4599,$1.36
01/18/2024,$1.42,"22,048",$1.53,$1.53,$1.415
01/17/2024,$1.50,"11,416",$1.55,$1.5556,$1.485
01/16/2024,$1.52,"60,890",$1.48,$1.54,$1.43
01/12/2024,$1.46,"9,471",$1.455,$1.4761,$1.42
01/11/2024,$1.46,"15,223",$1.48,$1.48,$1.40
01/10/2024,$1.46,"20,182",$1.45,$1.4663,$1.40
01/09/2024,$1.44,"17,163",$1.46,$1.4943,$1.412
01/08/2024,$1.48,"17,309",$1.536,$1.536,$1.43
01/05/2024,$1.49,"27,023",$1.47,$1.5299,$1.42
01/04/2024,$1.44,"17,062",$1.56,$1.56,$1.42
01/03/2024,$1.39,"8,167",$1.42,$1.43,$1.38
01/02/2024,$1.38,"19,801",$1.3999,$1.49,$1.3601
12/29/2023,$1.40,"14,059",$1.40,$1.44,$1.36
12/28/2023,$1.4025,"28,024",$1.34,$1.43,$1.34
12/27/2023,$1.3402,"23,455",$1.29,$1.39,$1.29
12/26/2023,$1.34,"21,734",$1.34,$1.34,$1.28
12/22/2023,$1.35,"14,608",$1.32,$1.40,$1.32
12/21/2023,$1.38,"6,858",$1.3097,$1.3856,$1.30
12/20/2023,$1.30,"15,496",$1.35,$1.40,$1.30
12/19/2023,$1.35,"8,613",$1.31,$1.41,$1.30
12/18/2023,$1.34,"10,006",$1.3425,$1.3425,$1.31
12/15/2023,$1.35,"17,747",$1.36,$1.429,$1.35
12/14/2023,$1.37,"12,988",$1.33,$1.40,$1.33
12/13/2023,$1.40,"27,344",$1.40,$1.40,$1.31
12/12/2023,$1.40,"22,149",$1.38,$1.49,$1.38
12/11/2023,$1.42,"18,667",$1.37,$1.44,$1.3502
12/08/2023,$1.40,"17,421",$1.40,$1.4131,$1.33
12/07/2023,$1.40,"9,795",$1.39,$1.45,$1.37
12/06/2023,$1.45,"10,313",$1.4332,$1.4799,$1.3801
12/05/2023,$1.48,"22,088",$1.41,$1.53,$1.40
12/04/2023,$1.42,"19,773",$1.41,$1.46,$1.394
12/01/2023,$1.435,"13,712",$1.36,$1.4599,$1.36
11/30/2023,$1.38,"15,627",$1.46,$1.46,$1.35
11/29/2023,$1.3727,"22,072",$1.285,$1.3999,$1.285
11/28/2023,$1.23,"9,128",$1.317,$1.317,$1.2204
11/27/2023,$1.32,"33,556",$1.29,$1.35,$1.27
11/24/2023,$1.28,"6,241",$1.23,$1.2841,$1.23
11/22/2023,$1.2162,"25,277",$1.20,$1.2489,$1.17
11/21/2023,$1.23,"7,044",$1.23,$1.25,$1.1904
11/20/2023,$1.26,"12,752",$1.18,$1.26,$1.15
11/17/2023,$1.18,"18,114",$1.25,$1.25,$1.16
11/16/2023,$1.2227,"19,334",$1.26,$1.29,$1.21
11/15/2023,$1.29,"36,968",$1.25,$1.32,$1.23
11/14/2023,$1.31,"24,115",$1.24,$1.35,$1.23
11/13/2023,$1.27,"27,337",$1.24,$1.275,$1.23
11/10/2023,$1.27,"9,138",$1.24,$1.30,$1.24
11/09/2023,$1.32,"66,381",$1.49,$1.49,$1.2401
11/08/2023,$1.44,"26,917",$1.39,$1.50,$1.39
11/07/2023,$1.39,"7,791",$1.38,$1.43,$1.38
11/06/2023,$1.38,"4,702",$1.35,$1.40,$1.35
11/03/2023,$1.33,"19,655",$1.28,$1.4099,$1.28
11/02/2023,$1.26,"25,280",$1.25,$1.27,$1.20
11/01/2023,$1.2298,"14,183",$1.22,$1.23,$1.18
10/31/2023,$1.235,"44,829",$1.30,$1.39,$1.16
10/30/2023,$1.28,"29,924",$1.40,$1.40,$1.18
10/27/2023,$1.3717,"10,526",$1.45,$1.46,$1.362
10/26/2023,$1.4187,"14,648",$1.40,$1.43,$1.37
10/25/2023,$1.4299,"19,057",$1.41,$1.4399,$1.39
10/24/2023,$1.43,"16,477",$1.479,$1.48,$1.40
10/23/2023,$1.4569,"20,578",$1.49,$1.49,$1.38
10/20/2023,$1.4287,"22,403",$1.45,$1.46,$1.406
10/19/2023,$1.45,"18,145",$1.46,$1.47,$1.39
10/18/2023,$1.43,"15,580",$1.48,$1.48,$1.41
10/17/2023,$1.42,"33,707",$1.40,$1.485,$1.40
10/16/2023,$1.43,"50,553",$1.445,$1.50,$1.40
10/13/2023,$1.43,"35,085",$1.49,$1.49,$1.37
10/12/2023,$1.4397,"77,862",$1.49,$1.49,$1.36
10/11/2023,$1.51,"249,088",$1.75,$1.75,$1.41
10/10/2023,$1.72,"248,829",$1.37,$1.78,$1.37
10/09/2023,$1.38,"6,619",$1.36,$1.4799,$1.36
10/06/2023,$1.38,"8,136",$1.34,$1.4499,$1.34
10/05/2023,$1.38,"9,534",$1.371,$1.395,$1.36
10/04/2023,$1.40,"36,681",$1.45,$1.45,$1.36
10/03/2023,$1.37,"20,420",$1.45,$1.45,$1.3613
10/02/2023,$1.46,"15,291",$1.46,$1.51,$1.45
09/29/2023,$1.46,"17,529",$1.47,$1.50,$1.4515
09/28/2023,$1.48,"16,987",$1.48,$1.54,$1.47
09/27/2023,$1.51,"17,433",$1.47,$1.5511,$1.47
09/26/2023,$1.53,"22,150",$1.48,$1.58,$1.48
09/25/2023,$1.51,"34,010",$1.51,$1.555,$1.49
09/22/2023,$1.54,"43,743",$1.57,$1.57,$1.4707
09/21/2023,$1.49,"18,785",$1.49,$1.50,$1.47
09/20/2023,$1.53,"12,584",$1.48,$1.53,$1.46
09/19/2023,$1.51,"19,042",$1.47,$1.55,$1.45
09/18/2023,$1.48,"19,027",$1.50,$1.50,$1.45
09/15/2023,$1.53,"43,272",$1.50,$1.53,$1.45
09/14/2023,$1.45,"75,932",$1.52,$1.52,$1.40
09/13/2023,$1.54,"33,279",$1.57,$1.5999,$1.52
09/12/2023,$1.58,"65,139",$1.55,$1.63,$1.55
09/11/2023,$1.69,"285,902",$1.64,$1.70,$1.51
09/08/2023,$1.7527,"456,494",$1.80,$1.94,$1.70
09/07/2023,$1.819,"12,253,000",$2.44,$2.98,$1.74
09/06/2023,$2.35,"2,702,018",$1.85,$2.70,$1.83
09/05/2023,$1.85,"2,430",$1.875,$1.8797,$1.85
09/01/2023,$1.87,"6,016",$1.85,$1.905,$1.85
08/31/2023,$1.90,"12,519",$1.85,$1.90,$1.85
08/30/2023,$1.86,"5,988",$1.90,$1.90,$1.8301
08/29/2023,$1.835,"3,761",$1.86,$1.91,$1.835
08/28/2023,$1.86,"3,586",$1.86,$1.895,$1.86
08/25/2023,$1.8799,"6,587",$1.9226,$1.9226,$1.86
08/24/2023,$1.885,"3,740",$1.98,$1.9815,$1.88
08/23/2023,$1.95,"7,494",$1.97,$1.9999,$1.94
08/22/2023,$1.9183,"4,524",$1.95,$1.964,$1.91
08/21/2023,$1.91,"9,633",$1.927,$1.9987,$1.90
08/18/2023,$1.955,"4,485",$1.92,$1.968,$1.90
08/17/2023,$1.98,"4,267",$1.97,$2.00,$1.91
08/16/2023,$2.00,"5,176",$1.9747,$2.0063,$1.97
08/15/2023,$2.01,"9,159",$1.91,$2.01,$1.91
08/14/2023,$1.94,"9,423",$1.95,$2.0099,$1.87
08/11/2023,$1.9146,"14,157",$1.9548,$1.9548,$1.86
08/10/2023,$1.97,"10,966",$1.91,$2.00,$1.91
08/09/2023,$1.9701,"7,246",$1.95,$2.04,$1.95
08/08/2023,$1.99,"8,272",$1.92,$2.01,$1.92
08/07/2023,$1.985,"10,561",$1.97,$2.02,$1.92
08/04/2023,$2.01,"17,010",$1.96,$2.05,$1.9501
08/03/2023,$2.00,"5,812",$1.93,$2.01,$1.93
08/02/2023,$1.97,"9,339",$1.93,$2.02,$1.93
08/01/2023,$1.94,"13,336",$1.93,$2.00,$1.93
07/31/2023,$1.93,"19,523",$1.90,$1.99,$1.90
07/28/2023,$1.93,"14,491",$1.91,$2.00,$1.87
07/27/2023,$1.97,"9,669",$2.00,$2.00,$1.88
07/26/2023,$1.94,"7,984",$1.92,$1.98,$1.91
07/25/2023,$1.95,"13,519",$1.9264,$2.00,$1.9242
07/24/2023,$2.00,"18,890",$1.96,$2.02,$1.8881
07/21/2023,$1.92,"13,886",$1.91,$1.98,$1.87
07/20/2023,$1.97,"9,409",$1.89,$1.98,$1.882
07/19/2023,$1.92,"16,851",$1.99,$1.99,$1.86
07/18/2023,$1.90,"18,080",$2.0499,$2.0499,$1.8825
07/17/2023,$1.9932,"33,148",$2.03,$2.03,$1.92
07/14/2023,$1.98,"9,345",$2.02,$2.02,$1.9351
07/13/2023,$2.0185,"14,943",$2.01,$2.09,$2.00
07/12/2023,$2.05,"12,832",$2.045,$2.10,$2.0152
07/11/2023,$2.04,"3,992",$2.0364,$2.0601,$2.01
07/10/2023,$2.0348,"16,878",$1.99,$2.05,$1.99
07/07/2023,$2.02,"4,728",$1.98,$2.0416,$1.98
07/06/2023,$2.00,"5,750",$2.035,$2.06,$2.00
07/05/2023,$2.06,"17,956",$1.98,$2.10,$1.91
07/03/2023,$1.98,"10,731",$1.95,$2.03,$1.95
06/30/2023,$1.99,"7,094",$1.97,$2.05,$1.93
06/29/2023,$1.975,"4,575",$1.96,$2.0127,$1.94
06/28/2023,$1.92,"20,447",$1.96,$1.96,$1.86
06/27/2023,$1.92,"95,713",$1.99,$2.13,$1.88
06/26/2023,$1.9542,"12,942",$1.99,$2.0101,$1.95
06/23/2023,$1.95,"14,512",$1.9403,$2.01,$1.8974
06/22/2023,$1.93,"16,008",$1.89,$1.95,$1.87
06/21/2023,$1.9373,"9,814",$1.93,$1.97,$1.8901
06/20/2023,$1.98,"23,202",$1.80,$2.0367,$1.80
06/16/2023,$2.04,"5,259",$2.0001,$2.04,$1.99
06/15/2023,$2.0199,"10,035",$2.00,$2.03,$1.9542
06/14/2023,$2.01,"9,124",$2.09,$2.12,$2.0053
06/13/2023,$2.03,"12,806",$2.0101,$2.0699,$2.0101
06/12/2023,$2.00,"10,843",$2.02,$2.095,$2.00
06/09/2023,$2.01,"6,212",$2.11,$2.11,$2.00
06/08/2023,$2.04,"5,770",$2.12,$2.12,$2.00
06/07/2023,$2.095,"25,952",$1.94,$2.1487,$1.94
06/06/2023,$1.90,"2,038",$1.912,$1.92,$1.90
06/05/2023,$1.88,"9,895",$1.95,$1.96,$1.843
06/02/2023,$1.91,"17,702",$1.87,$1.97,$1.8399
06/01/2023,$1.85,"4,097",$1.79,$1.85,$1.755
05/31/2023,$1.786,"6,349",$1.73,$1.79,$1.73
05/30/2023,$1.72,"3,577",$1.71,$1.75,$1.71
05/26/2023,$1.69,"16,015",$1.67,$1.72,$1.66
05/25/2023,$1.67,"15,730",$1.785,$1.7853,$1.64
05/24/2023,$1.80,"11,226",$1.83,$1.845,$1.7501
05/23/2023,$1.81,"16,463",$1.85,$1.85,$1.77
05/22/2023,$1.81,"12,722",$1.80,$1.85,$1.785
05/19/2023,$1.7707,"2,809",$1.765,$1.775,$1.765
05/18/2023,$1.75,"7,904",$1.73,$1.79,$1.715
05/17/2023,$1.71,"6,615",$1.73,$1.73,$1.71
05/16/2023,$1.6835,"3,891",$1.7097,$1.71,$1.68
05/15/2023,$1.71,"8,001",$1.72,$1.74,$1.6901
05/12/2023,$1.67,"3,708",$1.6799,$1.6799,$1.6602
05/11/2023,$1.69,"4,409",$1.68,$1.72,$1.6601
05/10/2023,$1.7141,"8,527",$1.69,$1.74,$1.673
05/09/2023,$1.6954,"10,085",$1.7496,$1.7496,$1.66
05/08/2023,$1.69,"3,137",$1.6804,$1.7299,$1.68
05/05/2023,$1.68,"14,610",$1.6964,$1.7399,$1.63
05/04/2023,$1.64,"9,647",$1.62,$1.6899,$1.6101
05/03/2023,$1.63,"5,190",$1.60,$1.67,$1.60
05/02/2023,$1.59,"28,998",$1.64,$1.68,$1.59
05/01/2023,$1.64,"13,336",$1.68,$1.69,$1.61
04/28/2023,$1.63,"166,922",$1.94,$1.9457,$1.39
04/27/2023,$1.95,"28,877",$2.1035,$2.1299,$1.94
04/26/2023,$2.05,"54,695",$2.15,$2.291,$2.03
04/25/2023,$2.105,"129,979",$2.69,$2.69,$2.10
04/24/2023,$2.69,"11,580",$2.88,$2.88,$2.652
04/21/2023,$2.781,"10,945",$2.86,$2.887,$2.76
04/20/2023,$2.86,"17,609",$2.7574,$2.90,$2.7574
04/19/2023,$2.7335,"16,471",$2.705,$2.85,$2.69
04/18/2023,$2.73,"10,552",$2.73,$2.74,$2.65
04/17/2023,$2.6885,"39,381",$2.62,$2.7399,$2.58
04/14/2023,$2.6054,"12,234",$2.58,$2.65,$2.54
04/13/2023,$2.6376,"13,692",$2.5718,$2.6994,$2.5718
04/12/2023,$2.56,"14,321",$2.68,$2.68,$2.5013
04/11/2023,$2.63,"66,437",$2.53,$2.67,$2.45
04/10/2023,$2.39,"6,424",$2.38,$2.45,$2.37
04/06/2023,$2.35,"20,627",$2.34,$2.44,$2.25
04/05/2023,$2.43,"8,083",$2.50,$2.5399,$2.4043
04/04/2023,$2.48,"13,950",$2.53,$2.53,$2.3551
04/03/2023,$2.4861,"49,499",$2.30,$2.51,$2.30
03/31/2023,$2.32,"29,289",$2.08,$2.35,$2.08
03/30/2023,$2.15,"41,747",$2.14,$2.1999,$2.1101
03/29/2023,$2.14,"15,514",$2.16,$2.16,$2.0735
03/28/2023,$2.11,"44,657",$2.11,$2.1599,$2.06
03/27/2023,$2.11,"2,108",$2.06,$2.14,$2.06
03/24/2023,$2.09,"6,161",$2.114,$2.114,$2.0111
03/23/2023,$2.1131,"18,005",$2.135,$2.135,$2.03
03/22/2023,$2.1199,"22,386",$2.2033,$2.2033,$2.06
03/21/2023,$2.0935,"19,256",$2.09,$2.1499,$2.03
03/20/2023,$2.10,"19,190",$2.19,$2.217,$2.05
03/17/2023,$2.14,"12,600",$2.18,$2.3099,$2.14
03/16/2023,$2.14,"16,266",$2.29,$2.29,$2.14
03/15/2023,$2.30,"12,320",$2.42,$2.57,$2.28
03/14/2023,$2.27,"12,638",$2.39,$2.51,$2.27
03/13/2023,$2.47,"15,121",$2.82,$2.82,$2.2795
03/10/2023,$2.34,"53,396",$2.59,$2.70,$2.01
03/09/2023,$2.68,"16,711",$2.689,$2.73,$2.53
03/08/2023,$2.72,"8,370",$2.7101,$2.8199,$2.63
03/07/2023,$2.79,"9,024",$2.78,$2.79,$2.75
03/06/2023,$2.76,"5,174",$2.77,$2.8599,$2.75
03/03/2023,$2.76,"11,559",$2.83,$2.84,$2.72
03/02/2023,$2.81,"16,966",$2.94,$2.94,$2.70
03/01/2023,$2.83,"9,387",$2.86,$2.95,$2.83
02/28/2023,$2.865,"10,881",$2.904,$2.95,$2.86
02/27/2023,$2.87,"1,935",$2.97,$2.97,$2.87
02/24/2023,$2.93,"11,668",$2.88,$2.9799,$2.88
02/23/2023,$2.97,"6,580",$2.94,$2.97,$2.87
02/22/2023,$3.02,"16,509",$3.0198,$3.07,$2.9552
02/21/2023,$3.05,"17,351",$3.07,$3.07,$2.93
02/17/2023,$3.01,"16,418",$2.96,$3.08,$2.95
02/16/2023,$3.00,"4,180",$2.89,$3.01,$2.89
02/15/2023,$3.01,"9,785",$2.8001,$3.01,$2.8001
02/14/2023,$2.88,"25,066",$2.91,$2.94,$2.8501
02/13/2023,$2.99,"7,285",$2.967,$2.99,$2.9101
02/10/2023,$3.02,"49,933",$2.93,$3.03,$2.91
02/09/2023,$2.96,"10,257",$3.005,$3.005,$2.92
02/08/2023,$3.04,"16,816",$3.0198,$3.0967,$2.955
02/07/2023,$3.00,"16,005",$3.00,$3.05,$2.92
02/06/2023,$3.06,"29,324",$3.00,$3.0756,$2.95
02/03/2023,$3.07,"36,241",$3.13,$3.1899,$3.01
02/02/2023,$3.08,"107,329",$3.11,$3.162,$2.91
02/01/2023,$3.15,"11,503",$3.205,$3.205,$3.06
01/31/2023,$3.22,"20,011",$3.12,$3.23,$3.10
01/30/2023,$3.15,"8,560",$3.15,$3.15,$3.12
01/27/2023,$3.20,"7,641",$3.16,$3.22,$3.14
01/26/2023,$3.21,"5,892",$3.09,$3.2122,$3.06
01/25/2023,$3.11,"6,954",$3.0601,$3.16,$3.0601
01/24/2023,$3.06,"7,682",$3.10,$3.15,$3.06
01/23/2023,$3.10,"11,300",$3.00,$3.1499,$3.00
01/20/2023,$3.00,"22,272",$3.14,$3.14,$2.9656
01/19/2023,$3.0357,"9,541",$3.16,$3.2137,$3.0105
01/18/2023,$3.25,"55,873",$3.50,$3.50,$3.16
01/17/2023,$3.38,"26,023",$3.232,$3.49,$3.225
01/13/2023,$3.26,"11,902",$3.20,$3.2698,$3.16
01/12/2023,$3.20,"38,388",$3.30,$3.30,$3.1661
01/11/2023,$3.35,"23,731",$3.41,$3.41,$3.27
01/10/2023,$3.36,"19,176",$3.38,$3.41,$3.27
01/09/2023,$3.41,"82,082",$3.13,$3.482,$3.031
01/06/2023,$3.14,"60,723",$2.92,$3.192,$2.9101
01/05/2023,$2.96,"12,162",$3.01,$3.0499,$2.93
01/04/2023,$2.98,"22,659",$3.02,$3.0899,$2.8828
01/03/2023,$2.97,"26,837",$2.98,$3.1494,$2.9001
12/30/2022,$2.89,"15,906",$2.77,$2.9099,$2.75
12/29/2022,$2.81,"14,951",$2.7921,$2.8459,$2.77
12/28/2022,$2.79,"29,553",$2.78,$2.83,$2.71
12/27/2022,$2.745,"23,415",$2.81,$2.86,$2.70
12/23/2022,$2.90,"19,391",$2.89,$2.98,$2.7865
12/22/2022,$3.00,"25,075",$3.00,$3.05,$2.8901
12/21/2022,$3.12,"20,582",$3.20,$3.20,$3.05
12/20/2022,$3.15,"58,702",$3.08,$3.2199,$2.9784
12/19/2022,$3.05,"32,481",$2.95,$3.05,$2.95
12/16/2022,$3.05,"12,053",$2.94,$3.05,$2.87
12/15/2022,$2.95,"22,360",$3.0597,$3.0597,$2.88
12/14/2022,$3.03,"41,035",$2.85,$3.03,$2.8058
12/13/2022,$2.8499,"17,987",$2.805,$2.92,$2.7304
12/12/2022,$2.82,"19,708",$2.66,$2.8781,$2.66
12/09/2022,$2.70,"11,815",$2.73,$2.74,$2.64
12/08/2022,$2.74,"19,629",$2.61,$2.74,$2.61
12/07/2022,$2.61,"19,974",$2.57,$2.6442,$2.57
12/06/2022,$2.53,"31,931",$2.74,$2.74,$2.49
12/05/2022,$2.68,"47,441",$2.59,$2.7899,$2.59
12/02/2022,$2.56,"24,445",$2.59,$2.6001,$2.52
12/01/2022,$2.57,"18,955",$2.69,$2.69,$2.48
11/30/2022,$2.46,"8,779",$2.46,$2.4962,$2.416
11/29/2022,$2.46,"5,521",$2.51,$2.5102,$2.42
11/28/2022,$2.51,"30,797",$2.51,$2.6168,$2.46
11/25/2022,$2.5899,"6,846",$2.59,$2.625,$2.551
11/23/2022,$2.54,"8,667",$2.49,$2.5899,$2.43
11/22/2022,$2.42,"15,771",$2.44,$2.5565,$2.38
11/21/2022,$2.40,"25,786",$2.52,$2.52,$2.40
11/18/2022,$2.51,"25,977",$2.72,$2.72,$2.51
11/17/2022,$2.79,"20,484",$2.79,$2.9199,$2.60
11/16/2022,$2.87,"59,467",$2.96,$3.0398,$2.75
11/15/2022,$2.91,"19,716",$2.95,$3.0749,$2.91
11/14/2022,$2.9699,"45,826",$2.84,$3.02,$2.7801
11/11/2022,$2.77,"31,572",$2.71,$2.8183,$2.61
11/10/2022,$2.7678,"7,331",$2.68,$2.8399,$2.6001
11/09/2022,$2.649,"18,664",$2.77,$2.8506,$2.59
11/08/2022,$2.87,"12,541",$2.74,$2.87,$2.73
11/07/2022,$2.74,"9,262",$2.73,$2.7899,$2.70
11/04/2022,$2.72,"23,223",$2.9378,$2.9378,$2.7101
11/03/2022,$2.83,"7,069",$2.81,$2.9499,$2.81
11/02/2022,$2.85,"8,803",$2.96,$2.96,$2.85
11/01/2022,$2.88,"10,495",$2.92,$3.00,$2.88
10/31/2022,$2.87,"13,651",$2.96,$3.02,$2.8559
10/28/2022,$3.04,"21,147",$3.01,$3.055,$2.7601
10/27/2022,$2.89,"4,849",$3.03,$3.0399,$2.882
10/26/2022,$2.93,"24,135",$2.74,$3.02,$2.67
10/25/2022,$2.78,"14,962",$2.72,$2.93,$2.72
10/24/2022,$2.77,"12,996",$2.81,$2.9576,$2.7114
10/21/2022,$2.85,"29,013",$2.97,$2.99,$2.85
10/20/2022,$2.96,"27,276",$3.09,$3.1575,$2.95
10/19/2022,$3.06,"29,820",$3.26,$3.26,$3.00
10/18/2022,$3.27,"7,538",$3.25,$3.45,$3.21
10/17/2022,$3.25,"6,709",$3.288,$3.30,$3.19
10/14/2022,$3.17,"11,629",$3.28,$3.29,$3.17
10/13/2022,$3.25,"8,318",$3.30,$3.33,$3.21
10/12/2022,$3.28,"4,221",$3.39,$3.39,$3.2582
10/11/2022,$3.27,"15,651",$3.25,$3.44,$3.24
10/10/2022,$3.26,"32,838",$3.38,$3.38,$3.25
10/07/2022,$3.43,"33,745",$3.61,$3.61,$3.32
10/06/2022,$3.62,"26,222",$3.5424,$3.65,$3.5017
10/05/2022,$3.44,"21,945",$3.62,$3.69,$3.3901
10/04/2022,$3.59,"20,310",$3.3201,$3.65,$3.3201
10/03/2022,$3.47,"16,181",$3.43,$3.53,$3.36
09/30/2022,$3.45,"10,919",$3.447,$3.50,$3.39
09/29/2022,$3.45,"12,515",$3.55,$3.60,$3.45
09/28/2022,$3.51,"18,881",$3.26,$3.5734,$3.26
09/27/2022,$3.26,"15,328",$3.16,$3.35,$3.16
09/26/2022,$3.19,"16,053",$3.24,$3.26,$3.1301
09/23/2022,$3.19,"32,662",$3.35,$3.50,$3.11
09/22/2022,$3.46,"12,295",$3.68,$3.70,$3.42
09/21/2022,$3.48,"13,876",$3.72,$3.74,$3.475
09/20/2022,$3.72,"29,257",$3.83,$3.83,$3.64
09/19/2022,$3.86,"18,314",$3.93,$4.04,$3.82
09/16/2022,$3.98,"33,281",$4.06,$4.16,$3.91
09/15/2022,$4.14,"40,774",$4.07,$4.23,$4.07
09/14/2022,$4.05,"60,418",$3.92,$4.17,$3.913
09/13/2022,$3.98,"255,245",$3.83,$4.32,$3.83
09/12/2022,$3.97,"90,422",$3.89,$4.03,$3.8224
09/09/2022,$3.90,"31,333",$3.76,$3.96,$3.76
09/08/2022,$3.76,"29,152",$3.67,$3.90,$3.66
09/07/2022,$3.67,"119,153",$3.86,$4.02,$3.65
09/06/2022,$3.86,"47,872",$3.88,$4.04,$3.8336
09/02/2022,$3.89,"21,819",$3.94,$4.02,$3.865
09/01/2022,$3.90,"137,103",$3.83,$4.02,$3.8192
08/31/2022,$3.85,"77,820",$3.85,$4.0499,$3.811
08/30/2022,$3.81,"122,087",$4.05,$4.06,$3.81
08/29/2022,$4.04,"143,687",$3.85,$4.05,$3.77
08/26/2022,$3.85,"130,442",$4.13,$4.34,$3.80
08/25/2022,$4.08,"125,917",$4.40,$4.46,$4.07
08/24/2022,$4.45,"81,439",$4.32,$4.55,$4.31
08/23/2022,$4.34,"80,165",$4.17,$4.45,$4.17
08/22/2022,$4.21,"196,543",$4.75,$4.83,$4.00
08/19/2022,$4.86,"113,103",$5.11,$5.11,$4.79
08/18/2022,$5.12,"278,839",$5.23,$5.3553,$4.95
08/17/2022,$5.35,"694,817",$5.43,$5.5399,$4.83
08/16/2022,$6.36,"15,913,380",$5.83,$7.20,$5.13
08/15/2022,$4.36,"548,337",$3.80,$4.54,$3.645
08/12/2022,$3.79,"349,965",$4.17,$4.44,$3.77
08/11/2022,$3.72,"136,083",$4.03,$4.03,$3.61
08/10/2022,$4.0001,"599,777",$3.80,$4.8999,$3.6098
08/09/2022,$4.0513,"163,256",$4.8673,$4.9948,$3.8983
08/08/2022,$5.3067,"28,441",$5.8497,$5.8497,$5.2497
08/05/2022,$5.6547,"20,726",$5.5287,$5.6997,$5.2512
08/04/2022,$5.6997,"32,764",$5.6247,$5.6997,$5.2497
08/03/2022,$5.5497,"18,387",$5.3547,$5.5797,$5.2497
08/02/2022,$5.2812,"20,418",$5.2962,$5.5497,$5.0997
08/01/2022,$5.2962,"11,447",$5.4342,$5.4357,$5.1417
07/29/2022,$5.1012,"20,186",$5.3697,$5.3697,$4.9648
07/28/2022,$5.3382,"11,803",$5.3937,$5.3982,$5.0997
07/27/2022,$5.2452,"5,795",$5.2797,$5.5407,$5.0262
07/26/2022,$5.1342,"11,053",$5.2497,$5.5497,$5.1297
07/25/2022,$5.3082,"9,091",$5.5722,$5.6487,$5.0997
07/22/2022,$5.3802,"11,377",$5.3112,$5.6997,$5.2542
07/21/2022,$5.4762,"11,887",$5.3622,$5.5497,$5.0997
07/20/2022,$5.2122,"17,754",$4.9498,$5.3997,$4.9498
07/19/2022,$5.0142,"17,957",$4.9348,$5.2796,$4.7953
07/18/2022,$4.9348,"7,018",$5.2032,$5.285,$4.9348
07/15/2022,$5.0997,"15,745",$5.3667,$5.3667,$4.9438
07/14/2022,$5.1012,"21,149",$4.8868,$5.3997,$4.8148
07/13/2022,$5.0247,"11,558",$5.2497,$5.3772,$5.0157
07/12/2022,$5.3772,"23,595",$5.0997,$5.8497,$4.9198
07/11/2022,$5.2287,"28,481",$5.0997,$5.2347,$4.8553
07/08/2022,$4.9513,"19,757",$4.9498,$5.0997,$4.6648
07/07/2022,$4.9123,"26,576",$4.6633,$4.9498,$4.6513
07/06/2022,$4.5343,"9,047",$4.7878,$4.7983,$4.5013
07/05/2022,$4.5343,"27,300",$4.4998,$4.8613,$4.4022
07/01/2022,$4.6498,"13,696",$4.7308,$4.7998,$4.5238
06/30/2022,$4.7518,"33,168",$4.6558,$4.8913,$4.2088
06/29/2022,$4.6618,"32,683",$4.8013,$5.0967,$4.4983
06/28/2022,$4.6873,"16,348",$4.8748,$5.0982,$4.6498
06/27/2022,$4.8613,"76,677",$4.9423,$5.3952,$4.8088
06/24/2022,$4.8898,"24,227",$4.8598,$4.9873,$4.7023
06/23/2022,$4.7008,"12,926",$4.6663,$4.7968,$4.5748
06/22/2022,$4.6648,"29,016",$4.4998,$4.9198,$4.4998
06/21/2022,$4.7848,"64,226",$4.5148,$5.1732,$4.4698
06/17/2022,$4.6903,"26,252",$4.7998,$4.8733,$4.5148
06/16/2022,$4.8028,"28,197",$4.7248,$5.0007,$4.5148
06/15/2022,$4.7428,"17,106",$4.8223,$5.4297,$4.7188
06/14/2022,$4.8298,"8,885",$4.9558,$4.9843,$4.7848
06/13/2022,$4.9858,"17,562",$5.2497,$5.2512,$4.9678
06/10/2022,$5.4717,"13,236",$5.6997,$5.8107,$5.2992
06/09/2022,$5.5707,"15,978",$5.7777,$5.8497,$5.57
06/08/2022,$5.6997,"26,582",$5.8497,$5.9022,$5.4492
06/07/2022,$5.7342,"19,683",$5.6427,$5.9472,$5.3997
06/06/2022,$5.5197,"14,614",$5.3997,$5.6757,$5.2497
06/03/2022,$5.3847,"9,409",$5.1672,$5.5032,$5.0547
06/02/2022,$5.3202,"9,441",$5.0682,$5.3217,$5.0517
06/01/2022,$5.0667,"22,195",$5.0982,$5.1732,$5.0022
05/31/2022,$4.9648,"14,289",$4.9498,$5.3698,$4.9498
05/27/2022,$5.1672,"19,321",$5.0997,$5.2482,$5.0397
05/26/2022,$5.0232,"24,656",$5.1162,$5.2482,$4.9348
05/25/2022,$5.0082,"17,083",$4.9498,$5.1267,$4.9153
05/24/2022,$4.9168,"11,117",$5.0997,$5.1972,$4.8493
05/23/2022,$5.0547,"6,268",$4.8493,$5.2032,$4.8493
05/20/2022,$4.9618,"15,245",$5.1657,$5.3997,$4.9543
05/19/2022,$4.9498,"12,965",$4.9018,$5.2017,$4.7998
05/18/2022,$4.8748,"12,149",$5.0502,$5.2122,$4.7998
05/17/2022,$4.9588,"15,741",$4.7998,$5.1747,$4.7998
05/16/2022,$4.8238,"18,968",$4.9903,$5.2497,$4.6543
05/13/2022,$4.9573,"23,610",$4.9498,$5.1312,$4.6378
05/12/2022,$4.9573,"55,010",$4.7398,$4.982,$4.4998
05/11/2022,$4.6033,"18,512",$4.7278,$4.9648,$4.5448
05/10/2022,$4.8733,"16,846",$5.0997,$5.2467,$4.6498
05/09/2022,$4.7398,"30,008",$5.2947,$5.384,$4.7248
05/06/2022,$5.3937,"27,885",$5.6772,$5.6772,$5.3247
05/05/2022,$5.8407,"16,929",$5.9697,$5.9697,$5.6247
05/04/2022,$5.9172,"21,792",$5.7012,$5.9487,$5.7012
05/03/2022,$5.7897,"22,178",$5.8497,$5.9697,$5.6472
05/02/2022,$5.7807,"12,865",$5.5947,$5.8497,$5.5947
04/29/2022,$5.7237,"11,840",$5.8467,$6.0282,$5.6397
04/28/2022,$5.9982,"93,268",$5.6997,$6.2997,$5.4297
04/27/2022,$5.7252,"37,310",$5.3997,$5.8497,$5.3997
04/26/2022,$5.6097,"27,043",$5.6112,$5.8482,$5.4297
04/25/2022,$5.6112,"20,947",$5.3247,$5.6997,$5.2497
04/22/2022,$5.5152,"28,048",$5.6127,$5.6247,$5.3262
04/21/2022,$5.6247,"106,615",$5.8002,$6.0582,$5.2992
04/20/2022,$6.0147,"32,141",$6.1047,$6.2247,$5.8512
04/19/2022,$6.1062,"54,703",$5.8827,$6.3745,$5.7297
04/18/2022,$5.8827,"218,915",$6.3747,$7.0496,$5.5677
04/14/2022,$6.4497,"230,013",$6.7497,$6.9747,$6.1497
04/13/2022,$7.5836,"3,707,263",$8.6996,$11.0739,$7.0871
04/12/2022,$6.2997,"46,127",$6.4497,$6.5667,$6.0177
04/11/2022,$6.5367,"21,743",$6.7497,$6.7497,$6.3747
04/08/2022,$6.5007,"10,683",$6.4812,$6.8997,$6.4497
04/07/2022,$6.4647,"27,444",$6.5997,$7.0496,$6.4647
04/06/2022,$6.7497,"37,874",$7.1996,$7.1996,$6.1497
04/05/2022,$7.0811,"22,325",$7.4021,$7.4021,$6.8547
04/04/2022,$7.0496,"29,773",$6.7602,$7.1996,$6.7497
04/01/2022,$6.8262,"76,838",$6.7497,$7.4246,$6.4512
03/31/2022,$6.7497,"12,877",$6.8847,$7.0481,$6.7497
03/30/2022,$6.8502,"21,755",$6.9897,$7.3496,$6.7512
03/29/2022,$6.8712,"23,425",$6.7497,$7.1246,$6.7047
03/28/2022,$6.6072,"30,275",$6.8997,$7.1246,$6.4782
03/25/2022,$7.1306,"68,938",$7.4996,$7.8656,$6.8997
03/24/2022,$7.4996,"104,760",$6.9747,$7.6496,$6.7587
03/23/2022,$6.5337,"24,017",$6.3747,$6.7032,$6.0072
03/22/2022,$6.3027,"30,623",$6.4497,$6.5967,$6.0552
03/21/2022,$6.0387,"43,569",$5.9997,$6.2997,$5.8647
03/18/2022,$5.6292,"35,071",$6.2472,$6.4977,$5.6292
03/17/2022,$6.0957,"15,421",$6.0342,$6.2997,$6.0057
03/16/2022,$5.9157,"18,778",$5.8512,$6.4347,$5.8512
03/15/2022,$5.9997,"18,985",$5.6997,$6.4452,$5.6997
03/14/2022,$5.8272,"13,979",$5.9997,$6.1497,$5.7447
03/11/2022,$6.1527,"14,848",$6.1902,$6.2997,$6.0147
03/10/2022,$6.3822,"18,061",$6.4197,$6.4497,$6.1512
03/09/2022,$6.4242,"151,680",$6.5847,$6.7272,$6.1572
03/08/2022,$6.1647,"46,375",$5.7732,$6.5817,$5.6067
03/07/2022,$5.9592,"26,387",$6.0687,$6.1617,$5.6997
03/04/2022,$5.8557,"33,831",$6.4497,$6.5847,$5.8497
03/03/2022,$6.5697,"34,835",$6.6897,$6.8832,$6.2247
03/02/2022,$6.7722,"79,990",$6.2997,$7.0318,$6.0012
03/01/2022,$5.9247,"19,490",$5.8527,$6.2832,$5.8497
02/28/2022,$5.9592,"16,389",$5.7267,$6.0342,$5.6997
02/25/2022,$5.8422,"14,197",$5.6157,$5.8497,$5.5797
02/24/2022,$5.6697,"42,284",$5.0997,$5.6772,$5.0997
02/23/2022,$5.6382,"13,132",$5.5977,$5.7732,$5.5722
02/22/2022,$5.6922,"19,292",$5.9472,$5.9997,$5.6247
02/18/2022,$5.9022,"21,742",$5.9997,$6.3582,$5.8497
02/17/2022,$6.0477,"20,111",$5.9247,$6.2247,$5.9067
02/16/2022,$6.0747,"14,571",$5.9997,$6.0747,$5.8212
02/15/2022,$5.8137,"18,328",$5.8497,$5.9157,$5.6997
02/14/2022,$5.7762,"19,743",$5.8542,$5.9712,$5.7042
02/11/2022,$5.8707,"35,582",$6.2982,$6.2982,$5.6262
02/10/2022,$6.3282,"50,859",$6.1497,$6.4782,$6.0987
02/09/2022,$6.3747,"12,325",$6.5697,$6.5697,$6.2172
02/08/2022,$6.2622,"11,059",$6.3747,$6.3747,$6.0312
02/07/2022,$6.3702,"13,239",$6.2997,$6.4317,$6.1662
02/04/2022,$6.1497,"10,190",$5.9517,$6.1557,$5.9247
02/03/2022,$6.0912,"24,462",$5.9997,$6.2997,$5.9082
02/02/2022,$6.3747,"38,458",$6.2997,$6.5787,$5.8647
02/01/2022,$6.2112,"24,588",$6.5997,$6.5997,$6.1797
01/31/2022,$6.2997,"34,764",$5.8527,$6.4812,$5.8512
01/28/2022,$5.8527,"44,729",$5.5857,$5.9997,$5.3262
01/27/2022,$5.5497,"41,338",$6.1242,$6.2247,$5.4552
01/26/2022,$6.1197,"23,282",$6.2997,$6.2997,$5.8497
01/25/2022,$6.0732,"28,297",$5.6997,$6.1482,$5.6997
01/24/2022,$5.8167,"78,954",$5.5497,$5.8497,$5.2497
01/21/2022,$5.9157,"45,923",$6.0177,$6.2997,$5.7027
01/20/2022,$6.3762,"44,541",$6.5997,$6.5997,$6.1467
01/19/2022,$6.5232,"41,767",$6.2997,$6.5397,$6.0072
01/18/2022,$6.3717,"25,816",$6.4992,$6.5997,$6.2247
01/14/2022,$6.5997,"49,971",$6.4122,$6.7032,$6.1497
01/13/2022,$6.4512,"70,929",$7.1996,$7.1996,$6.4212
01/12/2022,$7.1291,"51,069",$7.0496,$7.2236,$6.7197
01/11/2022,$7.0646,"71,804",$7.1996,$7.4036,$6.8997
01/10/2022,$6.8982,"71,017",$7.4831,$7.4831,$6.6732
01/07/2022,$7.4981,"61,793",$7.6496,$7.7981,$7.3496
01/06/2022,$7.7471,"44,089",$7.7546,$8.1731,$7.5146
01/05/2022,$7.7966,"30,076",$8.0996,$8.3831,$7.6796
01/04/2022,$8.2856,"27,850",$8.6996,$8.6996,$8.2496
01/03/2022,$8.5301,"41,616",$7.8221,$8.5496,$7.7996
12/31/2021,$7.7846,"45,688",$8.0996,$8.2481,$7.6646
12/30/2021,$8.0606,"59,867",$7.6496,$8.2496,$7.6496
12/29/2021,$7.8746,"67,799",$8.2496,$8.2496,$7.6811
12/28/2021,$8.4506,"43,407",$8.8496,$8.9981,$8.3996
12/27/2021,$8.7776,"49,149",$9.001,$9.2995,$8.7761
12/23/2021,$9.079,"28,834",$8.7101,$9.2845,$8.6996
12/22/2021,$9.1345,"39,613",$8.7746,$9.223,$8.7131
12/21/2021,$8.9591,"59,147",$8.4191,$9.298,$8.4191
12/20/2021,$8.7131,"40,663",$8.4146,$8.7746,$8.3411
12/17/2021,$8.7746,"31,414",$8.3711,$8.8481,$8.1611
12/16/2021,$8.4791,"44,272",$8.8496,$8.8496,$8.4746
12/15/2021,$8.6561,"42,304",$8.5496,$8.8481,$8.0831
12/14/2021,$8.5946,"55,988",$8.9621,$8.9771,$8.3366
12/13/2021,$8.9501,"49,475",$9.373,$9.40,$8.7221
12/10/2021,$9.40,"82,731",$9.382,$9.8995,$9.0145
12/09/2021,$9.1375,"52,181",$9.7495,$9.7495,$9.0235
12/08/2021,$9.748,"40,787",$9.4675,$10.1965,$9.2995
12/07/2021,$9.5635,"61,444",$9.274,$9.682,$9.0145
12/06/2021,$8.9981,"149,407",$8.0996,$9.433,$7.9586
12/03/2021,$8.4941,"72,523",$9.2155,$9.433,$8.2796
12/02/2021,$9.1975,"69,820",$8.9726,$9.259,$8.7221
12/01/2021,$8.9396,"109,217",$9.5695,$9.8245,$8.7086
11/30/2021,$9.4495,"104,684",$10.018,$10.0502,$9.1495
11/29/2021,$9.922,"127,378",$11.2494,$11.2494,$9.8545
11/26/2021,$10.663,"81,232",$10.4995,$10.9495,$10.201
11/24/2021,$10.813,"195,153",$10.6495,$11.5494,$9.7795
11/23/2021,$10.8145,"103,987",$10.7995,$11.3994,$10.6495
11/22/2021,$10.7095,"140,447",$11.3244,$11.3994,$10.6495
11/19/2021,$11.5839,"95,397",$11.8494,$12.1629,$11.2494
11/18/2021,$12.0324,"276,261",$12.4494,$12.8994,$11.8494
11/17/2021,$12.8814,"309,370",$12.8994,$14.0723,$12.3144
11/16/2021,$12.3594,"141,227",$12.3894,$12.7494,$11.9994
11/15/2021,$12.7824,"165,445",$13.0493,$13.3493,$12.4644
11/12/2021,$13.2923,"159,779",$13.1993,$13.7993,$13.0493
11/11/2021,$13.0493,"578,826",$13.7993,$13.8008,$11.4519
11/10/2021,$14.0993,"255,909",$13.7993,$14.8493,$13.6493
11/09/2021,$14.4293,"441,679",$15.2992,$15.4492,$14.2493
11/08/2021,$16.1992,"586,946",$16.0492,$16.4992,$15.1492
11/05/2021,$17.2491,"1,455,636",$16.1992,$17.2491,$14.9993
11/04/2021,$17.5491,"6,047,123",$18.8991,$19.649,$16.3492
11/03/2021,$15.4492,"1,358,197",$13.9493,$16.0492,$13.1168
11/02/2021,$14.9978,"3,332,613",$14.8493,$15.8992,$13.4993
11/01/2021,$13.0493,"16,935,873",$17.5491,$19.799,$13.0163
10/29/2021,$10.7335,"9,515",$10.7995,$11.0874,$10.63
10/28/2021,$11.0889,"12,004",$10.7695,$11.0994,$10.5925
10/27/2021,$11.0619,"11,402",$11.0769,$11.1744,$10.6495
10/26/2021,$11.1669,"26,787",$10.6105,$11.2494,$10.351
10/25/2021,$10.6285,"29,803",$10.885,$10.9465,$10.3495
10/22/2021,$11.0979,"16,473",$10.9825,$11.2494,$10.6795
10/21/2021,$11.2479,"5,417",$11.2104,$11.3994,$11.0664
10/20/2021,$11.0994,"36,006",$11.8914,$11.8944,$10.774
10/19/2021,$11.6979,"33,341",$11.3994,$11.9694,$10.993
10/18/2021,$11.5464,"6,573",$11.5494,$11.5509,$11.2509
10/15/2021,$11.4744,"7,619",$11.6994,$11.6994,$11.2635
10/14/2021,$11.6709,"12,579",$11.0799,$11.7174,$11.0799
10/13/2021,$11.2464,"10,420",$10.9495,$11.2464,$10.7665
10/12/2021,$11.0889,"5,876",$11.0544,$11.2494,$10.7275
10/11/2021,$11.0544,"5,734",$10.9495,$11.1729,$10.7995
10/08/2021,$11.0919,"7,717",$11.3994,$11.3994,$10.894
10/07/2021,$11.2344,"7,698",$10.8565,$11.2494,$10.7995
10/06/2021,$10.9135,"14,823",$10.726,$11.0859,$10.726
10/05/2021,$11.1369,"8,875",$10.9495,$11.3994,$10.8745
10/04/2021,$11.0994,"17,107",$11.6544,$11.7174,$10.9795
10/01/2021,$11.6994,"15,113",$11.8509,$12.1479,$11.6499
09/30/2021,$11.8569,"13,335",$11.7159,$11.9994,$11.6994
09/29/2021,$11.7144,"11,816",$11.7744,$12.2154,$11.6994
09/28/2021,$11.9244,"14,836",$12.2994,$12.2994,$11.7744
09/27/2021,$12.2994,"11,151",$12.2994,$12.2994,$11.9594
09/24/2021,$12.1794,"12,519",$12.5994,$12.5994,$11.8944
09/23/2021,$12.5994,"11,251",$12.6744,$12.6744,$12.1944
09/22/2021,$12.6744,"6,505",$12.1494,$12.7344,$12.0069
09/21/2021,$12.2844,"6,102",$12.2994,$12.6744,$12.0744
09/20/2021,$12.4494,"15,729",$12.0099,$12.7239,$11.9859
09/17/2021,$12.7494,"22,362",$12.6654,$12.8994,$12.3129
09/16/2021,$12.1014,"14,579",$11.8494,$12.1509,$11.6994
09/15/2021,$12.3744,"6,227",$12.5994,$12.7494,$12.1824
09/14/2021,$12.5934,"10,964",$12.8994,$13.0478,$12.4494
09/13/2021,$13.1093,"8,464",$13.3493,$13.3538,$12.9219
09/10/2021,$13.3478,"25,235",$13.1843,$13.4228,$12.8994
09/09/2021,$13.1993,"5,469",$13.0493,$13.3433,$13.0493
09/08/2021,$13.3493,"10,529",$13.9493,$13.9493,$13.2008
09/07/2021,$13.8593,"12,107",$13.9343,$14.2493,$13.6493
09/03/2021,$13.7243,"11,194",$14.2478,$14.3993,$13.5143
09/02/2021,$14.1473,"9,010",$14.2493,$14.3993,$13.9568
09/01/2021,$14.3243,"9,185",$14.2253,$14.5493,$13.9493
08/31/2021,$13.6628,"12,245",$13.7228,$14.2493,$13.6628
08/30/2021,$13.9493,"14,554",$14.5493,$14.6993,$13.7093
08/27/2021,$14.7008,"9,054",$14.3078,$14.9093,$14.1893
08/26/2021,$14.2493,"6,979",$13.8773,$14.3363,$13.7993
08/25/2021,$13.9193,"15,464",$13.9493,$14.1743,$13.7018
08/24/2021,$13.7018,"23,633",$13.3493,$14.2253,$13.3493
08/23/2021,$13.5008,"34,505",$13.4093,$13.7993,$13.1993
08/20/2021,$13.3028,"36,822",$13.0493,$13.4993,$12.8244
08/19/2021,$13.3328,"68,208",$13.0043,$13.8593,$12.4509
08/18/2021,$13.0193,"22,457",$12.3744,$13.3493,$11.9994
08/17/2021,$12.0444,"55,901",$12.2994,$12.4494,$11.6994
08/16/2021,$12.2079,"21,091",$12.5994,$13.0493,$11.8494
08/13/2021,$13.0193,"14,129",$13.1093,$13.6313,$12.8994
08/12/2021,$13.1258,"18,401",$13.8608,$13.8608,$12.8379
08/11/2021,$13.7228,"15,056",$13.9478,$13.9478,$13.4993
08/10/2021,$13.6643,"24,691",$13.7993,$14.3168,$13.5248
08/09/2021,$14.2493,"12,762",$14.3723,$14.3963,$14.0993
08/06/2021,$14.2523,"11,873",$14.2088,$14.3993,$14.0693
08/05/2021,$14.1008,"11,745",$14.1308,$14.3993,$13.7993
08/04/2021,$14.3948,"39,782",$13.7993,$14.7593,$13.7093
08/03/2021,$14.0978,"16,564",$14.2493,$14.6198,$13.7993
08/02/2021,$14.3993,"34,491",$14.9993,$15.5992,$14.2643
07/30/2021,$14.9933,"18,925",$15.2992,$15.4492,$14.6993
07/29/2021,$15.4492,"23,880",$15.7492,$15.8992,$15.2992
07/28/2021,$15.7492,"205,334",$14.9993,$17.2431,$14.9993
07/27/2021,$15.4492,"14,024",$15.7492,$15.7492,$14.9993
07/26/2021,$15.4492,"18,477",$14.6993,$15.7492,$14.4593
07/23/2021,$15.1492,"15,121",$15.7492,$15.7492,$14.9993
07/22/2021,$15.7492,"16,155",$15.7492,$16.4992,$15.4492
07/21/2021,$15.5992,"7,401",$15.2992,$15.7492,$15.2992
07/20/2021,$15.2992,"15,890",$15.2992,$15.7492,$14.7173
07/19/2021,$15.2992,"16,189",$14.9843,$15.5992,$14.2674
07/16/2021,$14.9993,"12,778",$15.1492,$15.4492,$14.9993
07/15/2021,$15.4492,"13,632",$15.5992,$15.8782,$15.1492
07/14/2021,$15.5992,"23,797",$16.4992,$16.6492,$15.4492
07/13/2021,$16.0492,"15,811",$16.7992,$16.9492,$15.8242
07/12/2021,$16.4992,"21,856",$17.0991,$17.2491,$16.3492
07/09/2021,$16.7992,"19,591",$16.0492,$16.7992,$15.8992
07/08/2021,$15.7492,"31,668",$14.9993,$16.4992,$14.5493
07/07/2021,$16.0492,"45,643",$17.5491,$17.6091,$15.7492
07/06/2021,$17.5491,"27,354",$17.2491,$17.7741,$17.0991
07/02/2021,$17.3991,"36,686",$17.3991,$17.5491,$16.7992
07/01/2021,$17.2491,"33,310",$17.6991,$17.8491,$17.2491
06/30/2021,$17.8491,"33,594",$18.1491,$18.2976,$17.3991
06/29/2021,$18.1491,"18,900",$18.7491,$18.8991,$17.9991
06/28/2021,$18.7491,"20,436",$18.8991,$19.322,$18.2991
06/25/2021,$18.8991,"26,766",$18.7491,$18.8991,$17.8491
06/24/2021,$18.7491,"53,404",$17.9991,$18.8991,$17.8491
06/23/2021,$17.8491,"33,663",$17.6991,$17.9991,$17.3991
06/22/2021,$17.5491,"35,161",$17.5491,$17.6991,$16.9492
06/21/2021,$17.3991,"39,258",$17.5491,$17.5491,$16.9492
06/18/2021,$17.6991,"33,809",$17.9991,$18.2991,$17.2491
06/17/2021,$18.4491,"27,722",$17.6991,$18.4491,$17.5506
06/16/2021,$17.6991,"61,236",$17.3991,$17.9991,$17.0991
06/15/2021,$17.5491,"31,588",$18.2991,$18.3291,$17.5491
06/14/2021,$18.1491,"26,537",$18.5991,$18.8991,$18.1491
06/11/2021,$18.4491,"22,061",$17.9991,$18.7491,$17.9991
06/10/2021,$17.9991,"45,902",$18.8991,$19.199,$17.8491
06/09/2021,$18.8991,"37,780",$19.349,$19.949,$18.8991
06/08/2021,$19.049,"37,361",$19.349,$19.9475,$18.5991
06/07/2021,$19.349,"62,580",$17.9991,$19.649,$17.9991
06/04/2021,$17.8491,"45,014",$17.5491,$18.7491,$17.5491
06/03/2021,$17.8491,"58,975",$17.9991,$18.4491,$17.4741
06/02/2021,$18.2991,"41,390",$18.4491,$18.9141,$18.1491
06/01/2021,$18.4491,"31,053",$18.4491,$18.5991,$17.6991
05/28/2021,$18.5991,"55,477",$18.5991,$19.049,$17.9991
05/27/2021,$18.4491,"30,846",$18.2991,$18.7491,$17.8491
05/26/2021,$17.8491,"28,321",$17.8491,$18.2991,$17.3991
05/25/2021,$17.5491,"18,012",$17.8491,$18.0741,$17.3991
05/24/2021,$17.6991,"20,135",$17.8491,$18.2871,$17.2701
05/21/2021,$17.8491,"21,275",$18.2991,$18.7491,$17.6241
05/20/2021,$18.1491,"17,635",$17.6991,$18.2991,$17.3991
05/19/2021,$17.5491,"17,271",$18.1491,$18.1491,$17.2491
05/18/2021,$17.9991,"22,225",$17.8491,$18.4491,$17.3241
05/17/2021,$18.1491,"27,192",$16.7992,$18.4491,$16.7992
05/14/2021,$16.6492,"23,761",$16.7992,$17.4381,$16.4242
05/13/2021,$16.9492,"49,303",$17.0991,$18.2526,$16.1992
05/12/2021,$17.0991,"32,294",$18.1491,$18.2991,$16.9492
05/11/2021,$18.4491,"72,750",$16.6492,$19.199,$16.3492
05/10/2021,$17.2491,"35,457",$18.7731,$18.7731,$17.2491
05/07/2021,$18.7491,"24,891",$18.8991,$19.349,$18.2991
05/06/2021,$18.7491,"39,101",$19.499,$19.799,$18.2991
05/05/2021,$19.499,"63,821",$19.049,$20.699,$18.7506
05/04/2021,$19.349,"41,217",$19.949,$20.249,$18.5991
05/03/2021,$20.549,"36,803",$19.499,$20.9989,$19.499
04/30/2021,$19.799,"17,601",$19.649,$20.399,$19.499
04/29/2021,$19.949,"26,875",$21.1489,$21.1489,$19.649
04/28/2021,$20.849,"30,004",$20.099,$20.9989,$20.024
04/27/2021,$20.399,"42,542",$20.699,$21.5989,$20.099
04/26/2021,$20.099,"46,477",$19.049,$21.4489,$18.9141
04/23/2021,$19.349,"39,086",$19.199,$20.099,$18.5991
04/22/2021,$19.124,"53,000",$17.5491,$19.499,$17.5491
04/21/2021,$17.5491,"39,186",$16.6492,$18.2991,$16.6492
04/20/2021,$17.0991,"47,341",$17.8491,$18.1491,$16.6492
04/19/2021,$18.8991,"198,421",$18.1491,$20.249,$17.0241
04/16/2021,$17.3991,"78,332",$16.4992,$17.4741,$15.7492
04/15/2021,$16.9492,"103,392",$17.9991,$19.199,$16.8742
04/14/2021,$19.049,"88,048",$20.549,$21.3739,$18.8991
04/13/2021,$21.5989,"56,375",$19.949,$21.5989,$19.499
04/12/2021,$20.699,"78,718",$22.6489,$23.0988,$20.399
04/09/2021,$22.7989,"26,106",$23.0988,$23.6493,$22.4989
04/08/2021,$23.6988,"30,785",$22.9489,$23.9988,$22.4989
04/07/2021,$23.2488,"32,062",$23.6988,$24.1488,$22.7989
04/06/2021,$24.1488,"23,615",$25.0487,$25.0487,$23.6238
04/05/2021,$24.1488,"42,423",$26.2487,$26.3987,$23.5488
04/01/2021,$25.1987,"41,772",$24.5988,$25.7987,$24.5988
03/31/2021,$24.4488,"74,235",$23.0988,$25.3487,$23.0988
03/30/2021,$23.3988,"84,850",$24.4488,$24.8988,$22.7989
03/29/2021,$23.9988,"37,837",$25.7987,$25.7987,$23.6988
03/26/2021,$25.0487,"37,797",$25.9487,$26.6987,$24.7488
03/25/2021,$26.0987,"84,144",$24.1488,$26.6987,$22.6489
03/24/2021,$25.6487,"61,157",$27.4486,$27.4486,$25.4987
03/23/2021,$25.7987,"100,181",$28.4986,$29.0985,$25.4987
03/22/2021,$28.6486,"131,024",$30.8985,$31.4984,$28.6486
03/19/2021,$30.5985,"344,629",$29.6985,$32.6984,$29.2485
03/18/2021,$29.2485,"92,402",$31.6484,$31.6484,$29.2485
03/17/2021,$30.7485,"83,830",$28.4986,$32.5484,$28.3501
03/16/2021,$29.8485,"76,030",$31.1984,$31.3484,$28.4986
03/15/2021,$31.7984,"123,436",$29.9985,$32.2484,$29.6985
03/12/2021,$29.5485,"132,607",$30.5985,$31.3484,$29.3985
03/11/2021,$31.9484,"344,224",$31.0484,$34.7983,$28.7986
03/10/2021,$31.1984,"1,073,619",$33.1483,$38.998,$28.7986
03/09/2021,$27.8986,"248,712",$23.8488,$31.4984,$23.6238
03/08/2021,$22.7989,"74,938",$22.9489,$24.8988,$22.4989
03/05/2021,$22.7989,"121,753",$23.2488,$23.9988,$19.349
03/04/2021,$23.3988,"214,545",$26.9987,$27.1486,$21.2989
03/03/2021,$26.5487,"166,654",$30.8985,$30.8985,$26.5487
03/02/2021,$29.9985,"121,369",$32.5484,$33.2983,$29.9985
03/01/2021,$31.9484,"174,444",$28.9486,$34.4983,$28.4986
02/26/2021,$27.5986,"117,600",$29.0985,$30.5985,$27.4486
02/25/2021,$29.2485,"141,195",$32.8484,$33.8983,$28.6486
02/24/2021,$32.8484,"125,741",$32.6984,$34.6483,$32.3984
02/23/2021,$31.1984,"297,326",$29.8485,$32.8484,$26.3987
02/22/2021,$33.2983,"251,506",$34.3483,$37.0076,$32.9984
02/19/2021,$35.8482,"354,459",$37.4981,$38.6981,$33.8983
02/18/2021,$38.5481,"308,038",$41.8479,$43.3478,$38.2481
02/17/2021,$44.6978,"1,218,282",$43.6478,$45.4477,$38.0981
02/16/2021,$39.148,"1,089,579",$40.048,$44.5478,$37.7981
02/12/2021,$39.898,"16,852,336",$43.1978,$55.0472,$37.4981
02/11/2021,$24.4488,"767,406",$28.8046,$30.2985,$23.4003
02/10/2021,$27.2986,"1,751,600",$22.6489,$31.9484,$22.4989
02/09/2021,$21.5989,"462,260",$20.249,$23.5488,$19.799
02/08/2021,$19.199,"327,655",$17.9991,$20.699,$17.6991
02/05/2021,$17.6991,"245,487",$18.1491,$18.4491,$17.2491
02/04/2021,$18.5991,"275,193",$19.649,$19.799,$18.4491
02/03/2021,$19.199,"764,803",$19.769,$21.2989,$18.8991
02/02/2021,$18.7491,"4,459,156",$25.7987,$25.9487,$18.4491
02/01/2021,$15.5992,"157,046",$14.9993,$15.7492,$14.2704
01/29/2021,$14.3633,"94,208",$14.5478,$15.2992,$13.4993
01/28/2021,$13.5008,"184,106",$14.2493,$14.8493,$13.1993
01/27/2021,$14.6993,"136,165",$14.9993,$15.4492,$14.4158
01/26/2021,$15.8992,"144,828",$16.9492,$17.0991,$15.5992
01/25/2021,$17.0991,"262,908",$17.6991,$18.4491,$15.5992
01/22/2021,$17.0991,"387,697",$15.4492,$17.8491,$15.4267
01/21/2021,$15.1492,"97,364",$15.2992,$15.5542,$14.4053
01/20/2021,$14.8478,"132,777",$14.6993,$15.5992,$14.0663
01/19/2021,$14.0258,"163,515",$14.4068,$14.6828,$13.5098
01/15/2021,$14.5478,"143,925",$15.4492,$15.7492,$14.1143
01/14/2021,$15.1492,"179,957",$14.3993,$15.7492,$14.3243
01/13/2021,$14.9993,"329,906",$14.2493,$15.8092,$13.7993
01/12/2021,$14.4518,"122,331",$14.2628,$14.8478,$14.0993
01/11/2021,$15.2992,"283,060",$14.8493,$15.2992,$13.1993
01/08/2021,$15.7492,"523,351",$16.9492,$18.5991,$14.9993
01/07/2021,$14.9993,"526,856",$14.9993,$16.4992,$13.8743
01/06/2021,$13.2863,"642,357",$13.1993,$15.7492,$12.6159
01/05/2021,$12.8994,"161,623",$12.2994,$12.8994,$11.8494
01/04/2021,$12.5244,"369,692",$11.3544,$13.0493,$11.1894
12/31/2020,$10.9495,"209,426",$10.6495,$11.3994,$10.0495
12/30/2020,$10.483,"187,115",$9.7525,$10.7995,$9.5995
12/29/2020,$9.5935,"54,328",$9.7495,$9.7495,$9.301
12/28/2020,$9.5275,"99,402",$9.70,$10.3495,$9.4495
12/24/2020,$9.73,"93,305",$10.5745,$10.5745,$9.2995
12/23/2020,$9.9145,"339,066",$9.3685,$11.2269,$9.2995
12/22/2020,$9.3648,"34,182",$9.2995,$9.448,$9.0745
12/21/2020,$9.4495,"71,777",$8.8496,$9.886,$8.7821
12/18/2020,$9.082,"95,704",$9.4495,$9.478,$8.3996
12/17/2020,$9.2395,"103,084",$9.7495,$9.8995,$9.052
12/16/2020,$9.754,"53,401",$9.9955,$10.0495,$9.6445
12/15/2020,$9.856,"137,512",$9.8995,$10.2175,$9.472
12/14/2020,$9.8995,"89,974",$9.6445,$10.0345,$9.2995
12/11/2020,$9.2245,"88,718",$9.8995,$10.048,$9.151
12/10/2020,$9.6835,"287,003",$9.6835,$10.6045,$9.4645
12/09/2020,$10.15,"442,921",$9.5905,$10.7995,$9.0295
12/08/2020,$9.088,"61,996",$9.4195,$9.4495,$8.9995
12/07/2020,$9.2995,"95,383",$9.2995,$9.4495,$8.8496
12/04/2020,$9.052,"157,197",$9.4495,$10.0045,$9.0505
12/03/2020,$9.2995,"292,534",$10.0495,$10.0495,$8.8646
12/02/2020,$9.8545,"412,088",$8.5181,$10.0345,$8.2496
12/01/2020,$8.5181,"92,346",$8.9966,$8.9995,$8.3336
11/30/2020,$9.214,"179,353",$9.2995,$9.2995,$8.0696
11/27/2020,$8.9995,"140,007",$8.4596,$9.2245,$8.2646
11/25/2020,$8.4731,"64,659",$8.3996,$8.5496,$8.2646
11/24/2020,$8.3321,"126,980",$8.8496,$8.8496,$8.2646
11/23/2020,$8.6546,"229,020",$8.5496,$8.6996,$7.6511
11/20/2020,$8.9696,"1,084,234",$10.7245,$11.2494,$8.7371
11/19/2020,$8.7371,"213,141",$8.5481,$9.2095,$8.4446
11/18/2020,$8.2331,"62,771",$7.9496,$8.2346,$7.6046
11/17/2020,$7.8446,"49,754",$8.5496,$8.5496,$7.6663
11/16/2020,$8.1146,"114,584",$7.7906,$8.6246,$7.7246
11/13/2020,$7.8011,"25,285",$7.8746,$8.0396,$7.6511
11/12/2020,$7.9301,"50,192",$7.5071,$8.2496,$7.4996
11/11/2020,$7.7995,"28,758",$7.7246,$7.8746,$7.5071
11/10/2020,$7.6496,"49,637",$7.5086,$7.7996,$7.3511
11/09/2020,$7.8701,"105,904",$8.6246,$8.9051,$7.7036
11/06/2020,$8.4176,"211,472",$7.5161,$8.6831,$7.2311
11/05/2020,$7.3106,"62,949",$7.7996,$8.0666,$7.2746
11/04/2020,$7.7996,"56,294",$7.7396,$8.2496,$7.6496
11/03/2020,$7.6496,"61,177",$7.2746,$7.9946,$7.2011
11/02/2020,$7.2221,"34,418",$7.0496,$7.3496,$6.7647
10/30/2020,$6.8667,"40,901",$7.3496,$7.3496,$6.8247
10/29/2020,$7.4921,"59,663",$7.4021,$7.6451,$7.1411
10/28/2020,$7.7321,"128,695",$8.4521,$8.4521,$6.9747
10/27/2020,$8.4761,"82,435",$8.9995,$8.9995,$8.3996
10/26/2020,$8.8496,"194,501",$8.5556,$9.2275,$8.4176
10/23/2020,$8.5496,"187,145",$8.5661,$9.433,$8.2931
10/22/2020,$8.6996,"144,593",$8.5496,$8.848,$8.1026
10/21/2020,$8.7746,"132,575",$9.2245,$9.283,$8.4176
10/20/2020,$9.04,"57,396",$9.4495,$9.4495,$8.9246
10/19/2020,$9.4045,"88,403",$9.2845,$9.4045,$9.001
10/16/2020,$9.4045,"142,427",$9.838,$9.838,$9.151
10/15/2020,$9.7945,"677,574",$9.1495,$9.868,$8.8496
10/14/2020,$11.6664,"94,102",$11.9964,$11.9964,$10.9585
10/13/2020,$11.9829,"29,746",$12.4494,$12.4494,$11.5719
10/12/2020,$12.0294,"24,731",$12.2994,$12.5679,$12.0084
10/09/2020,$12.9279,"140,771",$11.6244,$13.3493,$11.3994
10/08/2020,$13.6493,"43,018",$14.1743,$14.6993,$13.3493
10/07/2020,$14.2493,"35,734",$15.2992,$15.4492,$13.6583
10/06/2020,$15.1492,"76,861",$14.5493,$15.7492,$13.8148
10/05/2020,$16.3492,"1,021,915",$12.7494,$22.3489,$12.4494
10/02/2020,$12.8994,"35,013",$12.4494,$13.3463,$12.4494
10/01/2020,$13.4993,"480,835",$13.9463,$22.4989,$12.8994
09/30/2020,$14.8883,"86,265",$12.9294,$14.9993,$12.3039
09/29/2020,$13.3493,"301,860",$18.8991,$19.499,$12.8994
09/28/2020,$11.9979,"7,128",$10.9495,$12.2964,$10.9495
09/25/2020,$10.651,"2,073",$10.6645,$11.6259,$10.6495
09/24/2020,$10.684,"19,970",$11.0994,$11.3319,$10.3495
09/23/2020,$11.9409,"7,188",$12.2499,$12.7314,$11.2659
09/22/2020,$11.9994,"5,495",$12.3174,$12.8994,$11.2659
09/21/2020,$12.8992,"3,935",$13.0223,$13.0223,$12.1839
09/18/2020,$12.7494,"3,220",$12.9819,$13.2983,$12.4494
09/17/2020,$13.1993,"1,447",$12.8994,$13.4993,$12.8994
09/16/2020,$13.4693,"6,418",$13.3493,$13.8743,$12.8994
09/15/2020,$13.1993,"11,993",$13.3493,$13.8743,$12.5994
09/14/2020,$13.2099,"10,564",$14.0168,$14.2493,$12.2994
09/11/2020,$13.3493,"10,624",$14.0993,$14.8493,$13.1993
09/10/2020,$14.0993,"16,624",$15.7492,$15.8992,$13.8293
09/09/2020,$15.5992,"30,753",$13.4993,$15.8992,$13.4993
09/08/2020,$13.4753,"67,496",$10.765,$14.5493,$10.1995
09/04/2020,$11.0994,"16,701",$11.6199,$11.6994,$9.916
09/03/2020,$11.6199,"88,125",$11.8494,$13.1993,$9.1795
09/02/2020,$11.9979,"34,437",$12.5994,$13.1993,$9.8995
09/01/2020,$13.9493,"58,932",$14.0993,$15.3862,$12.5964
08/31/2020,$14.3993,"15,931",$14.5493,$15.1717,$13.9493
08/28/2020,$14.8493,"24,166",$14.4743,$15.4492,$13.9493
08/27/2020,$14.6993,"51,632",$14.9993,$15.4492,$13.8143
08/26/2020,$16.4992,"447,932",$13.1993,$19.499,$13.1753
08/25/2020,$13.1993,"7,599",$12.9744,$13.3493,$12.5994
08/24/2020,$13.2893,"10,645",$13.9493,$13.9493,$12.8994
08/21/2020,$14.0993,"8,377",$13.4993,$14.6993,$13.4993
08/20/2020,$14.0243,"38,372",$16.1992,$16.3492,$13.7243
08/19/2020,$16.3492,"11,869",$16.6492,$17.0991,$16.1992
08/18/2020,$16.7992,"13,727",$16.6492,$16.9492,$16.3492
08/17/2020,$16.6492,"20,657",$17.3991,$17.3991,$16.6492
08/14/2020,$17.2491,"123,485",$16.7992,$18.1491,$15.7492
08/13/2020,$16.9492,"59,463",$18.5991,$19.004,$16.6492
08/12/2020,$18.4491,"254,911",$17.9991,$21.1654,$17.5491
08/11/2020,$17.6991,"16,226",$18.1491,$18.5991,$17.3991
08/10/2020,$18.4491,"19,011",$18.2991,$18.5991,$17.3991
08/07/2020,$18.7476,"79,030",$19.949,$19.949,$17.0991
08/06/2020,$18.7491,"66,500",$18.2991,$19.949,$17.3991
08/05/2020,$17.9991,"4,589",$17.5491,$18.4491,$17.5491
08/04/2020,$17.5491,"6,075",$17.2491,$17.8491,$16.7992
08/03/2020,$17.5491,"2,805",$17.3991,$17.6991,$17.2491
07/31/2020,$17.2491,"3,997",$17.2491,$17.5491,$16.9492
07/30/2020,$17.5491,"6,889",$16.4992,$17.8491,$16.4992
07/29/2020,$16.6492,"6,418",$16.6492,$17.0991,$16.4992
07/28/2020,$16.9492,"7,369",$17.3991,$17.3991,$16.3492
07/27/2020,$16.9492,"5,899",$17.5491,$17.6991,$16.6492
07/24/2020,$17.2491,"4,325",$17.5491,$18.1491,$17.0991
07/23/2020,$17.8491,"4,231",$18.1491,$18.5991,$17.5491
07/22/2020,$17.9991,"7,445",$18.4491,$19.049,$17.9991
07/21/2020,$18.7491,"7,978",$18.7491,$18.7491,$18.1491
07/20/2020,$17.9991,"10,536",$18.5991,$18.7491,$17.2491
07/17/2020,$18.7116,"19,267",$19.199,$19.649,$17.8311
07/16/2020,$19.199,"81,685",$16.6492,$20.249,$16.1992
07/15/2020,$16.1992,"10,127",$16.1992,$17.8491,$16.1992
07/14/2020,$16.4992,"14,616",$18.7491,$19.2425,$16.4992
07/13/2020,$18.7491,"8,209",$19.049,$19.799,$18.4491
07/10/2020,$18.6741,"5,445",$18.4491,$19.499,$18.1491
07/09/2020,$18.1491,"9,109",$19.199,$19.499,$18.1491
07/08/2020,$18.5991,"8,197",$18.8991,$19.499,$17.9991
07/07/2020,$18.7491,"4,781",$19.199,$19.949,$18.7491
07/06/2020,$18.8991,"10,556",$19.649,$19.949,$18.2991
07/02/2020,$19.049,"103,183",$19.199,$25.6487,$18.8991
07/01/2020,$18.7491,"6,709",$18.1491,$19.799,$18.1491
06/30/2020,$18.1491,"13,601",$18.5991,$19.469,$16.1992
06/29/2020,$18.7491,"20,179",$19.049,$20.549,$18.5991
06/26/2020,$19.574,"7,359",$20.249,$20.849,$18.7491
06/25/2020,$20.099,"4,055",$20.399,$20.9989,$19.649
06/24/2020,$20.849,"6,537",$21.2989,$21.2989,$19.649
06/23/2020,$21.2239,"7,168",$21.7489,$21.7489,$19.949
06/22/2020,$20.849,"12,398",$23.2488,$23.2488,$20.099
06/19/2020,$22.4989,"25,052",$23.0988,$24.2988,$21.8989
06/18/2020,$22.7989,"109,310",$20.699,$24.2988,$18.8991
06/17/2020,$20.699,"48,288",$18.7491,$21.7489,$18.5991
06/16/2020,$18.5991,"12,904",$19.349,$20.249,$17.8491
06/15/2020,$18.8991,"3,875",$18.8991,$19.1975,$17.9991
06/12/2020,$18.8991,"5,678",$18.5991,$19.349,$18.4491
06/11/2020,$18.4491,"17,883",$18.7491,$20.249,$17.8491
06/10/2020,$19.949,"10,385",$20.399,$20.9989,$19.499
06/09/2020,$20.699,"7,940",$21.1489,$21.1489,$19.949
06/08/2020,$20.399,"11,535",$20.099,$20.849,$19.499
06/05/2020,$19.649,"8,013",$19.949,$19.949,$18.8991
06/04/2020,$18.8991,"19,745",$20.099,$20.699,$18.6006
06/03/2020,$20.549,"39,615",$24.2988,$24.7488,$19.499
06/02/2020,$24.4488,"175,015",$18.5991,$26.2487,$17.0991
06/01/2020,$17.9991,"4,372",$18.8991,$18.8991,$17.9991
05/29/2020,$19.199,"20,395",$20.549,$20.549,$17.1006
05/28/2020,$19.949,"61,545",$21.7489,$23.8488,$19.499
05/27/2020,$21.4489,"15,107",$19.499,$21.8989,$18.2991
05/26/2020,$19.799,"6,178",$19.499,$20.324,$17.3991
05/22/2020,$19.499,"3,454",$18.2991,$19.499,$17.6991
05/21/2020,$18.1491,950,$18.1491,$18.7491,$16.8097
05/20/2020,$17.8491,"1,468",$18.8991,$19.799,$17.2521
05/19/2020,$18.2991,"6,125",$17.6991,$19.187,$16.1977
05/18/2020,$17.5491,"3,063",$17.6991,$18.0036,$16.9492
05/15/2020,$17.9991,"2,157",$16.4992,$18.4491,$16.4992
05/14/2020,$16.4992,"4,361",$18.5991,$18.5991,$15.4492
05/13/2020,$18.2991,"3,052",$19.499,$19.499,$17.9991
05/12/2020,$18.2991,"21,237",$20.399,$23.6988,$17.6991
05/11/2020,$20.249,"1,378",$19.949,$20.8475,$19.949
05/08/2020,$19.649,"2,549",$19.949,$20.549,$19.052
05/07/2020,$20.549,"3,534",$21.4489,$21.7489,$19.199
05/06/2020,$19.949,"5,227",$19.949,$22.4989,$19.949
05/05/2020,$19.8005,"4,062",$20.399,$20.7755,$19.499
05/04/2020,$19.0505,"13,972",$18.2991,$23.2488,$17.2491
05/01/2020,$17.7351,"1,657",$19.049,$19.499,$17.2056
04/30/2020,$17.6991,"2,099",$19.049,$19.049,$16.6492
04/29/2020,$18.7476,"2,351",$17.0991,$18.7491,$17.0991
04/28/2020,$17.2896,"1,436",$19.199,$19.199,$16.9492
04/27/2020,$18.1491,"2,850",$17.3391,$19.499,$17.2491
04/24/2020,$17.2491,"1,039",$17.6991,$17.8491,$17.0991
04/23/2020,$17.8491,"4,456",$17.9991,$20.099,$17.2491
04/22/2020,$17.8476,"19,142",$16.1992,$23.9988,$16.1992
04/21/2020,$16.0477,"2,993",$17.3991,$17.3991,$15.4207
04/20/2020,$17.6991,"5,050",$20.249,$20.399,$16.4992
04/17/2020,$17.3991,"4,906",$16.9492,$19.346,$16.4992
04/16/2020,$16.9492,"5,013",$17.6991,$18.8991,$16.4992
04/15/2020,$17.5491,"8,532",$17.5491,$18.7491,$16.1992
04/14/2020,$20.699,"156,978",$18.7491,$29.6985,$15.7492
04/13/2020,$15.7492,"1,991",$15.5992,$16.2847,$14.2913
04/09/2020,$15.1492,"3,422",$15.0892,$15.7492,$13.6643
04/08/2020,$14.5493,"2,112",$14.8298,$15.6712,$13.6763
04/07/2020,$14.0378,"1,077",$13.5668,$14.9033,$13.2038
04/06/2020,$13.4543,"1,589",$13.0943,$14.5493,$12.3856
04/03/2020,$12.3009,877,$12.8814,$12.8814,$12.1509
04/02/2020,$12.8994,709,$14.4443,$14.9933,$12.1494
04/01/2020,$14.0213,733,$13.6493,$14.9993,$13.4993
03/31/2020,$14.3993,"1,459",$13.7078,$15.1492,$12.8829
03/30/2020,$14.5402,"2,204",$14.3993,$15.4492,$13.6658
03/27/2020,$15.7492,"3,583",$16.0492,$16.0492,$13.7993
03/26/2020,$16.5742,"13,532",$15.8992,$17.2491,$12.5994
03/25/2020,$16.9492,"102,733",$12.4494,$30.7485,$11.3994
03/24/2020,$13.1993,"4,110",$13.6493,$14.0993,$11.9394
03/23/2020,$13.8713,"7,416",$12.8994,$14.3288,$11.6994
03/20/2020,$11.6994,"13,488",$10.6495,$13.4993,$9.1495
03/19/2020,$10.0495,640,$10.1245,$11.0993,$10.0495
03/18/2020,$10.087,"1,665",$10.1995,$10.7665,$9.7495
03/17/2020,$9.8995,591,$10.4095,$10.4995,$9.7495
03/16/2020,$10.3495,"1,832",$11.0994,$11.8704,$10.2745
03/13/2020,$12.6594,"3,208",$12.8994,$13.4768,$10.9892
03/12/2020,$12.7494,"3,871",$14.6993,$14.6993,$11.9919
03/11/2020,$15.1552,"1,157",$15.5992,$16.0492,$15.1492
03/10/2020,$16.3642,"2,437",$15.7492,$16.4992,$14.9993
03/09/2020,$14.9993,"5,320",$17.8491,$18.0036,$14.4578
03/06/2020,$17.9571,"6,778",$17.2491,$20.6975,$15.9352
03/05/2020,$17.2461,940,$17.4861,$20.5475,$17.0991
03/04/2020,$17.3976,"1,560",$18.1506,$19.199,$16.7992
03/03/2020,$18.0396,"2,657",$21.1489,$21.1489,$17.5836
03/02/2020,$20.024,"9,832",$16.1992,$21.8989,$16.1992
02/28/2020,$16.0492,"3,884",$16.0492,$17.8491,$14.3993
02/27/2020,$17.1561,"4,301",$16.4992,$18.0996,$16.0492
02/26/2020,$18.4491,"1,066",$19.199,$19.4975,$18.2991
02/25/2020,$19.499,"4,159",$21.5044,$22.1314,$18.1491
02/24/2020,$22.1989,"1,725",$22.0489,$22.3489,$21.1489
02/21/2020,$22.3489,"1,920",$22.4989,$22.4989,$20.9989
02/20/2020,$22.4989,"3,050",$22.6489,$24.5988,$22.4989
02/19/2020,$23.6988,"2,158",$24.5988,$24.8988,$22.6504
02/18/2020,$23.4738,"5,301",$23.6988,$25.0487,$22.6489
02/14/2020,$23.2413,"7,052",$22.7989,$23.2488,$19.799
02/13/2020,$21.8989,"1,827",$22.3489,$23.6643,$21.8989
02/12/2020,$21.7489,"3,212",$23.6988,$23.6988,$21.7489
02/11/2020,$21.2989,"9,009",$22.7989,$25.4987,$18.7491
02/10/2020,$25.6487,"8,526",$30.8985,$30.8985,$24.7488
02/07/2020,$30.2985,"3,777",$30.1485,$31.3469,$29.9985
02/06/2020,$30.7485,"6,427",$33.1483,$33.1483,$30.1485
02/05/2020,$32.0984,"8,185",$33.1483,$33.1528,$30.8985
02/04/2020,$32.9984,"31,009",$39.748,$39.748,$32.3984
02/03/2020,$41.2479,"669,997",$50.5475,$66.3477,$37.4981
01/31/2020,$30.4485,"2,116",$31.0484,$31.9949,$30.4485
01/30/2020,$32.3099,586,$31.2914,$34.0168,$31.1174
01/29/2020,$31.6484,516,$32.6984,$32.9984,$31.4984
01/28/2020,$32.5649,659,$33.5548,$33.5548,$32.1599
01/27/2020,$32.8484,"1,940",$33.4483,$33.5893,$32.4329
01/24/2020,$34.3483,"5,717",$33.7828,$37.4966,$33.7483
01/23/2020,$34.4983,"1,990",$36.2982,$37.0376,$33.8713
01/22/2020,$36.2982,"1,323",$35.6982,$36.9297,$35.2857
01/21/2020,$35.9982,"2,824",$34.4983,$37.3481,$34.4983
01/17/2020,$35.2407,"10,567",$35.0982,$38.2481,$33.8983
01/16/2020,$35.2317,"2,568",$34.7983,$35.6802,$33.8983
01/15/2020,$34.8733,"9,352",$35.9982,$36.4482,$32.9984
01/14/2020,$39.448,"6,194",$38.8526,$42.7434,$38.2481
01/13/2020,$41.3979,"5,899",$39.298,$43.1228,$37.9841
01/10/2020,$39.073,"2,959",$37.4981,$41.0754,$37.4981
01/09/2020,$38.2481,"3,259",$35.0982,$38.998,$35.0982
01/08/2020,$36.2922,"4,379",$36.5982,$38.3816,$33.7483
01/07/2020,$36.7482,628,$36.1482,$37.6481,$35.2482
01/06/2020,$36.4482,"2,866",$37.4981,$39.9925,$34.8538
01/03/2020,$39.148,"3,705",$40.423,$41.3229,$38.5481
01/02/2020,$41.5059,"3,722",$43.1978,$43.1978,$38.2481
12/31/2019,$40.498,"10,266",$42.5979,$43.7123,$40.198
12/30/2019,$44.5478,"9,041",$41.2479,$46.1977,$38.9995
12/27/2019,$43.0478,"7,635",$43.4978,$44.2478,$39.787
12/26/2019,$42.5229,"13,695",$41.2479,$46.1977,$39.0085
12/24/2019,$37.4981,"6,394",$39.598,$41.9979,$36.0027
12/23/2019,$37.7996,"8,813",$37.7981,$40.498,$34.3483
12/20/2019,$37.4981,"17,962",$35.9982,$41.0979,$34.7983
12/19/2019,$33.1483,"6,268",$30.7485,$33.7483,$30.15
12/18/2019,$31.1984,"2,496",$30.0135,$31.5734,$29.9985
12/17/2019,$30.5985,"1,271",$33.2878,$33.2878,$30.0345
12/16/2019,$30.2235,"1,511",$31.5794,$33.7228,$29.6985
12/13/2019,$31.7234,"5,470",$33.1483,$33.6148,$26.4452
12/12/2019,$33.1483,"1,686",$31.9484,$34.8703,$31.1984
12/11/2019,$32.9984,"16,176",$35.9982,$40.498,$32.8634
12/10/2019,$36.7482,"3,877",$38.998,$41.2149,$35.2482
12/09/2019,$39.2515,"7,294",$40.498,$41.9004,$37.6481
12/06/2019,$39.748,"6,027",$39.448,$43.1108,$38.2481
12/05/2019,$38.0981,"7,102",$36.0282,$40.648,$35.2482
12/04/2019,$35.0982,"3,043",$36.2232,$36.5967,$33.7483
12/03/2019,$36.7167,"6,321",$38.9636,$41.6979,$34.8673
12/02/2019,$35.3982,"1,943",$36.2982,$36.5232,$32.6174
11/29/2019,$36.5637,"1,030",$38.0981,$38.0981,$35.5977
11/27/2019,$37.0481,"7,597",$36.2082,$40.498,$35.4282
11/26/2019,$36.2232,"3,120",$37.0691,$39.298,$34.6498
11/25/2019,$38.998,"9,168",$44.5478,$44.5478,$32.9984
11/22/2019,$42.4479,"19,283",$32.2484,$42.5979,$31.7984
11/21/2019,$32.9984,"4,488",$31.6484,$35.4852,$31.4984
11/20/2019,$31.1984,872,$31.4984,$32.9984,$30.8985
11/19/2019,$31.4984,812,$30.6705,$33.4603,$30.1485
11/18/2019,$31.3484,"8,011",$30.5985,$37.9466,$30.1485
11/15/2019,$30.8985,520,$32.8484,$33.5863,$30.324
11/14/2019,$32.1524,126,$32.3984,$32.3984,$31.3499
11/13/2019,$32.2484,684,$31.9184,$32.9984,$31.7984
11/12/2019,$31.7984,"1,120",$31.1984,$32.8484,$31.1984
11/11/2019,$31.8839,682,$32.5484,$32.9579,$30.30
11/08/2019,$33.4993,"2,644",$30.2985,$33.8983,$28.7986
11/07/2019,$29.9985,809,$32.4314,$32.4314,$28.9501
11/06/2019,$30.7485,"2,869",$32.6984,$32.6984,$28.6486
11/05/2019,$32.4749,908,$33.0433,$35.2362,$32.2814
11/04/2019,$33.7483,"2,006",$31.3484,$34.6483,$30.8985
11/01/2019,$30.8985,"1,716",$34.0483,$38.2481,$29.9985
10/31/2019,$29.8485,"1,374",$29.9985,$29.9985,$27.1486
10/30/2019,$29.9985,"3,703",$34.6933,$34.7833,$28.6486
10/29/2019,$35.0982,"3,516",$36.7482,$38.4281,$35.0982
10/28/2019,$37.1981,378,$36.8982,$37.1981,$35.6982
10/25/2019,$35.7267,230,$36.3732,$36.8232,$35.5482
10/24/2019,$35.3982,656,$34.9483,$36.7482,$34.9483
10/23/2019,$36.8982,"2,107",$35.2482,$39.2365,$34.4983
10/22/2019,$35.3997,492,$34.9498,$37.3091,$34.9498
10/21/2019,$36.7482,804,$36.9732,$38.8481,$33.2983
10/18/2019,$35.5497,"1,710",$34.4983,$38.9921,$34.4983
10/17/2019,$35.0982,"1,688",$33.1783,$36.7122,$32.9984
10/16/2019,$36.7482,"10,081",$30.846,$36.8907,$30.5325
10/15/2019,$29.9985,928,$28.6486,$31.3484,$28.1986
10/14/2019,$28.4986,"1,533",$29.8485,$31.3484,$27.9391
10/11/2019,$29.6985,940,$27.7486,$30.1485,$26.9987
10/10/2019,$27.6736,"1,753",$33.4483,$33.4483,$23.2953
10/09/2019,$27.4486,"1,018",$27.5326,$29.6445,$26.2487
10/08/2019,$31.1984,81,$31.7984,$31.7984,$31.1984
10/07/2019,$31.7984,860,$30.1485,$31.7984,$26.6987
10/04/2019,$28.0486,553,$25.3787,$28.0486,$25.1987
10/03/2019,$26.9987,"2,201",$27.2386,$27.8986,$24.8988
10/02/2019,$30.1485,646,$27.5341,$30.1485,$27.5341
10/01/2019,$28.4986,"3,314",$29.9985,$29.9985,$23.9988
09/30/2019,$32.4194,451,$32.9984,$32.9984,$30.162
09/27/2019,$30.5985,485,$25.9487,$30.5985,$25.9487
09/26/2019,$28.1566,"1,169",$30.2985,$31.0679,$27.4486
09/25/2019,$30.75,217,$30.8985,$31.4984,$30.4485
09/24/2019,$31.0484,700,$33.0628,$33.1573,$30.8985
09/23/2019,$32.4359,"1,016",$32.7074,$35.2152,$28.3486
09/20/2019,$32.9984,986,$34.4683,$35.0982,$32.9984
09/19/2019,$32.9984,"1,071",$34.7833,$36.7482,$32.9984
09/18/2019,$36.7482,"2,637",$38.6441,$38.6441,$33.1483
09/17/2019,$37.7981,774,$39.148,$39.148,$36.9732
09/16/2019,$38.0981,"1,042",$34.4983,$40.198,$34.4983
09/13/2019,$34.3483,"1,579",$34.1983,$34.3483,$32.7404
09/12/2019,$34.1983,"1,464",$36.1482,$36.8907,$34.1983
09/11/2019,$37.8191,170,$38.7701,$38.8466,$36.1782
09/10/2019,$35.2482,"2,451",$33.8983,$35.9982,$32.2484
09/09/2019,$33.4483,829,$33.1483,$33.4483,$32.0984
09/06/2019,$32.9984,"1,600",$31.5644,$35.3982,$31.0484
09/05/2019,$31.4204,"1,671",$31.7984,$31.7984,$30.7515
09/04/2019,$32.3984,"1,671",$31.4984,$32.3984,$29.5485
09/03/2019,$31.3484,"4,992",$29.8485,$32.9984,$27.8986
08/30/2019,$29.2485,295,$30.1335,$30.1335,$29.2485
08/29/2019,$29.8485,"1,002",$27.5236,$30.5985,$27.4486
08/28/2019,$27.7486,"2,116",$30.1485,$30.1485,$26.3987
08/27/2019,$29.2485,290,$29.9985,$30.138,$28.9486
08/26/2019,$30.2985,"2,006",$29.3955,$31.6469,$27.1486
08/23/2019,$29.9985,343,$31.1579,$31.4894,$28.5136
08/22/2019,$31.4984,"1,692",$32.5484,$32.5484,$29.2485
08/21/2019,$27.7486,"6,843",$42.4479,$42.4479,$27.2266
08/20/2019,$41.0979,N/A,$41.0979,$41.0979,$41.0979
08/19/2019,$41.0979,370,$40.648,$41.8479,$40.648
08/16/2019,$41.0979,165,$41.9979,$41.9979,$41.0979
08/15/2019,$41.9979,338,$41.2764,$41.9979,$39.748
08/14/2019,$42.8484,694,$42.1479,$42.8484,$40.048
08/13/2019,$42.7479,705,$43.1978,$43.1978,$41.9979
08/12/2019,$42.2544,529,$41.3979,$43.2728,$40.558
08/09/2019,$41.8479,322,$44.2478,$44.2478,$41.3979
08/08/2019,$44.0978,211,$41.9979,$44.0978,$41.9979
08/07/2019,$44.6228,"1,015",$43.4978,$44.6228,$41.2479
08/06/2019,$44.3978,381,$50.6975,$50.6975,$43.4978
08/05/2019,$41.3979,"3,515",$45.2977,$46.9477,$41.3979
08/02/2019,$45.4477,"1,833",$48.5976,$49.244,$41.9979
08/01/2019,$49.3475,452,$48.8976,$52.3474,$47.8476
07/31/2019,$49.3475,219,$49.4975,$50.3735,$49.3475
07/30/2019,$51.1459,734,$49.9475,$51.4474,$47.8266
07/29/2019,$50.249,279,$50.5025,$51.5959,$50.2475
07/26/2019,$51.1474,662,$51.0724,$52.2739,$49.3475
07/25/2019,$50.4725,779,$52.3474,$52.3474,$49.4975
07/24/2019,$50.5475,"1,386",$52.4974,$52.4974,$48.8976
07/23/2019,$50.8475,"2,316",$47.9976,$51.2974,$47.2476
07/22/2019,$47.8476,"1,210",$48.1476,$48.2976,$41.2509
07/19/2019,$47.5476,453,$47.9976,$47.9976,$46.6477
07/18/2019,$46.7977,"3,319",$47.9976,$48.0636,$43.9478
07/17/2019,$48.7476,"2,284",$55.3472,$55.3472,$46.4227
07/16/2019,$50.8475,"2,849",$55.3472,$55.3472,$49.6475
07/15/2019,$55.3472,"1,410",$59.697,$59.697,$53.5143
07/12/2019,$56.8472,"2,745",$60.747,$62.6924,$55.6472
07/11/2019,$58.4971,"8,476",$62.9969,$62.9969,$53.9973
07/10/2019,$62.9969,"16,613",$71.6964,$74.8463,$62.5469
07/09/2019,$68.5466,"8,239",$60.75,$68.5466,$59.397
07/08/2019,$57.0661,"2,183",$61.0469,$61.0469,$56.3972
07/05/2019,$62.2469,361,$63.1468,$63.1468,$60.8685
07/03/2019,$62.5469,626,$61.6469,$62.6969,$61.3484
07/02/2019,$62.0219,546,$63.2968,$63.5968,$60.297
07/01/2019,$59.997,"4,867",$68.9965,$69.493,$56.9971
06/28/2019,$68.9965,"1,116",$73.3463,$73.3463,$68.9965
06/27/2019,$73.9463,"2,173",$73.1963,$73.9463,$69.7465
06/26/2019,$73.4963,"1,614",$69.1465,$73.4963,$67.6466
06/25/2019,$68.9965,"3,709",$73.9463,$73.9463,$67.3466
06/24/2019,$73.9463,"8,707",$74.0963,$74.9963,$64.6468
06/21/2019,$69.7465,"18,305",$74.2463,$74.2463,$63.1468
06/20/2019,$145.1927,225,$125.9937,$161.9919,$125.9937
06/19/2019,$131.9934,N/A,$131.9934,$131.9934,$131.9934
06/18/2019,$131.9934,10,$136.7932,$179.991,$129.5935
06/17/2019,$131.9934,23,$131.9934,$136.7932,$131.9934
06/14/2019,$134.3933,N/A,$134.3933,$134.3933,$134.3933
06/13/2019,$134.3933,1,$134.3933,$134.3933,$134.3933
06/12/2019,$119.994,47,$118.7941,$134.3933,$118.7941
06/11/2019,$118.7941,192,$131.9934,$153.5923,$95.9952
06/10/2019,$131.9934,9,$154.7923,$155.9922,$131.9934
06/07/2019,$155.9922,2,$179.991,$179.991,$155.9922
06/06/2019,$131.9934,N/A,$131.9934,$131.9934,$131.9934
06/05/2019,$131.9934,N/A,$131.9934,$131.9934,$131.9934
06/04/2019,$131.9934,N/A,$131.9934,$131.9934,$131.9934
06/03/2019,$131.9934,N/A,$131.9934,$131.9934,$131.9934
05/31/2019,$131.9934,26,$131.9934,$131.9934,$119.994
05/30/2019,$143.9928,N/A,$143.9928,$143.9928,$143.9928
05/29/2019,$143.9928,N/A,$143.9928,$143.9928,$143.9928
05/28/2019,$143.9928,N/A,$143.9928,$143.9928,$143.9928
05/24/2019,$143.9928,1,$143.9928,$143.9928,$143.9928
05/23/2019,$143.9928,N/A,$143.9928,$143.9928,$143.9928
05/22/2019,$143.9928,4,$143.9928,$143.9928,$143.9928
05/21/2019,$119.994,N/A,$119.994,$119.994,$119.994
05/20/2019,$119.994,N/A,$119.994,$119.994,$119.994
05/17/2019,$119.994,14,$119.994,$119.994,$95.9952
05/16/2019,$131.9934,10,$119.994,$131.9934,$95.9952
05/15/2019,$125.9937,N/A,$125.9937,$125.9937,$125.9937
05/14/2019,$125.9937,N/A,$125.9937,$125.9937,$125.9937
05/13/2019,$125.9937,1,$125.9937,$125.9937,$125.9937
05/10/2019,$131.9934,N/A,$131.9934,$131.9934,$131.9934
05/09/2019,$131.9934,N/A,$131.9934,$131.9934,$131.9934
05/08/2019,$131.9934,N/A,$131.9934,$131.9934,$131.9934
05/07/2019,$131.9934,N/A,$131.9934,$131.9934,$131.9934
05/06/2019,$131.9934,N/A,$131.9934,$131.9934,$131.9934
05/03/2019,$131.9934,N/A,$131.9934,$131.9934,$131.9934
05/02/2019,$131.9934,N/A,$131.9934,$131.9934,$131.9934
05/01/2019,$131.9934,N/A,$131.9934,$131.9934,$131.9934
04/30/2019,$131.9934,N/A,$131.9934,$131.9934,$131.9934
04/29/2019,$131.9934,N/A,$131.9934,$131.9934,$131.9934
04/26/2019,$131.9934,N/A,$131.9934,$131.9934,$131.9934
04/25/2019,$131.9934,N/A,$131.9934,$131.9934,$131.9934
04/24/2019,$131.9934,N/A,$131.9934,$131.9934,$131.9934
04/23/2019,$131.9934,N/A,$131.9934,$131.9934,$131.9934
04/22/2019,$131.9934,4,$125.9937,$131.9934,$125.9937
04/18/2019,$131.9934,N/A,$131.9934,$131.9934,$131.9934
04/17/2019,$131.9934,N/A,$131.9934,$131.9934,$131.9934
04/16/2019,$131.9934,N/A,$131.9934,$131.9934,$131.9934
04/15/2019,$131.9934,N/A,$131.9934,$131.9934,$131.9934
04/12/2019,$131.9934,N/A,$131.9934,$131.9934,$131.9934
04/11/2019,$131.9934,12,$131.9934,$131.9934,$131.9934
04/10/2019,$131.9934,208,$155.9922,$155.9922,$129.5935
04/09/2019,$143.9928,N/A,$143.9928,$143.9928,$143.9928
04/08/2019,$143.9928,138,$149.9925,$149.9925,$131.9934
04/05/2019,$147.5926,13,$145.1927,$147.5926,$145.1927
04/04/2019,$143.9928,N/A,$143.9928,$143.9928,$143.9928
04/03/2019,$143.9928,5,$137.9931,$143.9928,$137.9931
04/02/2019,$143.9928,1,$143.9928,$143.9928,$143.9928
04/01/2019,$143.9928,N/A,$143.9928,$143.9928,$143.9928
03/29/2019,$143.9928,5,$143.9928,$143.9928,$143.9928
03/28/2019,$143.9928,8,$133.1933,$143.9928,$131.9934
03/27/2019,$131.9934,N/A,$131.9934,$131.9934,$131.9934
03/26/2019,$131.9934,4,$131.9934,$131.9934,$131.9934
03/25/2019,$134.3933,1,$134.3933,$134.3933,$134.3933
03/22/2019,$131.9934,4,$137.9931,$137.9931,$131.9934
03/21/2019,$134.3933,N/A,$134.3933,$134.3933,$134.3933
03/20/2019,$134.3933,N/A,$134.3933,$134.3933,$134.3933
03/19/2019,$134.3933,8,$146.3927,$146.3927,$134.3933
03/18/2019,$143.9928,N/A,$143.9928,$143.9928,$143.9928
03/15/2019,$143.9928,22,$143.9928,$143.9928,$143.9928
03/14/2019,$143.9928,17,$142.7929,$143.9928,$142.7929
03/13/2019,$142.7929,N/A,$142.7929,$142.7929,$142.7929
03/12/2019,$142.7929,N/A,$142.7929,$142.7929,$142.7929
03/11/2019,$142.7929,N/A,$142.7929,$142.7929,$142.7929
03/08/2019,$142.7929,N/A,$142.7929,$142.7929,$142.7929
03/07/2019,$142.7929,N/A,$142.7929,$142.7929,$142.7929
03/06/2019,$142.7929,N/A,$142.7929,$142.7929,$142.7929
03/05/2019,$142.7929,1,$142.7929,$142.7929,$142.7929
03/04/2019,$125.9937,16,$131.9934,$131.9934,$118.7941
03/01/2019,$143.9928,86,$143.9928,$145.1927,$143.9928
02/28/2019,$143.9928,42,$129.5935,$143.9928,$129.5335
02/27/2019,$128.3936,N/A,$128.3936,$128.3936,$128.3936
02/26/2019,$128.3936,N/A,$128.3936,$128.3936,$128.3936
02/25/2019,$128.3936,8,$125.9937,$128.3936,$125.9937
02/22/2019,$121.1939,N/A,$121.1939,$121.1939,$121.1939
02/21/2019,$121.1939,N/A,$121.1939,$121.1939,$121.1939
02/20/2019,$121.1939,N/A,$121.1939,$121.1939,$121.1939
02/19/2019,$121.1939,N/A,$121.1939,$121.1939,$121.1939
02/15/2019,$121.1939,N/A,$121.1939,$121.1939,$121.1939
02/14/2019,$121.1939,1,$121.1939,$121.1939,$121.1939
02/13/2019,$122.3939,N/A,$122.3939,$122.3939,$122.3939
02/12/2019,$122.3939,2,$122.3939,$122.3939,$122.3939
02/11/2019,$122.3939,10,$122.3939,$122.3939,$122.3939
02/08/2019,$122.3939,17,$122.3939,$122.3939,$122.3939
02/07/2019,$121.1939,N/A,$121.1939,$121.1939,$121.1939
02/06/2019,$121.1939,N/A,$121.1939,$121.1939,$121.1939
02/05/2019,$121.1939,19,$121.1939,$121.1939,$121.1939
02/04/2019,$130.7935,N/A,$130.7935,$130.7935,$130.7935
02/01/2019,$130.7935,7,$125.9937,$130.7935,$125.9937
01/31/2019,$119.994,10,$101.9829,$119.994,$101.9829
01/30/2019,$101.9829,N/A,$101.9829,$101.9829,$101.9829
01/29/2019,$101.9829,25,$101.9949,$101.9949,$101.9829
01/28/2019,$124.7938,N/A,$124.7938,$124.7938,$124.7938
01/25/2019,$124.7938,N/A,$124.7938,$124.7938,$124.7938
01/24/2019,$124.7938,N/A,$124.7938,$124.7938,$124.7938
01/23/2019,$124.7938,N/A,$124.7938,$124.7938,$124.7938
01/22/2019,$124.7938,4,$124.7938,$124.7938,$124.7938
01/18/2019,$119.994,2,$119.994,$119.994,$119.994
01/17/2019,$137.9931,N/A,$137.9931,$137.9931,$137.9931
01/16/2019,$137.9931,N/A,$137.9931,$137.9931,$137.9931
01/15/2019,$137.9931,25,$137.9931,$137.9931,$137.9931
01/14/2019,$139.193,8,$139.193,$139.193,$139.193
01/11/2019,$137.9931,29,$135.5932,$137.9931,$135.5932
01/10/2019,$135.5932,18,$136.7932,$136.7932,$128.2736
01/09/2019,$134.3933,24,$134.3933,$136.7932,$101.9949
01/08/2019,$131.9934,N/A,$131.9934,$131.9934,$131.9934
01/07/2019,$131.9934,N/A,$131.9934,$131.9934,$131.9934
01/04/2019,$131.9934,3,$134.3933,$134.3933,$131.9934
01/03/2019,$135.5932,2,$135.5932,$135.5932,$135.5932
01/02/2019,$137.9931,N/A,$137.9931,$137.9931,$137.9931
12/31/2018,$137.9931,4,$137.8131,$137.9931,$137.8131
12/28/2018,$137.9931,N/A,$137.9931,$137.9931,$137.9931
12/27/2018,$137.9931,N/A,$137.9931,$137.9931,$137.9931
12/26/2018,$137.9931,1,$137.9931,$137.9931,$137.9931
12/24/2018,$137.9931,N/A,$137.9931,$137.9931,$137.9931
12/21/2018,$137.9931,1,$137.9931,$137.9931,$137.9931
12/20/2018,$141.5929,N/A,$141.5929,$141.5929,$141.5929
12/19/2018,$141.5929,4,$134.3933,$141.5929,$134.3933
12/18/2018,$134.3933,N/A,$134.3933,$134.3933,$134.3933
12/17/2018,$134.3933,N/A,$134.3933,$134.3933,$134.3933
12/14/2018,$134.3933,2,$134.3933,$134.3933,$134.3933
12/13/2018,$134.3933,N/A,$134.3933,$134.3933,$134.3933
12/12/2018,$134.3933,N/A,$134.3933,$134.3933,$134.3933
12/11/2018,$134.3933,N/A,$134.3933,$134.3933,$134.3933
12/10/2018,$134.3933,N/A,$134.3933,$134.3933,$134.3933
12/07/2018,$134.3933,N/A,$134.3933,$134.3933,$134.3933
12/06/2018,$134.3933,N/A,$134.3933,$134.3933,$134.3933
12/04/2018,$134.3933,2,$134.3933,$134.3933,$134.3933
12/03/2018,$131.9934,4,$129.5935,$131.9934,$129.5935
11/30/2018,$129.5935,2,$129.5935,$129.5935,$129.5935
11/29/2018,$125.9937,N/A,$125.9937,$125.9937,$125.9937
11/28/2018,$125.9937,N/A,$125.9937,$125.9937,$125.9937
11/27/2018,$125.9937,N/A,$125.9937,$125.9937,$125.9937
11/26/2018,$125.9937,N/A,$125.9937,$125.9937,$125.9937
11/23/2018,$125.9937,N/A,$125.9937,$125.9937,$125.9937
11/21/2018,$125.9937,N/A,$125.9937,$125.9937,$125.9937
11/20/2018,$125.9937,N/A,$125.9937,$125.9937,$125.9937
11/19/2018,$125.9937,N/A,$125.9937,$125.9937,$125.9937
11/16/2018,$125.9937,N/A,$125.9937,$125.9937,$125.9937
11/15/2018,$125.9937,1,$125.9937,$125.9937,$125.9937
11/14/2018,$137.9931,N/A,$137.9931,$137.9931,$137.9931
11/13/2018,$137.9931,N/A,$137.9931,$137.9931,$137.9931
11/12/2018,$137.9931,1,$137.9931,$137.9931,$137.9931
11/09/2018,$148.7926,N/A,$148.7926,$148.7926,$148.7926
11/08/2018,$148.7926,N/A,$148.7926,$148.7926,$148.7926
11/07/2018,$148.7926,N/A,$148.7926,$148.7926,$148.7926
11/06/2018,$148.7926,N/A,$148.7926,$148.7926,$148.7926
11/05/2018,$148.7926,N/A,$148.7926,$148.7926,$148.7926
11/02/2018,$148.7926,N/A,$148.7926,$148.7926,$148.7926
11/01/2018,$148.7926,N/A,$148.7926,$148.7926,$148.7926
10/31/2018,$148.7926,12,$146.3927,$149.9925,$137.9931
10/30/2018,$143.9928,3,$143.9928,$143.9928,$143.9928
10/29/2018,$143.9928,9,$149.9925,$149.9925,$143.9928
10/26/2018,$146.3927,N/A,$146.3927,$146.3927,$146.3927
10/25/2018,$146.3927,N/A,$146.3927,$146.3927,$146.3927
10/24/2018,$146.3927,N/A,$146.3927,$146.3927,$146.3927
10/23/2018,$146.3927,N/A,$146.3927,$146.3927,$146.3927
10/22/2018,$146.3927,10,$146.3927,$146.3927,$146.3927
10/19/2018,$155.9922,1,$155.9922,$155.9922,$155.9922
10/18/2018,$167.9916,N/A,$167.9916,$167.9916,$167.9916
10/17/2018,$167.9916,N/A,$167.9916,$167.9916,$167.9916
10/16/2018,$167.9916,N/A,$167.9916,$167.9916,$167.9916
10/15/2018,$167.9916,N/A,$167.9916,$167.9916,$167.9916
10/12/2018,$167.9916,N/A,$167.9916,$167.9916,$167.9916
10/11/2018,$167.9916,2,$167.9916,$167.9916,$167.9916
10/10/2018,$158.3921,N/A,$158.3921,$158.3921,$158.3921
10/09/2018,$158.3921,N/A,$158.3921,$158.3921,$158.3921
10/08/2018,$158.3921,17,$158.3921,$158.3921,$158.3921
10/05/2018,$146.3927,13,$165.5917,$172.7914,$67.1966
10/04/2018,$179.991,N/A,$179.991,$179.991,$179.991
10/03/2018,$179.991,8,$179.991,$179.991,$179.991
10/02/2018,$179.991,N/A,$179.991,$179.991,$179.991
10/01/2018,$179.991,42,$173.3913,$179.991,$173.3913
09/28/2018,$178.7911,1,$178.7911,$178.7911,$178.7911
09/27/2018,$191.9904,N/A,$191.9904,$191.9904,$191.9904
09/26/2018,$191.9904,8,$179.991,$191.9904,$179.991
09/25/2018,$155.9922,N/A,$155.9922,$155.9922,$155.9922
09/24/2018,$155.9922,N/A,$155.9922,$155.9922,$155.9922
09/21/2018,$155.9922,N/A,$155.9922,$155.9922,$155.9922
09/20/2018,$155.9922,25,$179.991,$179.991,$32.3984
09/19/2018,$182.3909,128,$171.5914,$209.9895,$161.9919
09/18/2018,$155.9922,N/A,$155.9922,$155.9922,$155.9922
09/17/2018,$155.9922,N/A,$155.9922,$155.9922,$155.9922
09/14/2018,$155.9922,N/A,$155.9922,$155.9922,$155.9922
09/13/2018,$155.9922,N/A,$155.9922,$155.9922,$155.9922
09/12/2018,$155.9922,N/A,$155.9922,$155.9922,$155.9922
09/11/2018,$155.9922,N/A,$155.9922,$155.9922,$155.9922
09/10/2018,$155.9922,N/A,$155.9922,$155.9922,$155.9922
09/07/2018,$155.9922,16,$149.9925,$155.9922,$149.9925
09/06/2018,$155.9922,N/A,$155.9922,$155.9922,$155.9922
09/05/2018,$155.9922,N/A,$155.9922,$155.9922,$155.9922
09/04/2018,$155.9922,N/A,$155.9922,$155.9922,$155.9922
08/31/2018,$155.9922,N/A,$155.9922,$155.9922,$155.9922
08/30/2018,$155.9922,N/A,$155.9922,$155.9922,$155.9922
08/29/2018,$155.9922,N/A,$155.9922,$155.9922,$155.9922
08/28/2018,$155.9922,N/A,$155.9922,$155.9922,$155.9922
08/27/2018,$155.9922,N/A,$155.9922,$155.9922,$155.9922
08/24/2018,$155.9922,N/A,$155.9922,$155.9922,$155.9922
08/23/2018,$155.9922,N/A,$155.9922,$155.9922,$155.9922
08/22/2018,$155.9922,N/A,$155.9922,$155.9922,$155.9922
08/21/2018,$155.9922,N/A,$155.9922,$155.9922,$155.9922
08/20/2018,$155.9922,3,$155.9922,$155.9922,$155.9922
08/17/2018,$161.9919,1,$161.9919,$161.9919,$161.9919
08/16/2018,$155.9922,N/A,$155.9922,$155.9922,$155.9922
08/15/2018,$155.9922,N/A,$155.9922,$155.9922,$155.9922
08/14/2018,$155.9922,N/A,$155.9922,$155.9922,$155.9922
08/13/2018,$155.9922,N/A,$155.9922,$155.9922,$155.9922
08/10/2018,$155.9922,N/A,$155.9922,$155.9922,$155.9922
08/09/2018,$155.9922,N/A,$155.9922,$155.9922,$155.9922
08/08/2018,$155.9922,N/A,$155.9922,$155.9922,$155.9922
08/07/2018,$155.9922,N/A,$155.9922,$155.9922,$155.9922
08/06/2018,$155.9922,N/A,$155.9922,$155.9922,$155.9922
08/03/2018,$155.9922,N/A,$155.9922,$155.9922,$155.9922
08/02/2018,$155.9922,N/A,$155.9922,$155.9922,$155.9922
08/01/2018,$155.9922,N/A,$155.9922,$155.9922,$155.9922
07/31/2018,$155.9922,3,$155.9922,$155.9922,$155.9922
07/30/2018,$152.3924,N/A,$152.3924,$152.3924,$152.3924
07/27/2018,$152.3924,N/A,$152.3924,$152.3924,$152.3924
07/26/2018,$152.3924,N/A,$152.3924,$152.3924,$152.3924
07/25/2018,$152.3924,N/A,$152.3924,$152.3924,$152.3924
07/24/2018,$152.3924,N/A,$152.3924,$152.3924,$152.3924
07/23/2018,$152.3924,N/A,$152.3924,$152.3924,$152.3924
07/20/2018,$152.3924,N/A,$152.3924,$152.3924,$152.3924
07/19/2018,$152.3924,N/A,$152.3924,$152.3924,$152.3924
07/18/2018,$152.3924,N/A,$152.3924,$152.3924,$152.3924
07/17/2018,$152.3924,N/A,$152.3924,$152.3924,$152.3924
07/16/2018,$152.3924,N/A,$152.3924,$152.3924,$152.3924
07/13/2018,$152.3924,N/A,$152.3924,$152.3924,$152.3924
07/12/2018,$152.3924,N/A,$152.3924,$152.3924,$152.3924
07/11/2018,$152.3924,N/A,$152.3924,$152.3924,$152.3924
07/10/2018,$152.3924,N/A,$152.3924,$152.3924,$152.3924
07/09/2018,$152.3924,N/A,$152.3924,$152.3924,$152.3924
07/06/2018,$152.3924,N/A,$152.3924,$152.3924,$152.3924
07/05/2018,$152.3924,35,$155.9922,$155.9922,$149.9925
07/03/2018,$152.3924,N/A,$152.3924,$152.3924,$152.3924
07/02/2018,$152.3924,N/A,$152.3924,$152.3924,$152.3924
06/29/2018,$152.3924,N/A,$152.3924,$152.3924,$152.3924
06/28/2018,$152.3924,N/A,$152.3924,$152.3924,$152.3924
06/27/2018,$152.3924,N/A,$152.3924,$152.3924,$152.3924
06/26/2018,$152.3924,N/A,$152.3924,$152.3924,$152.3924
06/25/2018,$152.3924,N/A,$152.3924,$152.3924,$152.3924
06/22/2018,$152.3924,1,$152.3924,$152.3924,$152.3924
06/21/2018,$143.9928,N/A,$143.9928,$143.9928,$143.9928
06/20/2018,$143.9928,4,$143.9928,$143.9928,$143.9928
06/19/2018,$143.9928,18,$119.994,$143.9928,$107.9946
06/18/2018,$149.9925,N/A,$149.9925,$149.9925,$149.9925
06/15/2018,$149.9925,N/A,$149.9925,$149.9925,$149.9925
06/14/2018,$149.9925,N/A,$149.9925,$149.9925,$149.9925
06/13/2018,$149.9925,N/A,$149.9925,$149.9925,$149.9925
06/12/2018,$149.9925,N/A,$149.9925,$149.9925,$149.9925
06/11/2018,$149.9925,N/A,$149.9925,$149.9925,$149.9925
06/08/2018,$149.9925,N/A,$149.9925,$149.9925,$149.9925
06/07/2018,$149.9925,N/A,$149.9925,$149.9925,$149.9925
06/06/2018,$149.9925,N/A,$149.9925,$149.9925,$149.9925
06/05/2018,$149.9925,N/A,$149.9925,$149.9925,$149.9925
06/04/2018,$149.9925,N/A,$149.9925,$149.9925,$149.9925
06/01/2018,$149.9925,N/A,$149.9925,$149.9925,$149.9925
05/31/2018,$149.9925,N/A,$149.9925,$149.9925,$149.9925
05/30/2018,$149.9925,12,$149.9925,$149.9925,$149.9925
05/29/2018,$149.9925,N/A,$149.9925,$149.9925,$149.9925
05/25/2018,$149.9925,N/A,$149.9925,$149.9925,$149.9925
05/24/2018,$149.9925,17,$135.5932,$149.9925,$135.5932
05/23/2018,$135.5932,26,$125.9937,$135.5932,$125.9937
05/22/2018,$125.9937,N/A,$125.9937,$125.9937,$125.9937
05/21/2018,$125.9937,N/A,$125.9937,$125.9937,$125.9937
05/18/2018,$125.9937,4,$125.9937,$125.9937,$125.9937
05/17/2018,$122.3939,N/A,$122.3939,$122.3939,$122.3939
05/16/2018,$122.3939,N/A,$122.3939,$122.3939,$122.3939
05/15/2018,$122.3939,N/A,$122.3939,$122.3939,$122.3939
05/14/2018,$122.3939,1,$122.3939,$122.3939,$122.3939
05/11/2018,$134.3933,1,$134.3933,$134.3933,$134.3933
05/10/2018,$125.9937,N/A,$125.9937,$125.9937,$125.9937
05/09/2018,$125.9937,N/A,$125.9937,$125.9937,$125.9937
05/08/2018,$125.9937,N/A,$125.9937,$125.9937,$125.9937
05/07/2018,$125.9937,N/A,$125.9937,$125.9937,$125.9937
05/04/2018,$125.9937,N/A,$125.9937,$125.9937,$125.9937
05/03/2018,$125.9937,N/A,$125.9937,$125.9937,$125.9937
05/02/2018,$125.9937,N/A,$125.9937,$125.9937,$125.9937
05/01/2018,$125.9937,N/A,$125.9937,$125.9937,$125.9937
04/30/2018,$125.9937,N/A,$125.9937,$125.9937,$125.9937
04/27/2018,$125.9937,1,$125.9937,$125.9937,$125.9937
04/26/2018,$106.5547,23,$106.7947,$106.7947,$106.5547
04/25/2018,$137.9931,N/A,$137.9931,$137.9931,$137.9931
04/24/2018,$137.9931,N/A,$137.9931,$137.9931,$137.9931
04/23/2018,$137.9931,N/A,$137.9931,$137.9931,$137.9931
04/20/2018,$137.9931,1,$137.9931,$137.9931,$137.9931
04/19/2018,$131.9934,1,$131.9934,$131.9934,$131.9934
04/18/2018,$143.9928,17,$121.1939,$151.1924,$121.1939
04/17/2018,$151.1924,5,$151.1924,$151.1924,$151.1924
04/16/2018,$151.1924,N/A,$151.1924,$151.1924,$151.1924
04/13/2018,$151.1924,48,$149.9925,$151.1924,$149.9925
04/12/2018,$125.9937,N/A,$125.9937,$125.9937,$125.9937
04/11/2018,$125.9937,N/A,$125.9937,$125.9937,$125.9937
04/10/2018,$125.9937,N/A,$125.9937,$125.9937,$125.9937
04/09/2018,$125.9937,1,$125.9937,$125.9937,$125.9937
04/06/2018,$119.994,N/A,$119.994,$119.994,$119.994
04/05/2018,$119.994,N/A,$119.994,$119.994,$119.994
04/04/2018,$119.994,N/A,$119.994,$119.994,$119.994
04/03/2018,$119.994,N/A,$119.994,$119.994,$119.994
04/02/2018,$119.994,N/A,$119.994,$119.994,$119.994
03/29/2018,$119.994,N/A,$119.994,$119.994,$119.994
03/28/2018,$119.994,N/A,$119.994,$119.994,$119.994
03/27/2018,$119.994,1,$119.994,$119.994,$119.994
03/26/2018,$119.994,N/A,$119.994,$119.994,$119.994
03/23/2018,$119.994,N/A,$119.994,$119.994,$119.994
03/22/2018,$119.994,N/A,$119.994,$119.994,$119.994
03/21/2018,$119.994,N/A,$119.994,$119.994,$119.994
03/20/2018,$119.994,N/A,$119.994,$119.994,$119.994
03/19/2018,$119.994,1,$119.994,$119.994,$119.994
03/16/2018,$119.994,N/A,$119.994,$119.994,$119.994
03/15/2018,$119.994,N/A,$119.994,$119.994,$119.994
03/14/2018,$119.994,3,$155.9922,$155.9922,$119.994
03/13/2018,$178.7911,N/A,$178.7911,$178.7911,$178.7911
03/12/2018,$178.7911,3,$178.7911,$178.7911,$178.7911
03/09/2018,$161.9919,2,$179.991,$179.991,$161.9919
03/08/2018,$165.5917,N/A,$165.5917,$165.5917,$165.5917
03/07/2018,$165.5917,N/A,$165.5917,$165.5917,$165.5917
03/06/2018,$165.5917,N/A,$165.5917,$165.5917,$165.5917
03/05/2018,$165.5917,N/A,$165.5917,$165.5917,$165.5917
03/02/2018,$165.5917,N/A,$165.5917,$165.5917,$165.5917
03/01/2018,$165.5917,N/A,$165.5917,$165.5917,$165.5917
02/28/2018,$165.5917,N/A,$165.5917,$165.5917,$165.5917
02/27/2018,$165.5917,N/A,$165.5917,$165.5917,$165.5917
02/26/2018,$165.5917,N/A,$165.5917,$165.5917,$165.5917
02/23/2018,$165.5917,N/A,$165.5917,$165.5917,$165.5917
02/22/2018,$165.5917,N/A,$165.5917,$165.5917,$165.5917
02/21/2018,$165.5917,N/A,$165.5917,$165.5917,$165.5917
02/20/2018,$165.5917,N/A,$165.5917,$165.5917,$165.5917
02/16/2018,$165.5917,9,$179.991,$179.991,$165.5917
02/15/2018,$299.985,N/A,$299.985,$299.985,$299.985
02/14/2018,$299.985,N/A,$299.985,$299.985,$299.985
02/13/2018,$299.985,N/A,$299.985,$299.985,$299.985
02/12/2018,$299.985,8,$299.985,$299.985,$299.985
02/09/2018,$281.9859,N/A,$281.9859,$281.9859,$281.9859
02/08/2018,$281.9859,N/A,$281.9859,$281.9859,$281.9859
02/07/2018,$281.9859,N/A,$281.9859,$281.9859,$281.9859
02/06/2018,$281.9859,N/A,$281.9859,$281.9859,$281.9859
02/05/2018,$281.9859,43,$281.9859,$281.9859,$281.9859
02/02/2018,$161.9919,N/A,$161.9919,$161.9919,$161.9919
02/01/2018,$161.9919,N/A,$161.9919,$161.9919,$161.9919
01/31/2018,$161.9919,N/A,$161.9919,$161.9919,$161.9919
01/30/2018,$161.9919,N/A,$161.9919,$161.9919,$161.9919
01/29/2018,$161.9919,8,$223.1888,$223.1888,$161.9919
01/26/2018,$263.9868,N/A,$263.9868,$263.9868,$263.9868
01/25/2018,$263.9868,N/A,$263.9868,$263.9868,$263.9868
01/24/2018,$263.9868,N/A,$263.9868,$263.9868,$263.9868
01/23/2018,$263.9868,N/A,$263.9868,$263.9868,$263.9868
01/22/2018,$263.9868,N/A,$263.9868,$263.9868,$263.9868
01/19/2018,$263.9868,1,$263.9868,$263.9868,$263.9868
01/18/2018,$323.9838,N/A,$323.9838,$323.9838,$323.9838
01/17/2018,$323.9838,N/A,$323.9838,$323.9838,$323.9838
01/16/2018,$323.9838,N/A,$323.9838,$323.9838,$323.9838
01/12/2018,$323.9838,N/A,$323.9838,$323.9838,$323.9838
01/11/2018,$323.9838,N/A,$323.9838,$323.9838,$323.9838
01/10/2018,$323.9838,1,$323.9838,$323.9838,$323.9838
01/09/2018,$299.985,13,$269.9865,$299.985,$269.9865
01/08/2018,$263.9868,23,$239.988,$263.9868,$239.988
01/05/2018,$191.9904,N/A,$191.9904,$191.9904,$191.9904
01/04/2018,$191.9904,1,$191.9904,$191.9904,$191.9904
01/03/2018,$191.9904,2,$191.9904,$191.9904,$191.9904
01/02/2018,$161.9919,2,$155.9922,$161.9919,$155.9922
12/29/2017,$119.994,N/A,$119.994,$119.994,$119.994
12/28/2017,$119.994,N/A,$119.994,$119.994,$119.994
12/27/2017,$119.994,N/A,$119.994,$119.994,$119.994
12/26/2017,$119.994,N/A,$119.994,$119.994,$119.994
12/22/2017,$119.994,N/A,$119.994,$119.994,$119.994
12/21/2017,$119.994,1,$119.994,$119.994,$119.994
12/20/2017,$125.9937,N/A,$125.9937,$125.9937,$125.9937
12/19/2017,$125.9937,N/A,$125.9937,$125.9937,$125.9937
12/18/2017,$125.9937,N/A,$125.9937,$125.9937,$125.9937
12/15/2017,$125.9937,N/A,$125.9937,$125.9937,$125.9937
12/14/2017,$125.9937,N/A,$125.9937,$125.9937,$125.9937
12/13/2017,$125.9937,N/A,$125.9937,$125.9937,$125.9937
12/12/2017,$125.9937,N/A,$125.9937,$125.9937,$125.9937
12/11/2017,$125.9937,5,$127.1936,$127.1936,$125.9937
12/08/2017,$149.9925,10,$169.1915,$169.1915,$149.9925
12/07/2017,$119.994,N/A,$119.994,$119.994,$119.994
12/06/2017,$119.994,N/A,$119.994,$119.994,$119.994
12/05/2017,$119.994,N/A,$119.994,$119.994,$119.994
12/04/2017,$119.994,N/A,$119.994,$119.994,$119.994
12/01/2017,$119.994,N/A,$119.994,$119.994,$119.994
11/30/2017,$119.994,N/A,$119.994,$119.994,$119.994
11/29/2017,$119.994,N/A,$119.994,$119.994,$119.994
11/28/2017,$119.994,N/A,$119.994,$119.994,$119.994
11/27/2017,$119.994,N/A,$119.994,$119.994,$119.994
11/24/2017,$119.994,N/A,$119.994,$119.994,$119.994
11/22/2017,$119.994,N/A,$119.994,$119.994,$119.994
11/21/2017,$119.994,N/A,$119.994,$119.994,$119.994
11/20/2017,$119.994,N/A,$119.994,$119.994,$119.994
11/17/2017,$119.994,N/A,$119.994,$119.994,$119.994
11/16/2017,$119.994,N/A,$119.994,$119.994,$119.994
11/15/2017,$119.994,17,$119.994,$119.994,$119.994
11/14/2017,$59.997,17,$59.997,$59.997,$59.997
11/13/2017,$11.9994,N/A,$11.9994,$11.9994,$11.9994
11/10/2017,$11.9994,N/A,$11.9994,$11.9994,$11.9994
11/09/2017,$11.9994,N/A,$11.9994,$11.9994,$11.9994
11/08/2017,$11.9994,N/A,$11.9994,$11.9994,$11.9994
11/07/2017,$11.9994,N/A,$11.9994,$11.9994,$11.9994
11/06/2017,$11.9994,N/A,$11.9994,$11.9994,$11.9994
11/03/2017,$11.9994,N/A,$11.9994,$11.9994,$11.9994
11/02/2017,$11.9994,N/A,$11.9994,$11.9994,$11.9994
11/01/2017,$11.9994,N/A,$11.9994,$11.9994,$11.9994
10/31/2017,$11.9994,N/A,$11.9994,$11.9994,$11.9994
10/30/2017,$11.9994,N/A,$11.9994,$11.9994,$11.9994
10/27/2017,$11.9994,N/A,$11.9994,$11.9994,$11.9994
10/26/2017,$11.9994,N/A,$11.9994,$11.9994,$11.9994
10/25/2017,$11.9994,N/A,$11.9994,$11.9994,$11.9994
10/24/2017,$11.9994,N/A,$11.9994,$11.9994,$11.9994
10/23/2017,$11.9994,N/A,$11.9994,$11.9994,$11.9994
10/20/2017,$11.9994,N/A,$11.9994,$11.9994,$11.9994
10/19/2017,$11.9994,N/A,$11.9994,$11.9994,$11.9994
10/18/2017,$11.9994,N/A,$11.9994,$11.9994,$11.9994
10/17/2017,$11.9994,N/A,$11.9994,$11.9994,$11.9994
10/16/2017,$11.9994,N/A,$11.9994,$11.9994,$11.9994
10/13/2017,$11.9994,N/A,$11.9994,$11.9994,$11.9994
10/12/2017,$11.9994,N/A,$11.9994,$11.9994,$11.9994
10/11/2017,$11.9994,N/A,$11.9994,$11.9994,$11.9994
10/10/2017,$11.9994,N/A,$11.9994,$11.9994,$11.9994
10/09/2017,$11.9994,N/A,$11.9994,$11.9994,$11.9994
10/06/2017,$11.9994,N/A,$11.9994,$11.9994,$11.9994
10/05/2017,$11.9994,N/A,$11.9994,$11.9994,$11.9994
10/04/2017,$11.9994,N/A,$11.9994,$11.9994,$11.9994
10/03/2017,$11.9994,N/A,$11.9994,$11.9994,$11.9994
10/02/2017,$11.9994,N/A,$11.9994,$11.9994,$11.9994
09/29/2017,$11.9994,N/A,$11.9994,$11.9994,$11.9994
09/28/2017,$11.9994,N/A,$11.9994,$11.9994,$11.9994
09/27/2017,$11.9994,N/A,$11.9994,$11.9994,$11.9994
09/26/2017,$11.9994,N/A,$11.9994,$11.9994,$11.9994
09/25/2017,$11.9994,N/A,$11.9994,$11.9994,$11.9994
09/22/2017,$11.9994,N/A,$11.9994,$11.9994,$11.9994
09/21/2017,$11.9994,N/A,$11.9994,$11.9994,$11.9994
09/20/2017,$11.9994,N/A,$11.9994,$11.9994,$11.9994
09/19/2017,$11.9994,N/A,$11.9994,$11.9994,$11.9994
09/18/2017,$11.9994,N/A,$11.9994,$11.9994,$11.9994
09/15/2017,$11.9994,N/A,$11.9994,$11.9994,$11.9994
09/14/2017,$11.9994,N/A,$11.9994,$11.9994,$11.9994
09/13/2017,$11.9994,N/A,$11.9994,$11.9994,$11.9994
09/12/2017,$11.9994,N/A,$11.9994,$11.9994,$11.9994
09/11/2017,$11.9994,N/A,$11.9994,$11.9994,$11.9994
09/08/2017,$11.9994,N/A,$11.9994,$11.9994,$11.9994
09/07/2017,$11.9994,N/A,$11.9994,$11.9994,$11.9994
09/06/2017,$11.9994,N/A,$11.9994,$11.9994,$11.9994
09/05/2017,$11.9994,N/A,$11.9994,$11.9994,$11.9994
09/01/2017,$11.9994,N/A,$11.9994,$11.9994,$11.9994
08/31/2017,$11.9994,N/A,$11.9994,$11.9994,$11.9994
08/30/2017,$11.9994,N/A,$11.9994,$11.9994,$11.9994
08/29/2017,$11.9994,N/A,$11.9994,$11.9994,$11.9994
08/28/2017,$11.9994,N/A,$11.9994,$11.9994,$11.9994
08/25/2017,$11.9994,N/A,$11.9994,$11.9994,$11.9994
08/24/2017,$11.9994,N/A,$11.9994,$11.9994,$11.9994
08/23/2017,$11.9994,N/A,$11.9994,$11.9994,$11.9994
08/22/2017,$11.9994,N/A,$11.9994,$11.9994,$11.9994
08/21/2017,$11.9994,N/A,$11.9994,$11.9994,$11.9994
08/18/2017,$11.9994,N/A,$11.9994,$11.9994,$11.9994
08/17/2017,$11.9994,N/A,$11.9994,$11.9994,$11.9994
08/16/2017,$11.9994,N/A,$11.9994,$11.9994,$11.9994
08/15/2017,$11.9994,N/A,$11.9994,$11.9994,$11.9994
08/14/2017,$11.9994,N/A,$11.9994,$11.9994,$11.9994
08/11/2017,$11.9994,N/A,$11.9994,$11.9994,$11.9994
08/10/2017,$11.9994,N/A,$11.9994,$11.9994,$11.9994
08/09/2017,$11.9994,N/A,$11.9994,$11.9994,$11.9994
08/08/2017,$11.9994,N/A,$11.9994,$11.9994,$11.9994
08/07/2017,$11.9994,N/A,$11.9994,$11.9994,$11.9994
08/04/2017,$11.9994,N/A,$11.9994,$11.9994,$11.9994
08/03/2017,$11.9994,N/A,$11.9994,$11.9994,$11.9994
08/02/2017,$11.9994,N/A,$11.9994,$11.9994,$11.9994
08/01/2017,$11.9994,N/A,$11.9994,$11.9994,$11.9994
07/31/2017,$11.9994,N/A,$11.9994,$11.9994,$11.9994
07/28/2017,$11.9994,N/A,$11.9994,$11.9994,$11.9994
07/27/2017,$11.9994,N/A,$11.9994,$11.9994,$11.9994
07/26/2017,$11.9994,N/A,$11.9994,$11.9994,$11.9994
07/25/2017,$11.9994,N/A,$11.9994,$11.9994,$11.9994
07/24/2017,$11.9994,N/A,$11.9994,$11.9994,$11.9994
07/21/2017,$11.9994,N/A,$11.9994,$11.9994,$11.9994
07/20/2017,$11.9994,N/A,$11.9994,$11.9994,$11.9994
07/19/2017,$11.9994,N/A,$11.9994,$11.9994,$11.9994
07/18/2017,$11.9994,N/A,$11.9994,$11.9994,$11.9994
07/17/2017,$11.9994,N/A,$11.9994,$11.9994,$11.9994
07/14/2017,$11.9994,N/A,$11.9994,$11.9994,$11.9994
07/13/2017,$11.9994,N/A,$11.9994,$11.9994,$11.9994
07/12/2017,$11.9994,N/A,$11.9994,$11.9994,$11.9994
07/11/2017,$11.9994,N/A,$11.9994,$11.9994,$11.9994
07/10/2017,$11.9994,N/A,$11.9994,$11.9994,$11.9994
07/07/2017,$11.9994,N/A,$11.9994,$11.9994,$11.9994
07/06/2017,$11.9994,N/A,$11.9994,$11.9994,$11.9994
07/05/2017,$11.9994,N/A,$11.9994,$11.9994,$11.9994
07/03/2017,$11.9994,N/A,$11.9994,$11.9994,$11.9994
06/30/2017,$11.9994,N/A,$11.9994,$11.9994,$11.9994
06/29/2017,$11.9994,N/A,$11.9994,$11.9994,$11.9994
06/28/2017,$11.9994,N/A,$11.9994,$11.9994,$11.9994
06/27/2017,$11.9994,N/A,$11.9994,$11.9994,$11.9994
06/26/2017,$11.9994,N/A,$11.9994,$11.9994,$11.9994
06/23/2017,$11.9994,N/A,$11.9994,$11.9994,$11.9994
06/22/2017,$11.9994,N/A,$11.9994,$11.9994,$11.9994
06/21/2017,$11.9994,N/A,$11.9994,$11.9994,$11.9994
06/20/2017,$11.9994,N/A,$11.9994,$11.9994,$11.9994
06/19/2017,$11.9994,N/A,$11.9994,$11.9994,$11.9994
06/16/2017,$11.9994,N/A,$11.9994,$11.9994,$11.9994
06/15/2017,$11.9994,N/A,$11.9994,$11.9994,$11.9994
06/14/2017,$11.9994,N/A,$11.9994,$11.9994,$11.9994
06/13/2017,$11.9994,N/A,$11.9994,$11.9994,$11.9994
06/12/2017,$11.9994,N/A,$11.9994,$11.9994,$11.9994
06/09/2017,$11.9994,N/A,$11.9994,$11.9994,$11.9994
06/08/2017,$11.9994,N/A,$11.9994,$11.9994,$11.9994
06/07/2017,$11.9994,N/A,$11.9994,$11.9994,$11.9994
06/06/2017,$11.9994,N/A,$11.9994,$11.9994,$11.9994
06/05/2017,$11.9994,N/A,$11.9994,$11.9994,$11.9994
06/02/2017,$11.9994,N/A,$11.9994,$11.9994,$11.9994
06/01/2017,$11.9994,N/A,$11.9994,$11.9994,$11.9994
05/31/2017,$11.9994,N/A,$11.9994,$11.9994,$11.9994
05/30/2017,$11.9994,N/A,$11.9994,$11.9994,$11.9994
05/26/2017,$11.9994,N/A,$11.9994,$11.9994,$11.9994
05/25/2017,$11.9994,N/A,$11.9994,$11.9994,$11.9994
05/24/2017,$11.9994,N/A,$11.9994,$11.9994,$11.9994
05/23/2017,$11.9994,N/A,$11.9994,$11.9994,$11.9994
05/22/2017,$11.9994,N/A,$11.9994,$11.9994,$11.9994
05/19/2017,$11.9994,N/A,$11.9994,$11.9994,$11.9994
05/18/2017,$11.9994,N/A,$11.9994,$11.9994,$11.9994
05/17/2017,$11.9994,N/A,$11.9994,$11.9994,$11.9994
05/16/2017,$11.9994,N/A,$11.9994,$11.9994,$11.9994
05/15/2017,$11.9994,N/A,$11.9994,$11.9994,$11.9994
05/12/2017,$11.9994,N/A,$11.9994,$11.9994,$11.9994
05/11/2017,$11.9994,N/A,$11.9994,$11.9994,$11.9994
05/10/2017,$11.9994,N/A,$11.9994,$11.9994,$11.9994
05/09/2017,$11.9994,N/A,$11.9994,$11.9994,$11.9994
05/08/2017,$11.9994,N/A,$11.9994,$11.9994,$11.9994
05/05/2017,$11.9994,N/A,$11.9994,$11.9994,$11.9994
05/04/2017,$11.9994,N/A,$11.9994,$11.9994,$11.9994
05/03/2017,$11.9994,N/A,$11.9994,$11.9994,$11.9994
05/02/2017,$11.9994,N/A,$11.9994,$11.9994,$11.9994
