Date,Close,Volume,Open,High,Low
03/01/2024,$87.87,"324,711",$87.31,$87.945,$85.73
02/29/2024,$87.40,"567,243",$87.24,$87.78,$86.535
02/28/2024,$86.49,"503,224",$85.17,$86.68,$85.08
02/27/2024,$86.43,"508,655",$87.86,$87.86,$86.01
02/26/2024,$86.97,"453,182",$87.78,$88.98,$86.96
02/23/2024,$87.67,"618,884",$88.58,$88.58,$87.13
02/22/2024,$88.77,"510,622",$87.91,$89.17,$87.76
02/21/2024,$87.79,"364,292",$86.83,$88.32,$86.58
02/20/2024,$87.19,"428,760",$88.21,$88.21,$86.17
02/16/2024,$86.42,"371,547",$87.08,$87.54,$86.38
02/15/2024,$88.09,"482,337",$88.30,$88.695,$87.21
02/14/2024,$86.64,"489,668",$86.70,$87.04,$85.01
02/13/2024,$85.18,"909,697",$84.29,$85.36,$83.62
02/12/2024,$87.87,"626,472",$86.25,$88.46,$86.09
02/09/2024,$86.22,"565,140",$84.70,$86.24,$84.02
02/08/2024,$84.68,"470,928",$84.07,$85.515,$84.0358
02/07/2024,$83.47,"405,866",$84.33,$84.33,$82.95
02/06/2024,$84.04,"940,075",$84.00,$84.74,$83.75
02/05/2024,$84.25,"1,302,699",$84.31,$85.38,$83.845
02/02/2024,$85.60,"1,848,251",$83.32,$86.70,$82.68
02/01/2024,$84.49,"3,110,224",$81.44,$85.70,$81.095
01/31/2024,$80.68,"1,436,777",$82.26,$83.15,$80.39
01/30/2024,$82.27,"1,731,516",$83.56,$84.15,$81.77
01/29/2024,$85.15,"875,334",$82.90,$85.48,$82.62
01/26/2024,$82.88,"603,130",$84.20,$85.04,$82.48
01/25/2024,$83.40,"953,096",$82.67,$84.65,$82.13
01/24/2024,$84.36,"549,128",$87.00,$87.00,$83.59
01/23/2024,$86.13,"389,808",$88.79,$89.69,$86.03
01/22/2024,$87.84,"490,544",$87.44,$88.715,$87.34
01/19/2024,$86.85,"587,965",$85.70,$87.16,$84.95
01/18/2024,$85.58,"517,114",$85.45,$86.38,$84.485
01/17/2024,$85.30,"444,381",$85.44,$86.495,$84.96
01/16/2024,$85.95,"503,407",$85.59,$86.10,$84.83
01/12/2024,$86.64,"464,431",$89.23,$89.53,$86.41
01/11/2024,$88.25,"468,589",$88.43,$88.85,$87.08
01/10/2024,$88.35,"513,561",$89.66,$90.02,$88.31
01/09/2024,$89.52,"610,971",$89.80,$90.36,$89.02
01/08/2024,$90.62,"636,399",$89.79,$91.21,$88.98
01/05/2024,$89.64,"798,917",$88.82,$90.8575,$88.041
01/04/2024,$89.25,"966,102",$89.03,$89.56,$87.77
01/03/2024,$89.99,"850,943",$93.24,$93.24,$89.80
01/02/2024,$95.00,"1,198,555",$94.82,$97.025,$94.06
12/29/2023,$96.75,"658,961",$97.91,$98.75,$96.63
12/28/2023,$98.39,"653,187",$98.55,$98.69,$97.53
12/27/2023,$98.88,"528,537",$99.44,$99.515,$98.52
12/26/2023,$99.01,"336,827",$98.20,$99.675,$97.97
12/22/2023,$97.89,"463,830",$96.85,$98.05,$96.01
12/21/2023,$97.01,"618,852",$95.86,$97.119,$95.59
12/20/2023,$94.49,"751,337",$95.31,$96.705,$94.44
12/19/2023,$96.20,"822,720",$95.50,$96.46,$94.262
12/18/2023,$95.20,"670,201",$95.75,$95.75,$94.125
12/15/2023,$95.19,"1,248,071",$94.89,$95.96,$93.54
12/14/2023,$94.99,"1,364,905",$90.59,$95.515,$90.56
12/13/2023,$88.30,"827,262",$84.60,$88.44,$83.98
12/12/2023,$84.50,"516,820",$84.69,$85.01,$83.779
12/11/2023,$84.77,"485,066",$84.50,$85.08,$83.65
12/08/2023,$84.70,"529,960",$84.25,$85.69,$84.25
12/07/2023,$84.66,"424,340",$82.42,$84.69,$81.99
12/06/2023,$82.43,"458,735",$82.11,$84.24,$82.11
12/05/2023,$81.26,"455,046",$82.80,$82.815,$80.75
12/04/2023,$83.36,"566,957",$82.74,$84.33,$82.35
12/01/2023,$83.12,"792,840",$78.77,$83.325,$78.33
11/30/2023,$78.87,"722,140",$79.67,$80.07,$78.65
11/29/2023,$79.69,"824,669",$79.51,$80.52,$79.23
11/28/2023,$78.51,"726,419",$77.58,$78.965,$77.10
11/27/2023,$78.07,"796,631",$77.81,$78.46,$77.33
11/24/2023,$78.28,"275,083",$77.77,$78.77,$77.50
11/22/2023,$78.06,"442,880",$78.77,$79.43,$77.63
11/21/2023,$78.28,"836,267",$78.18,$78.82,$77.65
11/20/2023,$79.06,"1,138,624",$78.18,$79.40,$77.50
11/17/2023,$77.11,"1,275,069",$76.78,$77.70,$75.905
11/16/2023,$75.61,"846,564",$78.50,$79.18,$75.255
11/15/2023,$79.30,"1,466,875",$75.69,$79.52,$75.315
11/14/2023,$75.27,"652,053",$72.87,$75.69,$72.87
11/13/2023,$70.29,"315,795",$69.82,$70.74,$69.48
11/10/2023,$70.38,"285,609",$69.86,$70.54,$69.48
11/09/2023,$69.53,"502,144",$72.29,$72.29,$69.19
11/08/2023,$71.99,"702,697",$71.49,$72.225,$70.73
11/07/2023,$71.13,"535,518",$72.17,$72.78,$70.99
11/06/2023,$72.61,"684,492",$74.60,$74.76,$72.49
11/03/2023,$74.77,"723,356",$73.77,$74.925,$72.67
11/02/2023,$72.21,"880,288",$71.20,$72.50,$71.20
11/01/2023,$69.96,"567,058",$68.93,$70.16,$67.95
10/31/2023,$69.47,"763,711",$68.31,$70.01,$68.265
10/30/2023,$67.83,"664,975",$68.91,$69.565,$67.18
10/27/2023,$68.11,"796,553",$67.90,$69.44,$67.80
10/26/2023,$67.92,"1,282,431",$70.58,$70.68,$66.47
10/25/2023,$68.77,"1,335,501",$68.80,$69.469,$67.76
10/24/2023,$69.49,"909,449",$71.17,$71.385,$69.16
10/23/2023,$71.00,"482,847",$71.93,$72.355,$70.88
10/20/2023,$72.06,"760,995",$72.67,$72.69,$71.69
10/19/2023,$72.75,"593,141",$73.58,$74.19,$72.57
10/18/2023,$73.78,"498,668",$74.56,$74.99,$73.72
10/17/2023,$75.80,"717,696",$74.07,$76.24,$74.07
10/16/2023,$74.78,"583,322",$75.03,$75.71,$74.21
10/13/2023,$73.93,"379,927",$74.10,$74.48,$73.53
10/12/2023,$74.15,"506,559",$75.84,$75.84,$73.32
10/11/2023,$75.81,"730,320",$76.04,$76.955,$75.38
10/10/2023,$76.10,"549,020",$75.18,$76.2399,$74.81
10/09/2023,$74.69,"387,004",$73.38,$74.83,$72.63
10/06/2023,$74.21,"653,433",$73.56,$74.91,$72.585
10/05/2023,$73.88,"913,964",$75.85,$76.3662,$73.83
10/04/2023,$76.30,"799,033",$75.94,$76.76,$75.04
10/03/2023,$75.98,"852,517",$78.15,$78.17,$75.78
10/02/2023,$78.87,"424,736",$78.88,$79.58,$78.32
09/29/2023,$79.00,"449,281",$79.88,$80.30,$78.6015
09/28/2023,$78.96,"504,807",$78.09,$79.51,$77.64
09/27/2023,$78.23,"646,228",$78.29,$78.56,$77.42
09/26/2023,$78.37,"895,172",$78.67,$79.17,$78.35
09/25/2023,$79.52,"568,255",$78.21,$79.64,$78.04
09/22/2023,$78.55,"819,368",$78.44,$78.78,$77.81
09/21/2023,$78.15,"823,476",$77.47,$78.75,$76.98
09/20/2023,$78.38,"965,901",$77.77,$79.31,$77.77
09/19/2023,$77.30,"920,913",$76.00,$78.06,$75.89
09/18/2023,$76.28,"794,043",$77.46,$78.43,$75.24
09/15/2023,$77.43,"1,486,598",$77.33,$78.395,$77.09
09/14/2023,$77.85,"576,749",$77.49,$78.05,$77.035
09/13/2023,$76.52,"893,550",$76.62,$77.045,$75.425
09/12/2023,$76.47,"694,729",$75.63,$77.03,$75.25
09/11/2023,$75.49,"1,305,088",$74.55,$76.12,$74.45
09/08/2023,$76.39,"739,957",$76.49,$77.51,$76.04
09/07/2023,$76.28,"733,587",$77.00,$77.51,$75.91
09/06/2023,$77.52,"251,537",$78.26,$78.69,$77.33
09/05/2023,$77.78,"614,111",$80.39,$80.39,$77.54
09/01/2023,$81.24,"469,086",$79.84,$81.43,$79.84
08/31/2023,$79.12,"754,200",$78.93,$80.53,$78.19
08/30/2023,$78.38,"1,251,539",$80.87,$80.87,$78.28
08/29/2023,$82.14,"574,943",$81.11,$82.22,$80.29
08/28/2023,$81.08,"521,795",$81.43,$82.16,$80.50
08/25/2023,$80.84,"568,922",$80.71,$81.73,$80.05
08/24/2023,$80.02,"721,527",$81.17,$81.43,$79.85
08/23/2023,$81.42,"766,721",$79.62,$81.42,$79.18
08/22/2023,$80.26,"620,507",$81.50,$81.75,$79.94
08/21/2023,$81.82,"538,576",$82.90,$83.265,$80.83
08/18/2023,$82.84,"610,452",$82.27,$83.77,$82.015
08/17/2023,$83.15,"479,422",$83.38,$84.34,$82.93
08/16/2023,$82.98,"437,233",$83.71,$84.78,$82.94
08/15/2023,$84.06,"465,647",$84.95,$85.50,$84.005
08/14/2023,$85.90,"382,452",$84.86,$85.9775,$84.40
08/11/2023,$85.48,"384,812",$85.25,$85.92,$84.911
08/10/2023,$85.69,"400,845",$86.63,$87.30,$85.22
08/09/2023,$86.06,"449,364",$84.47,$86.145,$84.05
08/08/2023,$84.69,"572,349",$84.24,$84.77,$83.05
08/07/2023,$85.42,"514,038",$84.54,$85.76,$84.18
08/04/2023,$84.63,"533,320",$83.96,$85.235,$83.045
08/03/2023,$83.75,"955,678",$85.46,$86.21,$83.38
08/02/2023,$86.07,"596,521",$83.90,$86.28,$83.21
08/01/2023,$85.07,"751,002",$85.89,$85.89,$83.88
07/31/2023,$86.31,"626,982",$85.61,$86.375,$84.73
07/28/2023,$85.54,"586,016",$86.42,$87.17,$85.28
07/27/2023,$85.55,"1,013,757",$88.36,$90.49,$85.24
07/26/2023,$88.64,"615,472",$87.04,$88.91,$86.89
07/25/2023,$86.89,"444,794",$87.17,$87.5396,$86.04
07/24/2023,$87.27,"433,720",$86.15,$87.6111,$86.15
07/21/2023,$86.25,"593,367",$86.47,$87.265,$85.435
07/20/2023,$85.54,"494,549",$86.33,$87.1425,$85.245
07/19/2023,$86.91,"998,519",$84.10,$87.37,$83.38
07/18/2023,$85.21,"711,262",$84.88,$86.875,$83.83
07/17/2023,$84.69,"638,726",$82.28,$85.13,$81.81
07/14/2023,$83.89,"1,116,105",$87.27,$87.27,$81.50
07/13/2023,$88.30,"363,865",$88.72,$88.98,$87.55
07/12/2023,$88.78,"658,530",$89.57,$90.17,$88.00
07/11/2023,$88.28,"504,963",$85.98,$88.39,$85.67
07/10/2023,$85.48,"414,509",$84.72,$86.77,$84.72
07/07/2023,$84.73,"789,764",$83.29,$86.055,$83.29
07/06/2023,$83.06,"760,037",$83.79,$84.4772,$82.69
07/05/2023,$85.02,"535,931",$86.22,$86.22,$84.93
07/03/2023,$86.90,"255,443",$86.29,$87.16,$86.065
06/30/2023,$86.64,"668,149",$85.91,$87.19,$84.84
06/29/2023,$84.76,"340,688",$83.51,$84.99,$83.51
06/28/2023,$83.10,"427,957",$83.32,$83.75,$82.24
06/27/2023,$83.45,"475,406",$82.11,$84.095,$81.65
06/26/2023,$82.44,"672,024",$80.95,$83.37,$80.75
06/23/2023,$80.74,"1,469,299",$80.60,$81.87,$80.38
06/22/2023,$82.04,"705,960",$83.60,$83.60,$81.33
06/21/2023,$83.77,"550,844",$83.09,$84.63,$82.51
06/20/2023,$83.86,"639,759",$85.53,$85.53,$83.72
06/16/2023,$85.71,"1,120,710",$86.46,$86.78,$85.14
06/15/2023,$86.36,"545,111",$85.72,$86.94,$85.525
06/14/2023,$86.33,"659,137",$88.78,$88.88,$85.79
06/13/2023,$89.05,"1,278,361",$85.18,$90.5201,$85.18
06/12/2023,$85.06,"384,026",$84.72,$85.85,$83.655
06/09/2023,$84.30,"500,865",$85.09,$85.96,$83.941
06/08/2023,$85.00,"507,987",$85.07,$85.33,$83.97
06/07/2023,$85.14,"560,495",$82.63,$85.65,$82.34
06/06/2023,$82.02,"805,162",$78.18,$82.04,$78.17
06/05/2023,$77.54,"434,247",$79.77,$79.92,$77.47
06/02/2023,$80.58,"791,896",$77.54,$80.66,$77.03
06/01/2023,$76.11,"501,251",$75.53,$76.43,$74.62
05/31/2023,$75.50,"737,022",$76.51,$77.24,$74.18
05/30/2023,$77.22,"512,114",$78.18,$78.97,$77.06
05/26/2023,$77.55,"453,149",$76.15,$77.633,$76.015
05/25/2023,$76.19,"510,758",$75.29,$76.65,$75.07
05/24/2023,$75.40,"410,439",$75.90,$76.31,$74.49
05/23/2023,$76.17,"417,773",$76.25,$78.02,$76.00
05/22/2023,$76.87,"384,204",$76.25,$77.325,$76.01
05/19/2023,$76.40,"644,096",$80.29,$80.29,$75.80
05/18/2023,$80.01,"657,069",$77.54,$80.30,$76.90
05/17/2023,$77.48,"608,809",$76.04,$77.76,$76.04
05/16/2023,$75.74,"663,904",$76.98,$77.43,$75.08
05/15/2023,$77.81,"518,939",$76.96,$77.82,$76.15
05/12/2023,$77.02,"593,156",$77.12,$77.50,$76.07
05/11/2023,$77.23,"1,106,206",$77.88,$78.385,$76.94
05/10/2023,$78.17,"1,038,450",$82.26,$82.26,$77.07
05/09/2023,$80.97,"379,729",$81.51,$81.67,$80.83
05/08/2023,$82.68,"415,741",$83.32,$83.32,$82.15
05/05/2023,$82.67,"895,745",$82.17,$82.73,$81.14
05/04/2023,$80.34,"638,438",$83.76,$84.47,$80.11
05/03/2023,$84.71,"554,117",$86.39,$87.235,$84.62
05/02/2023,$86.16,"513,563",$85.44,$86.16,$83.48
05/01/2023,$86.04,"629,209",$84.86,$86.56,$84.51
04/28/2023,$84.79,"718,225",$84.87,$86.18,$84.57
04/27/2023,$85.23,"854,307",$83.00,$85.34,$80.77
04/26/2023,$83.08,"635,554",$83.36,$84.50,$83.02
04/25/2023,$83.36,"572,433",$85.38,$85.55,$82.96
04/24/2023,$85.97,"416,810",$86.31,$87.50,$85.53
04/21/2023,$86.15,"521,103",$86.02,$86.865,$85.30
04/20/2023,$85.66,"464,216",$84.91,$86.54,$84.59
04/19/2023,$85.59,"634,963",$84.49,$85.75,$84.10
04/18/2023,$84.32,"718,434",$83.17,$84.7797,$83.17
04/17/2023,$82.96,"453,708",$82.05,$83.39,$81.77
04/14/2023,$81.95,"280,714",$81.84,$83.09,$80.99
04/13/2023,$81.34,"449,828",$81.23,$81.435,$79.92
04/12/2023,$80.76,"499,391",$82.17,$82.18,$80.085
04/11/2023,$81.14,"433,675",$79.31,$81.64,$78.97
04/10/2023,$78.85,"469,427",$76.07,$79.135,$76.07
04/06/2023,$76.21,"572,795",$77.55,$77.70,$75.94
04/05/2023,$77.49,"774,804",$79.09,$79.305,$76.58
04/04/2023,$79.79,"677,490",$82.98,$82.98,$79.555
04/03/2023,$82.14,"393,380",$81.83,$83.00,$81.11
03/31/2023,$82.00,"457,509",$79.47,$82.18,$79.22
03/30/2023,$78.91,"384,136",$79.53,$80.91,$78.83
03/29/2023,$78.86,"514,431",$79.51,$79.61,$77.915
03/28/2023,$78.31,"468,998",$78.20,$78.99,$77.26
03/27/2023,$78.12,"325,037",$78.31,$78.58,$76.96
03/24/2023,$77.11,"547,255",$76.89,$77.40,$75.71
03/23/2023,$77.64,"457,991",$78.70,$80.205,$76.65
03/22/2023,$78.51,"595,680",$80.82,$81.64,$78.44
03/21/2023,$80.41,"723,841",$79.18,$80.61,$78.84
03/20/2023,$77.63,"750,607",$76.79,$79.39,$76.7617
03/17/2023,$75.99,"1,612,982",$79.86,$79.86,$75.40
03/16/2023,$80.29,"677,724",$79.05,$81.14,$78.68
03/15/2023,$80.15,"708,619",$80.40,$80.795,$78.72
03/14/2023,$82.27,"662,024",$83.19,$84.185,$81.41
03/13/2023,$80.81,"814,936",$81.71,$82.78,$79.8046
03/10/2023,$83.28,"664,675",$85.20,$85.50,$81.50
03/09/2023,$85.39,"431,220",$88.18,$88.58,$85.33
03/08/2023,$88.39,"439,663",$88.35,$88.89,$87.33
03/07/2023,$87.96,"416,564",$87.36,$88.585,$87.19
03/06/2023,$87.81,"686,356",$88.86,$89.29,$87.70
03/03/2023,$88.43,"424,797",$88.92,$89.00,$87.55
03/02/2023,$88.39,"264,716",$86.60,$88.41,$86.29
03/01/2023,$87.50,"328,878",$87.35,$88.41,$86.89
02/28/2023,$87.42,"391,673",$87.51,$88.38,$87.36
02/27/2023,$87.50,"394,368",$88.26,$88.823,$87.44
02/24/2023,$87.70,"471,726",$86.27,$87.82,$86.09
02/23/2023,$88.39,"506,813",$88.70,$89.00,$87.00
02/22/2023,$87.90,"501,132",$87.37,$89.05,$87.35
02/21/2023,$86.98,"534,031",$87.52,$88.1735,$86.51
02/17/2023,$89.11,"522,045",$88.64,$89.32,$87.6398
02/16/2023,$88.45,"639,418",$88.38,$89.93,$88.035
02/15/2023,$89.20,"310,015",$87.47,$89.24,$87.33
02/14/2023,$88.25,"473,984",$87.20,$89.06,$86.13
02/13/2023,$88.01,"353,991",$86.19,$88.06,$86.0335
02/10/2023,$86.47,"504,476",$86.20,$87.36,$85.87
02/09/2023,$86.55,"375,234",$89.34,$89.86,$86.36
02/08/2023,$88.40,"475,318",$88.19,$90.025,$87.805
02/07/2023,$88.93,"747,078",$89.78,$90.17,$87.84
02/06/2023,$90.29,"717,320",$91.68,$92.81,$90.26
02/03/2023,$92.40,"991,453",$89.97,$93.15,$89.6247
02/02/2023,$90.58,"1,537,969",$84.39,$91.49,$84.39
02/01/2023,$86.18,"945,480",$83.92,$86.695,$83.29
01/31/2023,$84.33,"1,151,900",$80.47,$84.55,$80.19
01/30/2023,$79.83,"489,716",$79.05,$80.64,$79.05
01/27/2023,$79.70,"529,415",$78.19,$79.86,$77.82
01/26/2023,$78.67,"688,886",$80.00,$80.90,$77.50
01/25/2023,$80.28,"476,519",$78.90,$80.52,$78.75
01/24/2023,$80.17,"475,976",$79.77,$81.19,$79.615
01/23/2023,$80.17,"465,655",$78.19,$80.4799,$77.82
01/20/2023,$77.98,"329,941",$76.60,$78.125,$76.03
01/19/2023,$76.11,"603,224",$75.86,$76.525,$74.88
01/18/2023,$76.58,"569,789",$79.60,$80.06,$76.58
01/17/2023,$79.36,"520,365",$78.95,$81.00,$78.84
01/13/2023,$79.26,"463,203",$78.84,$79.925,$77.93
01/12/2023,$79.61,"432,253",$79.26,$79.72,$77.90
01/11/2023,$78.67,"432,299",$78.29,$79.39,$77.96
01/10/2023,$77.79,"745,496",$76.72,$77.92,$76.16
01/09/2023,$77.01,"361,560",$77.18,$78.02,$76.45
01/06/2023,$76.81,"518,252",$76.45,$76.955,$75.466
01/05/2023,$75.21,"588,055",$74.08,$75.91,$72.80
01/04/2023,$74.73,"399,029",$73.01,$74.96,$72.36
01/03/2023,$72.11,"813,002",$73.02,$73.62,$71.22
12/30/2022,$72.08,"300,513",$71.53,$72.50,$71.35
12/29/2022,$72.28,"410,827",$70.29,$72.45,$70.22
12/28/2022,$69.77,"340,685",$71.84,$71.84,$69.497
12/27/2022,$71.41,"187,223",$71.41,$72.17,$70.97
12/23/2022,$71.44,"254,094",$70.30,$71.55,$69.87
12/22/2022,$70.32,"402,613",$71.02,$71.455,$69.18
12/21/2022,$72.16,"490,209",$70.29,$72.29,$70.29
12/20/2022,$69.41,"442,725",$69.82,$70.73,$69.22
12/19/2022,$70.25,"772,491",$72.12,$72.99,$69.85
12/16/2022,$72.25,"1,626,494",$72.19,$73.42,$71.595
12/15/2022,$72.62,"925,279",$72.99,$73.095,$71.67
12/14/2022,$74.27,"474,786",$74.28,$75.06,$73.36
12/13/2022,$74.70,"582,299",$77.00,$77.20,$74.0069
12/12/2022,$74.08,"417,947",$72.33,$74.19,$71.42
12/09/2022,$72.11,"677,468",$71.23,$72.78,$70.99
12/08/2022,$72.08,"382,724",$71.72,$72.68,$70.77
12/07/2022,$71.07,"421,935",$71.82,$72.75,$70.93
12/06/2022,$71.94,"1,000,054",$72.49,$73.29,$70.58
12/05/2022,$72.50,"649,269",$73.21,$73.38,$72.31
12/02/2022,$74.05,"415,661",$73.29,$74.86,$73.29
12/01/2022,$74.12,"427,077",$74.75,$75.405,$73.23
11/30/2022,$74.20,"547,853",$73.24,$74.22,$70.905
11/29/2022,$72.93,"441,983",$72.76,$73.55,$72.59
11/28/2022,$72.69,"438,803",$72.72,$73.35,$72.20
11/25/2022,$73.25,"184,898",$73.37,$73.88,$73.235
11/23/2022,$73.62,"345,886",$72.61,$74.375,$72.15
11/22/2022,$72.75,"599,374",$70.72,$72.91,$70.64
11/21/2022,$70.73,"459,029",$72.26,$73.00,$70.67
11/18/2022,$73.04,"584,247",$73.29,$73.37,$71.32
11/17/2022,$72.57,"527,245",$71.37,$72.66,$70.2115
11/16/2022,$72.84,"638,338",$73.70,$73.79,$71.31
11/15/2022,$74.38,"1,194,900",$76.50,$77.93,$74.24
11/14/2022,$77.89,"683,291",$78.67,$79.82,$77.72
11/11/2022,$79.62,"787,120",$76.33,$80.20,$76.063
11/10/2022,$75.64,"678,537",$73.34,$76.54,$72.69
11/09/2022,$68.58,"304,568",$69.42,$70.445,$68.50
11/08/2022,$70.17,"446,317",$69.20,$71.40,$68.605
11/07/2022,$68.71,"519,145",$67.94,$68.855,$67.03
11/04/2022,$67.41,"638,841",$67.01,$68.535,$66.58
11/03/2022,$66.24,"921,829",$65.96,$67.39,$64.55
11/02/2022,$67.45,"1,048,582",$71.48,$71.86,$67.38
11/01/2022,$72.11,"738,565",$71.88,$73.20,$71.12
10/31/2022,$70.67,"718,247",$71.75,$72.48,$70.40
10/28/2022,$72.03,"797,038",$70.30,$72.67,$69.01
10/27/2022,$70.50,"1,447,612",$69.70,$72.28,$68.92
10/26/2022,$72.09,"712,619",$70.87,$73.60,$69.63
10/25/2022,$70.60,"730,607",$68.10,$70.62,$68.10
10/24/2022,$68.05,"615,845",$67.63,$68.965,$67.16
10/21/2022,$67.16,"551,374",$65.67,$67.22,$65.17
10/20/2022,$66.02,"301,600",$67.40,$68.77,$65.75
10/19/2022,$67.30,"670,430",$68.22,$68.73,$65.635
10/18/2022,$69.41,"380,931",$70.06,$70.63,$68.8301
10/17/2022,$68.44,"627,626",$68.87,$69.01,$67.41
10/14/2022,$67.41,"614,571",$70.63,$70.86,$67.22
10/13/2022,$70.24,"660,821",$67.41,$70.755,$66.00
10/12/2022,$68.92,"440,425",$68.84,$69.54,$67.78
10/11/2022,$68.55,"699,395",$67.73,$69.825,$66.84
10/10/2022,$67.72,"385,950",$67.96,$68.155,$66.75
10/07/2022,$67.94,"574,137",$68.95,$69.07,$67.24
10/06/2022,$70.07,"764,914",$68.80,$70.45,$68.185
10/05/2022,$69.18,"942,872",$68.905,$69.38,$68.05
10/04/2022,$70.21,"718,123",$67.99,$70.21,$67.99
10/03/2022,$66.46,"752,868",$66.32,$66.99,$65.01
09/30/2022,$65.45,"749,744",$65.72,$67.06,$65.195
09/29/2022,$66.31,"582,987",$67.08,$67.20,$65.085
09/28/2022,$68.51,"762,835",$67.68,$68.82,$67.16
09/27/2022,$67.27,"494,872",$66.94,$68.30,$66.285
09/26/2022,$66.20,"499,688",$66.96,$68.15,$65.82
09/23/2022,$66.92,"905,970",$66.90,$67.27,$65.87
09/22/2022,$68.08,"1,066,346",$71.14,$71.4701,$68.01
09/21/2022,$71.42,"532,916",$72.47,$74.09,$71.42
09/20/2022,$72.21,"530,398",$73.50,$73.53,$71.85
09/19/2022,$74.35,"591,126",$72.00,$74.39,$72.00
09/16/2022,$72.59,"1,636,822",$73.29,$73.39,$71.545
09/15/2022,$72.92,"823,434",$71.94,$73.70,$71.83
09/14/2022,$72.09,"878,596",$71.23,$72.51,$70.08
09/13/2022,$71.14,"647,070",$73.14,$73.56,$71.00
09/12/2022,$75.48,"706,409",$75.03,$76.51,$74.985
09/09/2022,$74.41,"583,801",$73.67,$74.75,$73.57
09/08/2022,$72.68,"1,249,765",$72.54,$72.98,$71.42
09/07/2022,$73.84,"568,042",$71.82,$74.295,$71.82
09/06/2022,$71.83,"723,661",$73.91,$74.29,$70.99
09/02/2022,$73.62,"492,363",$74.71,$75.37,$73.07
09/01/2022,$73.92,"555,403",$73.71,$74.36,$72.815
08/31/2022,$74.71,"516,099",$76.40,$76.82,$74.69
08/30/2022,$76.39,"450,683",$78.07,$78.30,$76.255
08/29/2022,$77.22,"311,886",$77.08,$78.17,$76.73
08/26/2022,$77.93,"560,732",$81.55,$82.225,$77.91
08/25/2022,$82.10,"393,772",$80.86,$82.99,$80.70
08/24/2022,$80.35,"609,477",$81.01,$82.13,$79.98
08/23/2022,$80.85,"339,232",$80.49,$82.00,$80.365
08/22/2022,$80.48,"478,871",$81.98,$82.46,$80.30
08/19/2022,$83.61,"546,644",$84.45,$84.84,$83.04
08/18/2022,$85.38,"334,609",$84.76,$85.675,$84.22
08/17/2022,$85.04,"475,268",$84.58,$85.79,$84.54
08/16/2022,$86.39,"716,273",$84.91,$86.82,$84.4426
08/15/2022,$85.34,"612,779",$84.28,$85.40,$83.74
08/12/2022,$84.64,"838,160",$84.49,$84.68,$83.47
08/11/2022,$83.89,"977,676",$82.98,$84.08,$81.85
08/10/2022,$81.78,"595,450",$81.63,$82.395,$80.96
08/09/2022,$80.04,"698,854",$82.18,$82.79,$78.91
08/08/2022,$79.98,"606,091",$78.94,$80.96,$78.94
08/05/2022,$78.48,"504,892",$76.51,$78.88,$76.29
08/04/2022,$78.14,"482,827",$77.31,$78.72,$77.00
08/03/2022,$77.97,"464,047",$76.27,$78.43,$76.27
08/02/2022,$75.90,"691,292",$79.51,$79.91,$75.81
08/01/2022,$80.18,"699,048",$79.62,$81.81,$78.86
07/29/2022,$80.12,"1,372,436",$77.77,$80.465,$77.01
07/28/2022,$77.10,"958,182",$76.48,$78.09,$74.81
07/27/2022,$76.95,"811,068",$74.90,$77.32,$74.24
07/26/2022,$74.78,"759,115",$75.74,$76.24,$74.49
07/25/2022,$76.64,"515,366",$77.72,$77.72,$75.74
07/22/2022,$76.99,"808,755",$76.88,$78.10,$76.05
07/21/2022,$76.75,"531,617",$74.68,$76.85,$74.2214
07/20/2022,$74.97,"450,682",$74.40,$75.06,$73.25
07/19/2022,$74.05,"751,531",$72.41,$74.11,$72.24
07/18/2022,$70.99,"425,661",$72.09,$72.74,$70.654
07/15/2022,$71.36,"344,374",$70.66,$71.94,$69.33
07/14/2022,$69.66,"674,609",$70.53,$70.53,$68.9044
07/13/2022,$71.46,"583,589",$69.98,$71.74,$69.71
07/12/2022,$70.73,"541,745",$69.23,$72.02,$69.23
07/11/2022,$69.11,"630,919",$69.85,$69.95,$68.38
07/08/2022,$69.93,"417,959",$70.16,$70.50,$69.07
07/07/2022,$70.00,"568,824",$67.84,$70.09,$67.84
07/06/2022,$67.74,"639,642",$68.78,$69.23,$66.38
07/05/2022,$68.69,"528,717",$65.23,$68.79,$64.64
07/01/2022,$66.46,"522,677",$65.17,$67.06,$64.76
06/30/2022,$65.38,"484,375",$64.90,$66.41,$63.42
06/29/2022,$65.85,"385,477",$66.27,$66.33,$64.52
06/28/2022,$66.67,"547,965",$69.29,$69.895,$66.45
06/27/2022,$68.86,"681,360",$67.99,$69.17,$67.28
06/24/2022,$67.54,"919,130",$66.88,$68.39,$66.88
06/23/2022,$66.07,"537,854",$64.68,$66.13,$64.53
06/22/2022,$64.48,"873,969",$63.53,$65.97,$63.48
06/21/2022,$64.57,"660,410",$65.12,$66.03,$63.72
06/17/2022,$63.90,"1,182,778",$63.22,$64.51,$63.00
06/16/2022,$62.83,"918,708",$64.49,$65.16,$61.89
06/15/2022,$66.44,"582,022",$67.05,$67.8317,$65.81
06/14/2022,$66.70,"745,926",$66.00,$66.98,$65.26
06/13/2022,$65.64,"931,423",$66.10,$67.70,$65.02
06/10/2022,$68.23,"1,118,353",$70.35,$71.73,$68.08
06/09/2022,$71.86,"608,127",$72.24,$73.29,$71.77
06/08/2022,$72.52,"468,561",$72.50,$73.31,$71.88
06/07/2022,$73.04,"700,489",$72.49,$73.77,$71.44
06/06/2022,$73.90,"784,696",$72.49,$74.04,$71.84
06/03/2022,$71.94,"754,425",$73.27,$73.71,$71.75
06/02/2022,$74.46,"1,147,435",$73.73,$74.735,$73.13
06/01/2022,$73.41,"811,845",$76.26,$76.475,$72.57
05/31/2022,$75.23,"778,539",$75.25,$75.87,$73.59
05/27/2022,$75.63,"444,226",$75.50,$76.92,$74.59
05/26/2022,$74.58,"784,749",$72.66,$75.42,$72.63
05/25/2022,$71.81,"1,035,859",$67.62,$72.32,$67.23
05/24/2022,$67.95,"850,557",$69.50,$69.62,$66.40
05/23/2022,$70.33,"1,056,504",$71.95,$72.36,$69.72
05/20/2022,$71.15,"861,090",$71.12,$71.635,$68.11
05/19/2022,$70.62,"1,100,181",$71.47,$72.84,$70.27
05/18/2022,$73.03,"1,110,380",$77.53,$77.795,$71.66
05/17/2022,$79.38,"484,237",$78.78,$80.155,$76.96
05/16/2022,$77.30,"518,217",$79.16,$79.16,$76.77
05/13/2022,$79.66,"567,740",$78.21,$80.51,$78.21
05/12/2022,$77.33,"776,751",$74.19,$77.745,$73.52
05/11/2022,$74.94,"897,071",$79.09,$79.69,$74.83
05/10/2022,$79.15,"1,054,893",$80.18,$80.31,$77.09
05/09/2022,$78.76,"907,977",$77.98,$80.97,$77.79
05/06/2022,$79.59,"1,056,617",$79.51,$80.47,$77.1909
05/05/2022,$79.78,"1,252,444",$81.44,$81.97,$78.58
05/04/2022,$83.04,"1,052,648",$80.01,$83.28,$79.29
05/03/2022,$79.99,"961,270",$77.11,$80.50,$76.96
05/02/2022,$77.22,"979,986",$75.18,$77.70,$75.18
04/29/2022,$75.61,"1,162,263",$76.30,$79.695,$75.43
04/28/2022,$76.36,"1,131,913",$75.57,$77.24,$73.36
04/27/2022,$74.53,"855,066",$74.35,$75.585,$73.12
04/26/2022,$74.48,"1,002,798",$77.10,$77.83,$74.45
04/25/2022,$78.28,"886,760",$75.38,$78.56,$74.35
04/22/2022,$76.13,"680,922",$77.18,$77.29,$75.95
04/21/2022,$77.90,"830,146",$80.50,$81.00,$77.31
04/20/2022,$79.35,"874,764",$79.17,$80.229,$78.46
04/19/2022,$78.37,"889,179",$75.26,$78.73,$75.145
04/18/2022,$75.42,"474,843",$75.30,$76.04,$74.43
04/14/2022,$75.71,"724,626",$76.53,$77.53,$75.685
04/13/2022,$76.27,"534,001",$74.69,$76.39,$74.485
04/12/2022,$74.95,"638,167",$75.77,$78.18,$74.92
04/11/2022,$74.61,"858,598",$74.94,$77.545,$74.39
04/08/2022,$75.53,"821,211",$74.82,$76.62,$74.33
04/07/2022,$74.79,"1,525,963",$73.37,$74.95,$72.75
04/06/2022,$73.56,"1,795,448",$74.35,$74.93,$72.71
04/05/2022,$75.35,"2,104,105",$79.48,$80.40,$75.11
04/04/2022,$80.50,"1,056,488",$80.71,$81.50,$79.78
04/01/2022,$80.28,"1,095,622",$81.60,$81.84,$79.60
03/31/2022,$80.89,"945,401",$84.53,$84.53,$80.64
03/30/2022,$84.43,"573,384",$87.75,$88.20,$84.33
03/29/2022,$88.14,"980,834",$86.04,$88.52,$85.76
03/28/2022,$84.57,"683,928",$83.44,$84.61,$81.96
03/25/2022,$83.38,"1,201,420",$82.50,$83.92,$81.70
03/24/2022,$82.45,"1,714,589",$84.89,$85.10,$82.02
03/23/2022,$84.38,"1,296,498",$89.27,$89.61,$84.06
03/22/2022,$91.15,"965,949",$92.04,$93.25,$89.64
03/21/2022,$90.85,"945,390",$92.86,$94.60,$90.00
03/18/2022,$93.25,"4,309,999",$89.45,$93.30,$88.33
03/17/2022,$90.02,"647,847",$89.58,$90.129,$87.92
03/16/2022,$90.39,"1,198,686",$89.20,$91.42,$87.68
03/15/2022,$88.01,"871,777",$86.54,$88.04,$85.64
03/14/2022,$85.70,"1,763,770",$88.63,$89.72,$85.34
03/11/2022,$89.67,"655,566",$92.13,$92.4799,$89.43
03/10/2022,$91.36,"745,908",$91.24,$92.242,$89.27
03/09/2022,$93.11,"972,132",$89.39,$93.375,$88.44
03/08/2022,$86.87,"1,350,810",$84.71,$89.47,$84.27
03/07/2022,$84.29,"1,707,601",$89.61,$90.49,$83.15
03/04/2022,$90.39,"719,360",$95.39,$96.17,$89.83
03/03/2022,$97.07,"534,419",$97.78,$98.33,$95.61
03/02/2022,$96.97,"704,082",$94.86,$98.24,$94.185
03/01/2022,$94.05,"776,234",$95.25,$95.95,$93.01
02/28/2022,$95.52,"446,504",$91.66,$95.57,$91.66
02/25/2022,$93.57,"621,230",$91.26,$94.20,$89.91
02/24/2022,$91.70,"1,023,209",$89.62,$92.02,$88.67
02/23/2022,$92.39,"784,964",$95.14,$95.43,$91.8625
02/22/2022,$94.98,"1,035,369",$94.46,$96.72,$94.04
02/18/2022,$95.32,"588,104",$95.45,$97.01,$94.781
02/17/2022,$95.89,"623,881",$97.55,$98.07,$95.40
02/16/2022,$97.92,"557,802",$96.68,$98.49,$96.52
02/15/2022,$97.60,"544,822",$95.49,$98.39,$95.49
02/14/2022,$94.88,"727,184",$95.15,$96.76,$94.12
02/11/2022,$95.50,"712,567",$94.99,$97.19,$94.68
02/10/2022,$94.63,"594,900",$95.61,$98.27,$93.74
02/09/2022,$96.27,"598,065",$95.36,$96.29,$94.73
02/08/2022,$94.25,"487,904",$91.43,$94.5152,$91.31
02/07/2022,$91.15,"447,944",$90.35,$91.96,$89.24
02/04/2022,$90.21,"578,281",$90.62,$91.06,$88.715
02/03/2022,$90.99,"650,097",$91.82,$93.17,$90.67
02/02/2022,$92.99,"699,850",$92.54,$93.43,$91.38
02/01/2022,$91.96,"779,341",$90.81,$92.37,$90.36
01/31/2022,$90.79,"775,617",$89.65,$90.96,$89.12
01/28/2022,$90.28,"1,111,923",$89.61,$91.14,$88.00
01/27/2022,$88.28,"1,845,790",$88.50,$91.93,$85.83
01/26/2022,$87.07,"884,912",$88.53,$90.30,$86.43
01/25/2022,$87.40,"812,023",$86.67,$88.44,$84.445
01/24/2022,$88.37,"1,633,885",$81.69,$88.66,$79.55
01/21/2022,$84.08,"2,711,266",$86.89,$86.89,$82.43
01/20/2022,$87.38,"1,384,305",$91.90,$92.675,$87.18
01/19/2022,$91.84,"910,922",$94.12,$95.165,$91.75
01/18/2022,$93.95,"739,601",$98.32,$98.79,$93.75
01/14/2022,$99.13,"486,183",$98.92,$99.65,$96.78
01/13/2022,$100.27,"568,858",$98.34,$101.075,$98.34
01/12/2022,$97.96,"478,093",$99.15,$100.01,$97.45
01/11/2022,$99.12,"282,016",$98.82,$99.45,$97.66
01/10/2022,$98.98,"487,570",$99.49,$100.09,$97.405
01/07/2022,$100.22,"368,498",$102.17,$103.43,$100.21
01/06/2022,$102.08,"602,184",$100.64,$102.60,$99.14
01/05/2022,$100.29,"601,393",$101.52,$102.88,$100.26
01/04/2022,$101.44,"767,874",$100.72,$102.69,$100.22
01/03/2022,$100.37,"521,231",$101.58,$102.20,$99.065
12/31/2021,$100.73,"350,672",$99.07,$101.28,$99.0525
12/30/2021,$99.38,"547,028",$100.01,$101.69,$99.38
12/29/2021,$99.67,"215,856",$98.07,$99.77,$98.00
12/28/2021,$98.27,"499,157",$97.24,$98.93,$97.23
12/27/2021,$97.55,"321,834",$97.42,$97.97,$96.80
12/23/2021,$96.87,"319,501",$96.12,$97.365,$95.69
12/22/2021,$95.87,"489,176",$94.95,$96.75,$94.95
12/21/2021,$94.47,"640,466",$92.68,$95.49,$92.68
12/20/2021,$92.22,"487,611",$92.78,$93.31,$90.58
12/17/2021,$94.11,"1,464,439",$97.36,$97.46,$94.01
12/16/2021,$97.89,"605,374",$99.29,$99.83,$97.62
12/15/2021,$98.21,"723,006",$96.73,$98.54,$94.92
12/14/2021,$96.73,"693,967",$95.00,$98.16,$94.60
12/13/2021,$95.93,"503,364",$97.00,$98.00,$95.16
12/10/2021,$95.95,"369,799",$96.86,$97.70,$95.41
12/09/2021,$96.47,"410,153",$98.04,$98.7099,$96.35
12/08/2021,$98.32,"522,561",$97.48,$99.22,$95.99
12/07/2021,$97.08,"403,167",$97.51,$98.61,$96.74
12/06/2021,$96.34,"756,100",$94.77,$96.94,$93.42
12/03/2021,$94.00,"585,616",$96.48,$96.67,$93.41
12/02/2021,$96.09,"401,053",$93.67,$97.09,$93.19
12/01/2021,$93.07,"449,514",$95.84,$97.44,$93.01
11/30/2021,$93.91,"621,767",$95.50,$96.23,$92.76
11/29/2021,$96.25,"451,568",$100.81,$101.06,$95.53
11/26/2021,$99.74,"299,689",$98.76,$99.96,$98.25
11/24/2021,$101.58,"243,334",$98.96,$101.635,$98.02
11/23/2021,$100.08,"579,262",$101.04,$102.05,$99.22
11/22/2021,$101.37,"574,819",$101.06,$102.715,$100.00
11/19/2021,$100.10,"368,256",$100.70,$102.74,$100.04
11/18/2021,$101.26,"362,351",$101.79,$101.81,$99.76
11/17/2021,$101.04,"460,217",$102.00,$102.32,$99.96
11/16/2021,$101.85,"371,305",$103.04,$103.57,$101.81
11/15/2021,$102.98,"456,015",$102.38,$103.93,$102.005
11/12/2021,$101.63,"534,714",$100.39,$102.695,$100.02
11/11/2021,$100.16,"634,630",$99.59,$101.98,$99.42
11/10/2021,$99.20,"340,293",$98.83,$100.84,$98.18
11/09/2021,$99.22,"425,448",$100.62,$101.559,$97.91
11/08/2021,$101.17,"596,505",$100.89,$102.16,$100.285
11/05/2021,$100.19,"514,992",$100.40,$102.07,$99.875
11/04/2021,$99.30,"573,955",$98.58,$100.54,$97.54
11/03/2021,$98.40,"590,798",$96.53,$99.935,$96.50
11/02/2021,$97.02,"573,752",$97.94,$98.34,$96.34
11/01/2021,$97.66,"706,858",$93.94,$98.30,$93.91
10/29/2021,$93.09,"1,093,727",$95.57,$96.91,$91.74
10/28/2021,$93.80,"1,248,241",$89.95,$93.88,$88.41
10/27/2021,$90.42,"1,005,391",$91.00,$92.26,$90.09
10/26/2021,$91.27,"1,067,937",$95.04,$95.91,$91.23
10/25/2021,$95.00,"756,699",$93.81,$95.615,$93.34
10/22/2021,$94.97,"918,574",$97.05,$97.06,$93.92
10/21/2021,$97.12,"400,646",$97.68,$98.8499,$96.99
10/20/2021,$97.72,"578,703",$100.81,$100.81,$97.60
10/19/2021,$100.65,"234,833",$102.76,$103.00,$100.3941
10/18/2021,$102.16,"321,615",$100.56,$102.34,$99.10
10/15/2021,$100.38,"304,951",$101.04,$101.39,$100.21
10/14/2021,$99.93,"431,056",$99.85,$101.039,$98.83
10/13/2021,$98.71,"344,910",$99.24,$99.90,$97.52
10/12/2021,$99.42,"272,437",$99.61,$100.68,$98.74
10/11/2021,$99.53,"288,857",$99.61,$101.08,$99.17
10/08/2021,$99.40,"218,511",$100.40,$101.1118,$99.20
10/07/2021,$99.80,"540,865",$98.23,$101.10,$98.05
10/06/2021,$96.91,"530,399",$98.07,$98.575,$95.31
10/05/2021,$98.99,"647,508",$99.15,$101.65,$98.21
10/04/2021,$98.49,"678,914",$97.59,$98.96,$96.18
10/01/2021,$97.36,"558,085",$95.75,$98.255,$94.97
09/30/2021,$95.27,"495,804",$99.91,$100.00,$95.23
09/29/2021,$98.96,"721,628",$98.68,$99.455,$97.70
09/28/2021,$97.96,"629,500",$97.84,$99.82,$97.16
09/27/2021,$98.67,"581,290",$97.43,$99.345,$96.69
09/24/2021,$97.77,"579,444",$97.46,$98.94,$96.26
09/23/2021,$98.12,"575,925",$97.66,$99.09,$96.87
09/22/2021,$96.71,"596,521",$93.93,$97.78,$93.21
09/21/2021,$93.01,"570,970",$95.19,$95.82,$92.92
09/20/2021,$94.85,"472,853",$95.43,$96.90,$93.54
09/17/2021,$97.43,"966,337",$96.77,$97.87,$96.09
09/16/2021,$97.39,"298,756",$97.91,$99.50,$97.27
09/15/2021,$97.82,"326,899",$96.62,$98.635,$96.43
09/14/2021,$97.01,"300,502",$98.47,$98.47,$95.97
09/13/2021,$97.93,"411,239",$98.13,$98.89,$96.48
09/10/2021,$97.10,"489,082",$97.36,$99.265,$96.89
09/09/2021,$96.61,"434,184",$94.55,$96.95,$94.55
09/08/2021,$94.57,"746,165",$95.27,$96.08,$93.9736
09/07/2021,$95.86,"435,455",$97.76,$98.89,$95.70
09/03/2021,$97.82,"372,072",$98.70,$98.81,$97.58
09/02/2021,$98.76,"475,140",$99.81,$100.20,$98.39
09/01/2021,$98.94,"406,397",$97.25,$99.50,$96.66
08/31/2021,$96.87,"882,736",$101.72,$101.89,$96.615
08/30/2021,$101.86,"321,061",$103.21,$103.72,$101.23
08/27/2021,$102.84,"466,489",$102.51,$103.77,$101.50
08/26/2021,$102.14,"296,934",$104.85,$104.85,$101.58
08/25/2021,$104.72,"442,255",$103.58,$105.50,$103.175
08/24/2021,$103.55,"427,169",$101.19,$104.11,$101.19
08/23/2021,$101.11,"322,669",$100.51,$101.39,$99.88
08/20/2021,$99.88,"289,908",$98.15,$100.23,$98.02
08/19/2021,$98.32,"420,764",$99.27,$100.49,$97.6265
08/18/2021,$100.80,"220,822",$101.50,$102.745,$100.80
08/17/2021,$102.37,"357,151",$104.92,$105.09,$101.19
08/16/2021,$105.31,"207,528",$105.32,$106.28,$103.736
08/13/2021,$105.63,"230,698",$106.60,$107.24,$105.08
08/12/2021,$106.45,"320,244",$106.87,$108.5125,$105.37
08/11/2021,$106.73,"504,908",$104.43,$106.80,$103.42
08/10/2021,$104.61,"280,607",$103.095,$105.06,$101.82
08/09/2021,$103.16,"278,562",$104.00,$104.64,$102.60
08/06/2021,$104.19,"250,833",$104.79,$106.24,$103.45
08/05/2021,$104.37,"489,069",$102.92,$104.84,$102.42
08/04/2021,$103.36,"477,228",$104.49,$105.54,$103.03
08/03/2021,$104.78,"374,782",$103.82,$105.87,$101.43
08/02/2021,$103.34,"526,143",$104.93,$107.46,$103.29
07/30/2021,$104.40,"816,972",$100.99,$104.90,$100.69
07/29/2021,$100.97,"582,249",$99.56,$102.67,$96.99
07/28/2021,$97.43,"667,153",$97.57,$98.7212,$95.22
07/27/2021,$97.53,"671,478",$98.98,$99.18,$96.41
07/26/2021,$100.38,"531,007",$100.12,$101.52,$99.83
07/23/2021,$99.96,"330,245",$99.32,$101.23,$99.05
07/22/2021,$98.73,"345,348",$99.92,$100.19,$98.41
07/21/2021,$99.41,"312,835",$99.69,$101.50,$99.12
07/20/2021,$98.76,"529,038",$94.46,$99.62,$94.25
07/19/2021,$94.22,"495,116",$92.91,$95.00,$91.71
07/16/2021,$94.79,"417,226",$96.88,$97.42,$94.59
07/15/2021,$96.59,"430,926",$97.54,$97.54,$95.57
07/14/2021,$97.30,"419,021",$97.89,$99.0236,$96.61
07/13/2021,$97.81,"353,705",$99.84,$99.84,$97.68
07/12/2021,$99.69,"512,143",$98.22,$100.40,$97.01
07/09/2021,$98.74,"593,023",$96.29,$98.82,$95.75
07/08/2021,$95.15,"598,361",$95.49,$97.02,$93.27
07/07/2021,$97.53,"492,835",$97.94,$99.63,$97.01
07/06/2021,$98.19,"525,699",$98.92,$99.00,$96.60
07/02/2021,$98.65,"290,521",$100.37,$100.72,$98.40
07/01/2021,$100.10,"708,406",$100.18,$101.31,$99.31
06/30/2021,$99.62,"598,095",$98.02,$99.90,$97.24
06/29/2021,$98.52,"544,730",$97.25,$99.45,$97.245
06/28/2021,$96.77,"609,918",$99.30,$99.50,$96.65
06/25/2021,$99.01,"1,319,127",$97.82,$99.925,$97.20
06/24/2021,$97.61,"758,179",$98.00,$98.38,$96.66
06/23/2021,$96.32,"498,068",$96.89,$97.32,$95.37
06/22/2021,$96.79,"431,520",$95.35,$97.27,$94.01
06/21/2021,$95.62,"840,643",$94.79,$96.62,$94.35
06/18/2021,$93.82,"1,219,061",$92.18,$94.58,$91.47
06/17/2021,$92.69,"805,124",$93.69,$94.29,$90.6654
06/16/2021,$94.42,"551,328",$95.93,$96.23,$93.26
06/15/2021,$96.05,"361,887",$95.81,$96.76,$95.07
06/14/2021,$95.61,"890,008",$96.73,$96.80,$94.81
06/11/2021,$96.68,"650,719",$94.43,$96.79,$94.0101
06/10/2021,$93.92,"830,577",$95.94,$97.12,$93.80
06/09/2021,$95.53,"749,498",$96.81,$96.99,$94.50
06/08/2021,$96.78,"877,146",$95.86,$96.8299,$93.6005
06/07/2021,$95.57,"1,039,725",$97.37,$97.40,$94.38
06/04/2021,$97.17,"713,689",$97.96,$97.99,$95.65
06/03/2021,$97.14,"778,144",$98.69,$99.50,$97.14
06/02/2021,$99.08,"1,159,871",$104.24,$104.7873,$98.61
06/01/2021,$103.84,"659,307",$103.00,$103.90,$102.06
05/28/2021,$102.23,"433,978",$102.84,$102.97,$100.51
05/27/2021,$102.10,"626,715",$102.01,$102.89,$100.885
05/26/2021,$101.13,"616,799",$98.90,$101.3173,$98.90
05/25/2021,$98.72,"671,827",$99.13,$100.00,$98.35
05/24/2021,$98.67,"900,515",$100.08,$100.24,$98.61
05/21/2021,$99.34,"633,104",$101.72,$101.81,$99.24
05/20/2021,$101.11,"759,262",$102.75,$102.75,$99.66
05/19/2021,$102.69,"1,104,336",$102.54,$104.10,$101.40
05/18/2021,$104.64,"389,040",$106.58,$106.8341,$104.54
05/17/2021,$106.04,"579,417",$107.92,$108.11,$104.50
05/14/2021,$108.84,"563,921",$110.94,$111.12,$108.23
05/13/2021,$109.69,"756,285",$106.94,$110.43,$106.94
05/12/2021,$106.10,"936,440",$110.86,$111.93,$105.83
05/11/2021,$111.63,"753,722",$112.57,$113.91,$109.76
05/10/2021,$114.82,"900,251",$116.05,$117.62,$113.68
05/07/2021,$115.91,"589,157",$115.40,$116.12,$113.33
05/06/2021,$115.19,"617,049",$112.82,$115.35,$110.92
05/05/2021,$112.52,"371,569",$113.00,$113.97,$111.09
05/04/2021,$112.20,"656,617",$111.20,$112.29,$108.41
05/03/2021,$110.86,"788,507",$109.19,$111.82,$108.326
04/30/2021,$107.13,"943,378",$105.90,$107.49,$104.72
04/29/2021,$105.65,"1,127,423",$105.97,$109.18,$103.26
04/28/2021,$105.45,"554,371",$106.13,$107.05,$104.78
04/27/2021,$107.09,"697,511",$107.23,$108.95,$105.92
04/26/2021,$106.22,"913,501",$108.00,$108.18,$105.06
04/23/2021,$104.52,"648,560",$103.14,$105.98,$102.69
04/22/2021,$102.91,"533,656",$103.74,$105.925,$102.19
04/21/2021,$103.07,"408,147",$101.94,$103.70,$101.20
04/20/2021,$102.12,"454,634",$105.05,$105.59,$101.28
04/19/2021,$104.97,"566,256",$105.23,$106.10,$103.56
04/16/2021,$105.07,"454,545",$103.24,$105.69,$102.66
04/15/2021,$102.67,"427,617",$103.11,$103.45,$100.87
04/14/2021,$102.51,"500,956",$103.56,$104.8632,$102.09
04/13/2021,$103.50,"750,697",$102.61,$103.67,$100.70
04/12/2021,$102.32,"741,847",$99.80,$102.47,$99.51
04/09/2021,$99.42,"507,137",$98.76,$99.69,$98.22
04/08/2021,$98.67,"620,206",$97.98,$98.88,$96.37
04/07/2021,$97.35,"721,589",$96.96,$98.86,$96.20
04/06/2021,$97.15,"452,155",$97.10,$100.38,$96.71
04/05/2021,$96.92,"461,777",$98.00,$98.59,$95.19
04/01/2021,$96.91,"412,783",$96.58,$97.28,$95.54
03/31/2021,$95.37,"614,519",$97.61,$97.99,$94.85
03/30/2021,$97.23,"879,747",$95.01,$97.65,$94.02
03/29/2021,$94.18,"466,023",$96.32,$98.59,$93.95
03/26/2021,$97.12,"703,006",$96.12,$97.31,$93.39
03/25/2021,$95.15,"647,583",$89.53,$95.49,$88.75
03/24/2021,$90.71,"848,173",$95.72,$97.29,$90.43
03/23/2021,$94.01,"691,153",$97.33,$98.79,$93.10
03/22/2021,$99.07,"705,696",$99.84,$101.19,$98.24
03/19/2021,$99.39,"1,567,300",$100.34,$101.51,$99.01
03/18/2021,$99.95,"523,378",$102.91,$103.45,$99.46
03/17/2021,$103.16,"718,999",$102.95,$103.47,$101.345
03/16/2021,$103.42,"593,400",$107.85,$107.85,$103.20
03/15/2021,$107.24,"813,115",$103.83,$107.35,$103.38
03/12/2021,$103.59,"423,192",$104.02,$104.99,$102.53
03/11/2021,$104.10,"948,896",$100.20,$104.81,$99.805
03/10/2021,$98.92,"770,804",$97.51,$99.4682,$96.73
03/09/2021,$95.95,"700,079",$97.34,$97.85,$95.62
03/08/2021,$95.74,"835,681",$93.99,$99.00,$93.12
03/05/2021,$93.10,"585,341",$90.77,$93.42,$87.74
03/04/2021,$88.76,"715,618",$91.23,$91.58,$85.51
03/03/2021,$90.94,"496,316",$91.50,$93.41,$89.13
03/02/2021,$90.42,"642,615",$92.93,$93.11,$89.11
03/01/2021,$92.62,"794,966",$90.04,$94.01,$89.95
02/26/2021,$88.37,"806,100",$89.43,$91.00,$87.15
02/25/2021,$89.77,"977,459",$94.96,$94.96,$89.59
02/24/2021,$94.99,"649,758",$90.53,$95.30,$89.88
02/23/2021,$90.60,"720,957",$88.37,$90.85,$87.46
02/22/2021,$89.57,"661,755",$90.01,$91.00,$88.58
02/19/2021,$91.33,"475,614",$89.63,$92.48,$89.63
02/18/2021,$89.10,"405,299",$90.35,$90.63,$87.84
02/17/2021,$90.51,"475,152",$91.52,$91.90,$90.14
02/16/2021,$92.25,"499,384",$91.93,$92.9682,$90.88
02/12/2021,$91.62,"529,406",$90.32,$92.03,$90.09
02/11/2021,$90.71,"723,914",$90.51,$92.08,$89.35
02/10/2021,$90.56,"766,545",$92.41,$93.5359,$90.38
02/09/2021,$91.66,"628,074",$92.26,$92.56,$89.91
02/08/2021,$91.91,"825,629",$91.00,$92.41,$90.25
02/05/2021,$89.65,"678,815",$90.00,$90.30,$89.21
02/04/2021,$88.93,"393,197",$87.94,$89.97,$87.35
02/03/2021,$87.65,"387,333",$87.20,$87.89,$84.815
02/02/2021,$86.81,"943,895",$87.81,$88.00,$83.78
02/01/2021,$86.90,"686,501",$87.90,$88.05,$85.10
01/29/2021,$86.46,"819,661",$87.04,$88.35,$84.89
01/28/2021,$87.50,"2,065,427",$91.23,$92.93,$84.64
01/27/2021,$91.45,"1,657,573",$91.39,$93.96,$90.07
01/26/2021,$92.70,"1,066,580",$90.87,$93.87,$90.2495
01/25/2021,$89.90,"1,178,302",$91.47,$94.32,$89.27
01/22/2021,$89.93,"638,496",$90.05,$91.52,$89.15
01/21/2021,$90.46,"794,743",$91.37,$92.58,$90.00
01/20/2021,$90.88,"762,817",$90.08,$91.1625,$89.64
01/19/2021,$88.60,"571,298",$88.39,$89.05,$87.18
01/15/2021,$87.95,"527,934",$88.10,$88.79,$86.13
01/14/2021,$89.05,"646,351",$88.32,$90.81,$87.56
01/13/2021,$86.69,"377,550",$87.95,$88.60,$86.36
01/12/2021,$88.37,"736,548",$85.53,$89.78,$85.50
01/11/2021,$84.78,"503,832",$80.53,$84.93,$80.07
01/08/2021,$81.47,"576,235",$83.63,$83.85,$80.59
01/07/2021,$83.71,"650,372",$82.53,$84.70,$82.38
01/06/2021,$81.84,"767,872",$78.89,$82.48,$78.89
01/05/2021,$78.68,"524,496",$76.48,$78.91,$76.48
01/04/2021,$76.52,"754,771",$77.85,$78.67,$75.87
12/31/2020,$76.24,"623,188",$78.26,$78.26,$76.24
12/30/2020,$78.25,"268,482",$78.40,$80.095,$78.02
12/29/2020,$78.06,"679,017",$80.35,$81.10,$77.32
12/28/2020,$80.36,"732,769",$82.67,$82.86,$79.96
12/24/2020,$81.49,"381,994",$82.27,$82.70,$81.18
12/23/2020,$81.95,"571,468",$83.03,$84.00,$81.71
12/22/2020,$82.59,"834,152",$81.70,$83.66,$80.84
12/21/2020,$81.36,"851,991",$79.75,$81.745,$78.915
12/18/2020,$81.39,"1,947,679",$79.00,$82.00,$78.98
12/17/2020,$78.58,"939,491",$76.75,$78.7199,$76.08
12/16/2020,$76.33,"575,471",$77.20,$77.295,$75.25
12/15/2020,$76.70,"713,153",$74.54,$76.72,$73.665
12/14/2020,$73.76,"536,791",$74.74,$75.62,$73.66
12/11/2020,$73.76,"624,157",$74.29,$75.18,$73.075
12/10/2020,$74.52,"386,194",$73.75,$75.14,$73.38
12/09/2020,$74.53,"500,440",$75.98,$76.57,$73.92
12/08/2020,$75.54,"539,283",$73.89,$75.78,$73.72
12/07/2020,$74.51,"738,206",$75.25,$75.84,$73.24
12/04/2020,$75.21,"843,086",$75.75,$76.87,$74.295
12/03/2020,$75.24,"724,541",$74.69,$76.02,$73.83
12/02/2020,$74.13,"657,489",$74.77,$75.665,$73.88
12/01/2020,$75.75,"676,705",$75.49,$75.96,$73.66
11/30/2020,$74.64,"898,632",$76.44,$76.71,$73.73
11/27/2020,$76.20,"257,853",$76.07,$76.95,$75.58
11/25/2020,$76.07,"671,148",$76.25,$76.76,$73.815
11/24/2020,$76.43,"657,588",$78.38,$78.9172,$75.88
11/23/2020,$77.24,"829,330",$73.35,$78.075,$73.35
11/20/2020,$74.04,"936,584",$72.38,$74.92,$72.38
11/19/2020,$72.26,"437,415",$70.95,$72.33,$70.4115
11/18/2020,$70.86,"538,946",$71.82,$73.54,$70.77
11/17/2020,$72.43,"595,007",$70.63,$73.57,$69.83
11/16/2020,$71.27,"718,463",$71.26,$71.54,$70.51
11/13/2020,$70.47,"587,859",$69.98,$71.61,$69.90
11/12/2020,$69.23,"715,192",$69.77,$70.74,$68.35
11/11/2020,$70.51,"938,657",$68.80,$71.36,$67.76
11/10/2020,$68.66,"1,218,226",$64.34,$69.33,$63.60
11/09/2020,$64.18,"2,044,492",$70.68,$71.95,$63.51
11/06/2020,$69.37,"937,181",$70.70,$71.22,$69.02
11/05/2020,$70.46,"1,005,811",$69.22,$71.71,$68.51
11/04/2020,$68.19,"799,479",$67.34,$69.24,$66.14
11/03/2020,$68.11,"1,434,585",$65.51,$68.61,$64.81
11/02/2020,$64.35,"1,073,354",$64.31,$65.65,$63.18
10/30/2020,$63.71,"1,168,804",$62.97,$65.70,$62.34
10/29/2020,$63.62,"1,798,074",$66.50,$68.44,$63.12
10/28/2020,$64.43,"1,219,968",$62.00,$64.90,$61.00
10/27/2020,$63.22,"730,580",$62.23,$64.58,$61.55
10/26/2020,$61.82,"698,952",$61.26,$62.27,$60.47
10/23/2020,$62.62,"708,168",$63.09,$63.71,$60.51
10/22/2020,$62.52,"570,561",$62.47,$63.92,$61.08
10/21/2020,$62.11,"1,061,799",$65.30,$65.65,$61.50
10/20/2020,$65.12,"655,964",$64.80,$66.72,$64.39
10/19/2020,$62.77,"791,803",$64.25,$64.55,$62.47
10/16/2020,$63.84,"859,670",$64.63,$64.91,$63.22
10/15/2020,$64.69,"481,693",$62.60,$64.86,$61.94
10/14/2020,$63.45,"555,171",$63.99,$65.18,$63.335
10/13/2020,$63.64,"477,976",$61.05,$63.895,$61.05
10/12/2020,$61.60,"540,483",$63.82,$63.82,$61.485
10/09/2020,$62.87,"625,799",$63.93,$64.83,$62.63
10/08/2020,$63.38,"662,291",$65.33,$65.96,$62.59
10/07/2020,$64.70,"508,010",$63.75,$65.71,$63.49
10/06/2020,$62.87,"807,538",$64.68,$65.58,$62.65
10/05/2020,$64.36,"549,901",$62.86,$64.89,$62.85
10/02/2020,$62.13,"769,703",$59.00,$63.69,$58.98
10/01/2020,$60.29,"700,906",$59.53,$60.43,$58.735
09/30/2020,$58.91,"1,205,601",$58.77,$60.37,$58.37
09/29/2020,$58.57,"670,902",$59.72,$60.13,$58.08
09/28/2020,$59.35,"720,213",$59.91,$60.77,$58.77
09/25/2020,$58.81,"708,528",$58.58,$60.37,$58.13
09/24/2020,$58.56,"868,820",$58.16,$59.99,$57.66
09/23/2020,$58.59,"1,162,449",$61.88,$62.80,$58.55
09/22/2020,$61.51,"1,137,007",$59.00,$61.92,$58.70
09/21/2020,$58.40,"846,332",$58.21,$58.64,$56.50
09/18/2020,$59.92,"1,155,050",$61.76,$61.76,$58.845
09/17/2020,$61.26,"655,619",$60.87,$61.95,$60.24
09/16/2020,$62.05,"1,141,516",$61.04,$63.06,$60.49
09/15/2020,$60.87,"689,439",$63.45,$64.39,$60.79
09/14/2020,$62.97,"647,396",$61.32,$63.285,$60.88
09/11/2020,$60.88,"919,749",$62.52,$62.67,$60.25
09/10/2020,$62.26,"1,225,888",$60.61,$62.95,$60.31
09/09/2020,$60.13,"1,048,484",$60.22,$60.57,$58.28
09/08/2020,$59.72,"860,812",$58.41,$61.47,$57.10
09/04/2020,$59.18,"823,869",$61.37,$61.4758,$56.7917
09/03/2020,$60.26,"824,926",$63.72,$64.02,$59.61
09/02/2020,$63.70,"654,428",$64.45,$64.57,$62.38
09/01/2020,$63.85,"744,772",$61.64,$63.91,$61.25
08/31/2020,$61.89,"782,642",$62.32,$62.32,$61.3207
08/28/2020,$62.10,"496,605",$61.91,$62.756,$61.325
08/27/2020,$61.29,"892,379",$61.74,$62.61,$60.91
08/26/2020,$61.60,"586,071",$61.49,$62.77,$61.29
08/25/2020,$61.69,"1,240,221",$63.38,$63.60,$60.65
08/24/2020,$63.22,"537,539",$63.06,$64.02,$62.64
08/21/2020,$62.37,"919,037",$62.62,$63.37,$61.86
08/20/2020,$62.97,"494,039",$63.83,$64.36,$62.92
08/19/2020,$64.70,"716,467",$64.79,$65.34,$64.405
08/18/2020,$64.85,"642,312",$65.46,$65.84,$64.71
08/17/2020,$65.84,"640,090",$64.93,$66.09,$64.364
08/14/2020,$64.68,"473,855",$64.37,$65.38,$64.00
08/13/2020,$64.81,"781,582",$63.26,$65.69,$63.00
08/12/2020,$63.40,"789,666",$64.66,$64.66,$63.08
08/11/2020,$63.90,"1,415,559",$65.05,$65.425,$63.43
08/10/2020,$64.19,"911,578",$64.37,$65.93,$63.669
08/07/2020,$63.86,"1,260,430",$64.73,$65.55,$62.42
08/06/2020,$64.89,"1,002,457",$68.35,$68.60,$64.64
08/05/2020,$68.55,"522,147",$68.28,$69.37,$67.785
08/04/2020,$68.41,"820,127",$69.00,$69.595,$67.33
08/03/2020,$69.40,"1,093,651",$67.43,$70.03,$66.88
07/31/2020,$66.98,"1,448,358",$69.40,$69.48,$65.71
07/30/2020,$69.17,"2,357,749",$71.31,$73.99,$68.65
07/29/2020,$72.37,"1,221,080",$71.02,$72.47,$70.8716
07/28/2020,$69.30,"824,340",$70.00,$71.12,$69.23
07/27/2020,$70.08,"757,510",$67.22,$70.16,$66.79
07/24/2020,$67.07,"600,414",$67.14,$67.295,$66.01
07/23/2020,$67.43,"1,557,008",$69.42,$71.265,$66.38
07/22/2020,$68.06,"650,900",$66.42,$68.35,$66.42
07/21/2020,$66.87,"806,656",$67.05,$67.95,$66.45
07/20/2020,$66.24,"612,537",$66.50,$67.05,$65.10
07/17/2020,$66.44,"424,733",$67.33,$67.50,$66.02
07/16/2020,$66.83,"364,283",$67.02,$67.40,$66.12
07/15/2020,$67.46,"779,847",$67.86,$68.37,$66.89
07/14/2020,$65.89,"677,280",$63.47,$65.99,$61.82
07/13/2020,$63.78,"786,056",$65.00,$66.03,$63.45
07/10/2020,$64.27,"618,615",$62.60,$64.82,$62.20
07/09/2020,$62.65,"533,493",$64.48,$64.99,$62.27
07/08/2020,$64.71,"603,759",$64.05,$64.76,$63.57
07/07/2020,$64.09,"569,668",$65.35,$65.63,$64.09
07/06/2020,$65.81,"720,642",$66.90,$66.98,$65.27
07/02/2020,$64.81,"670,305",$65.61,$66.48,$63.89
07/01/2020,$64.52,"830,401",$64.21,$65.18,$63.61
06/30/2020,$64.01,"807,434",$62.87,$64.69,$62.679
06/29/2020,$63.40,"987,858",$62.32,$64.68,$60.80
06/26/2020,$62.36,"1,477,070",$63.25,$63.93,$62.06
06/25/2020,$63.97,"1,196,875",$61.84,$64.02,$61.54
06/24/2020,$62.14,"1,184,179",$63.00,$63.19,$60.47
06/23/2020,$63.66,"1,325,224",$63.77,$64.48,$62.73
06/22/2020,$62.91,"929,832",$60.25,$63.00,$59.20
06/19/2020,$60.08,"1,617,334",$61.01,$61.40,$59.475
06/18/2020,$59.98,"959,585",$60.07,$60.95,$59.82
06/17/2020,$60.89,"1,305,657",$60.87,$61.93,$59.88
06/16/2020,$60.35,"810,850",$60.91,$61.31,$58.89
06/15/2020,$58.03,"729,384",$54.89,$58.04,$53.73
06/12/2020,$56.99,"804,496",$57.48,$58.61,$54.66
06/11/2020,$54.99,"1,079,328",$56.46,$57.04,$54.70
06/10/2020,$59.58,"1,083,445",$62.66,$62.68,$59.00
06/09/2020,$62.63,"1,059,983",$61.75,$63.40,$59.70
06/08/2020,$63.25,"990,347",$63.01,$64.91,$62.33
06/05/2020,$61.56,"1,093,030",$66.53,$67.39,$61.09
06/04/2020,$63.52,"1,026,983",$61.64,$63.605,$60.25
06/03/2020,$61.97,"1,391,388",$58.82,$62.20,$58.765
06/02/2020,$57.52,"631,161",$57.98,$58.745,$57.46
06/01/2020,$56.93,"633,560",$55.35,$57.47,$54.7784
05/29/2020,$55.01,"1,128,339",$57.12,$57.255,$54.27
05/28/2020,$57.41,"996,734",$59.53,$59.53,$57.00
05/27/2020,$58.28,"1,293,497",$59.36,$59.515,$56.88
05/26/2020,$57.08,"1,571,875",$56.38,$57.505,$54.94
05/22/2020,$53.19,"680,972",$53.51,$53.89,$52.56
05/21/2020,$53.58,"987,752",$53.76,$54.8586,$53.29
05/20/2020,$53.76,"665,694",$53.50,$54.9086,$52.62
05/19/2020,$53.10,"952,504",$53.02,$55.18,$52.57
05/18/2020,$53.68,"1,638,364",$53.63,$54.99,$52.39
05/15/2020,$50.58,"2,379,741",$45.49,$51.22,$44.955
05/14/2020,$45.96,"1,432,514",$43.70,$45.98,$42.78
05/13/2020,$45.16,"938,767",$46.35,$46.77,$44.16
05/12/2020,$46.73,"775,408",$50.36,$50.89,$46.73
05/11/2020,$50.14,"1,152,368",$49.02,$50.64,$47.07
05/08/2020,$50.04,"1,281,574",$47.15,$50.375,$46.32
05/07/2020,$45.68,"596,570",$46.06,$46.96,$45.22
05/06/2020,$45.10,"651,155",$46.14,$46.22,$44.92
05/05/2020,$45.59,"881,512",$45.30,$47.105,$45.00
05/04/2020,$44.09,"802,128",$43.78,$45.81,$42.84
05/01/2020,$44.16,"950,197",$46.47,$46.4849,$43.09
04/30/2020,$47.72,"1,343,491",$48.75,$49.28,$47.10
04/29/2020,$48.72,"1,370,834",$47.92,$50.29,$47.48
04/28/2020,$46.38,"839,920",$47.37,$48.12,$45.19
04/27/2020,$46.06,"1,045,889",$43.77,$46.48,$43.42
04/24/2020,$43.23,"1,418,497",$43.32,$44.51,$41.19
04/23/2020,$42.18,"3,076,477",$38.65,$43.47,$37.92
04/22/2020,$37.96,"628,146",$37.26,$38.29,$36.54
04/21/2020,$37.16,"603,121",$37.00,$37.46,$36.23
04/20/2020,$37.88,"836,361",$37.78,$38.87,$36.85
04/17/2020,$38.86,"858,365",$37.49,$39.085,$36.78
04/16/2020,$35.71,"674,379",$35.53,$35.82,$34.09
04/15/2020,$35.52,"668,299",$35.86,$36.33,$34.41
04/14/2020,$37.97,"1,004,723",$36.35,$38.46,$35.91
04/13/2020,$35.35,"638,603",$37.90,$38.01,$34.72
04/09/2020,$38.24,"1,826,535",$35.23,$39.48,$34.5043
04/08/2020,$34.37,"1,119,174",$30.65,$35.3449,$30.07
04/07/2020,$30.29,"1,532,130",$31.51,$33.00,$30.11
04/06/2020,$29.34,"1,530,775",$28.24,$30.12,$28.23
04/03/2020,$26.71,"1,147,344",$29.29,$29.92,$25.61
04/02/2020,$29.55,"1,376,727",$30.15,$31.52,$28.805
04/01/2020,$31.26,"1,971,418",$33.52,$34.11,$30.99
03/31/2020,$35.37,"1,109,712",$35.48,$35.87,$33.69
03/30/2020,$35.94,"766,740",$35.63,$36.31,$34.955
03/27/2020,$35.63,"864,948",$35.66,$37.165,$34.27
03/26/2020,$37.50,"1,062,083",$35.80,$38.379,$35.59
03/25/2020,$35.15,"1,583,036",$31.89,$37.33,$30.8347
03/24/2020,$31.14,"1,714,339",$29.11,$31.55,$28.11
03/23/2020,$26.95,"1,578,878",$27.28,$28.57,$25.22
03/20/2020,$27.42,"1,944,625",$32.00,$33.06,$27.18
03/19/2020,$31.28,"1,512,271",$27.98,$32.22,$26.18
03/18/2020,$28.20,"1,440,402",$27.79,$30.135,$26.37
03/17/2020,$30.00,"1,522,917",$33.745,$33.75,$29.35
03/16/2020,$32.90,"1,086,119",$36.22,$38.305,$32.52
03/13/2020,$41.61,"1,052,319",$39.15,$41.68,$36.01
03/12/2020,$36.67,"965,341",$37.95,$38.37,$35.17
03/11/2020,$41.76,"764,678",$42.98,$44.09,$41.23
03/10/2020,$44.51,"1,256,269",$43.92,$44.71,$40.96
03/09/2020,$42.10,"1,109,064",$43.75,$45.44,$42.01
03/06/2020,$48.82,"1,076,370",$48.01,$50.00,$47.82
03/05/2020,$49.79,"1,017,694",$53.38,$53.41,$49.445
03/04/2020,$55.06,"559,365",$54.51,$55.13,$52.99
03/03/2020,$53.67,"1,212,606",$55.31,$56.27,$52.52
03/02/2020,$54.03,"988,733",$53.39,$54.16,$52.41
02/28/2020,$53.20,"997,515",$51.74,$53.87,$51.15
02/27/2020,$54.28,"721,524",$56.55,$57.49,$54.26
02/26/2020,$58.13,"765,248",$59.12,$59.75,$58.06
02/25/2020,$58.71,"725,037",$60.71,$60.745,$58.4023
02/24/2020,$60.63,"691,021",$61.25,$61.65,$60.34
02/21/2020,$63.71,"465,691",$65.37,$65.37,$63.70
02/20/2020,$65.76,"563,313",$64.73,$65.86,$64.73
02/19/2020,$64.77,"440,129",$65.00,$65.085,$64.54
02/18/2020,$64.91,"396,144",$65.35,$65.35,$64.50
02/14/2020,$64.93,"330,378",$64.92,$65.18,$64.52
02/13/2020,$64.72,"503,548",$65.00,$65.31,$64.515
02/12/2020,$65.49,"607,291",$65.00,$66.32,$64.85
02/11/2020,$63.98,"832,250",$63.48,$64.21,$63.23
02/10/2020,$63.01,"499,528",$61.40,$63.03,$61.11
02/07/2020,$61.56,"615,555",$61.93,$62.37,$61.08
02/06/2020,$62.44,"582,114",$63.09,$63.42,$62.06
02/05/2020,$62.93,"421,305",$62.04,$63.05,$61.99
02/04/2020,$61.21,"965,780",$63.26,$63.35,$61.16
02/03/2020,$62.24,"745,570",$63.33,$64.25,$61.94
01/31/2020,$62.85,"1,291,226",$63.03,$64.89,$62.39
01/30/2020,$62.93,"1,425,993",$64.26,$64.83,$61.78
01/29/2020,$62.94,"793,875",$62.90,$63.36,$62.33
01/28/2020,$62.64,"453,715",$61.56,$62.76,$61.55
01/27/2020,$61.28,"1,081,074",$61.00,$61.655,$60.50
01/24/2020,$62.44,"710,487",$62.82,$63.36,$61.84
01/23/2020,$62.81,"1,161,351",$60.60,$62.915,$60.55
01/22/2020,$60.08,"866,703",$58.92,$60.19,$58.41
01/21/2020,$58.82,"417,369",$58.61,$59.16,$58.50
01/17/2020,$58.75,"414,083",$59.50,$59.53,$58.73
01/16/2020,$59.29,"479,944",$60.00,$60.59,$59.07
01/15/2020,$59.34,"411,750",$58.96,$59.54,$58.925
01/14/2020,$59.10,"467,918",$58.00,$59.53,$57.94
01/13/2020,$58.08,"653,791",$56.81,$58.09,$56.65
01/10/2020,$56.81,"523,662",$57.83,$57.92,$56.64
01/09/2020,$57.73,"361,367",$58.07,$58.09,$57.49
01/08/2020,$57.77,"369,475",$57.26,$58.07,$57.26
01/07/2020,$57.29,"617,414",$57.86,$58.43,$57.20
01/06/2020,$58.16,"790,101",$58.37,$58.81,$57.62
01/03/2020,$59.00,"400,539",$59.10,$59.255,$58.59
01/02/2020,$60.00,"539,034",$60.47,$60.66,$59.38
12/31/2019,$59.98,"541,680",$59.93,$60.50,$59.93
12/30/2019,$60.11,"351,674",$60.85,$60.85,$60.05
12/27/2019,$60.78,"240,517",$61.08,$61.16,$60.5869
12/26/2019,$60.70,"220,727",$61.32,$61.7225,$60.49
12/24/2019,$61.27,"314,009",$61.76,$61.76,$61.04
12/23/2019,$61.51,"448,598",$61.58,$61.78,$60.89
12/20/2019,$61.57,"2,279,667",$60.89,$61.81,$60.88
12/19/2019,$60.45,"1,937,990",$59.50,$60.75,$59.25
12/18/2019,$59.53,"1,152,377",$59.80,$60.02,$59.50
12/17/2019,$59.66,"825,164",$60.00,$60.19,$59.58
12/16/2019,$60.09,"721,481",$60.26,$60.54,$59.90
12/13/2019,$59.70,"521,786",$60.78,$61.15,$59.63
12/12/2019,$60.84,"724,704",$59.35,$60.95,$58.87
12/11/2019,$59.28,"635,221",$59.86,$59.92,$58.69
12/10/2019,$59.42,"674,363",$59.16,$59.47,$58.17
12/09/2019,$59.22,"781,722",$59.45,$59.68,$58.94
12/06/2019,$59.78,"705,526",$59.81,$60.315,$59.53
12/05/2019,$58.94,"761,791",$58.79,$59.16,$58.18
12/04/2019,$58.65,"752,198",$58.15,$59.42,$58.15
12/03/2019,$57.85,"598,467",$57.33,$57.92,$56.80
12/02/2019,$58.10,"697,210",$58.92,$59.43,$58.02
11/29/2019,$58.77,"303,920",$59.23,$59.37,$58.69
11/27/2019,$59.34,"509,539",$59.57,$59.58,$59.06
11/26/2019,$59.19,"657,975",$59.31,$59.675,$58.74
11/25/2019,$59.36,"1,111,666",$58.34,$59.73,$58.225
11/22/2019,$57.67,"667,438",$58.05,$58.21,$57.64
11/21/2019,$57.73,"1,130,124",$57.46,$57.85,$56.97
11/20/2019,$57.35,"1,111,169",$57.76,$58.34,$57.14
11/19/2019,$58.16,"680,653",$58.98,$59.24,$57.94
11/18/2019,$58.90,"738,359",$58.79,$58.94,$57.99
11/15/2019,$59.24,"1,455,986",$59.37,$59.87,$58.87
11/14/2019,$58.92,"794,011",$59.05,$59.76,$58.67
11/13/2019,$59.28,"615,101",$59.53,$60.055,$59.23
11/12/2019,$59.90,"825,348",$60.50,$60.80,$59.88
11/11/2019,$60.44,"427,356",$60.42,$60.97,$60.175
11/08/2019,$60.84,"510,274",$60.66,$61.35,$60.63
11/07/2019,$60.91,"766,252",$61.36,$62.23,$60.68
11/06/2019,$60.72,"942,956",$60.50,$61.015,$60.18
11/05/2019,$60.48,"1,083,488",$60.34,$62.00,$60.0944
11/04/2019,$60.00,"1,599,325",$59.50,$60.56,$58.75
11/01/2019,$58.80,"995,508",$58.66,$58.97,$58.17
10/31/2019,$58.24,"1,292,700",$58.77,$59.11,$57.68
10/30/2019,$59.02,"864,692",$59.57,$59.57,$58.52
10/29/2019,$59.51,"1,149,912",$59.70,$59.97,$59.32
10/28/2019,$60.07,"1,100,451",$59.25,$60.62,$59.21
10/25/2019,$58.86,"2,025,799",$58.44,$60.15,$58.40
10/24/2019,$58.40,"1,529,600",$58.38,$59.17,$55.86
10/23/2019,$57.54,"1,361,827",$56.53,$57.64,$55.56
10/22/2019,$56.62,"1,324,233",$55.37,$56.9175,$55.13
10/21/2019,$54.73,"969,123",$55.34,$55.92,$54.68
10/18/2019,$54.78,"1,030,679",$53.65,$55.06,$53.3805
10/17/2019,$53.74,"1,434,451",$54.24,$54.48,$53.42
10/16/2019,$55.44,"728,808",$54.68,$55.48,$54.66
10/15/2019,$55.00,"756,140",$53.78,$55.085,$53.40
10/14/2019,$53.66,"487,497",$53.17,$53.93,$52.69
10/11/2019,$53.42,"691,972",$52.64,$53.785,$52.64
10/10/2019,$51.80,"388,552",$51.61,$52.50,$51.36
10/09/2019,$51.27,"520,465",$51.16,$51.60,$50.88
10/08/2019,$50.60,"542,023",$50.69,$51.23,$50.28
10/07/2019,$51.18,"402,593",$51.34,$51.65,$50.71
10/04/2019,$51.45,"337,088",$50.89,$51.48,$50.67
10/03/2019,$50.83,"641,932",$50.16,$50.90,$49.36
10/02/2019,$50.38,"654,405",$51.12,$51.19,$50.00
10/01/2019,$51.50,"396,274",$52.42,$53.25,$51.37
09/30/2019,$52.12,"521,218",$51.85,$52.84,$51.775
09/27/2019,$51.74,"535,506",$51.86,$52.32,$51.50
09/26/2019,$51.62,"571,117",$52.11,$52.34,$51.50
09/25/2019,$52.16,"788,551",$50.91,$52.32,$50.91
09/24/2019,$51.00,"797,093",$52.26,$52.61,$50.92
09/23/2019,$52.02,"889,434",$51.90,$52.7179,$51.74
09/20/2019,$52.31,"1,573,686",$53.75,$54.18,$52.30
09/19/2019,$53.52,"939,409",$53.48,$53.99,$53.24
09/18/2019,$53.34,"787,687",$53.74,$53.98,$52.95
09/17/2019,$53.98,"800,022",$53.47,$54.10,$53.02
09/16/2019,$53.80,"866,082",$53.25,$54.055,$52.92
09/13/2019,$53.68,"795,815",$54.09,$54.585,$53.44
09/12/2019,$53.83,"1,129,177",$54.52,$54.75,$52.69
09/11/2019,$54.30,"1,014,478",$53.01,$54.355,$51.96
09/10/2019,$53.04,"1,577,993",$51.59,$53.14,$51.02
09/09/2019,$51.65,"1,121,815",$50.02,$51.68,$49.575
09/06/2019,$49.46,"814,998",$49.39,$50.09,$48.77
09/05/2019,$49.38,"1,459,548",$48.03,$50.05,$47.94
09/04/2019,$47.14,"1,332,305",$47.69,$48.24,$47.02
09/03/2019,$45.17,"725,455",$46.21,$46.21,$44.695
08/30/2019,$46.60,"951,531",$46.62,$47.62,$46.46
08/29/2019,$46.14,"1,007,649",$44.85,$46.32,$44.78
08/28/2019,$44.21,"745,246",$42.77,$44.285,$42.57
08/27/2019,$43.02,"741,191",$44.27,$44.29,$42.8602
08/26/2019,$43.76,"917,696",$44.88,$45.27,$43.665
08/23/2019,$44.16,"931,481",$45.98,$46.06,$44.00
08/22/2019,$46.52,"843,258",$45.85,$46.60,$45.20
08/21/2019,$45.73,"935,526",$45.61,$46.19,$45.60
08/20/2019,$45.06,"1,000,939",$44.84,$45.30,$43.71
08/19/2019,$45.14,"848,172",$44.80,$45.32,$44.60
08/16/2019,$44.13,"1,345,120",$43.40,$44.30,$42.97
08/15/2019,$43.06,"1,166,185",$44.32,$44.32,$42.97
08/14/2019,$44.30,"1,210,615",$45.58,$45.62,$44.105
08/13/2019,$46.66,"803,120",$46.47,$48.25,$46.15
08/12/2019,$46.50,"651,198",$47.76,$47.87,$46.48
08/09/2019,$47.99,"958,149",$47.91,$48.40,$47.5475
08/08/2019,$48.28,"1,060,071",$47.29,$48.46,$46.92
08/07/2019,$46.96,"914,196",$45.51,$47.03,$45.08
08/06/2019,$46.21,"1,064,749",$45.77,$46.25,$45.43
08/05/2019,$45.46,"1,622,168",$46.44,$46.65,$45.26
08/02/2019,$47.43,"1,348,537",$48.01,$48.31,$47.12
08/01/2019,$48.47,"2,830,190",$49.02,$49.32,$47.805
07/31/2019,$49.16,"2,207,726",$48.31,$49.43,$48.06
07/30/2019,$48.34,"956,850",$47.54,$48.36,$46.83
07/29/2019,$47.76,"1,483,007",$47.66,$48.06,$47.26
07/26/2019,$47.86,"1,743,143",$47.13,$48.35,$46.78
07/25/2019,$46.68,"3,808,035",$47.82,$49.90,$46.23
07/24/2019,$46.81,"1,998,315",$45.44,$46.97,$45.28
07/23/2019,$45.54,"1,887,310",$43.73,$45.79,$43.63
07/22/2019,$43.40,"2,705,165",$43.55,$44.13,$42.94
07/19/2019,$45.72,"1,936,494",$47.04,$47.74,$45.66
07/18/2019,$46.73,"877,210",$46.66,$47.01,$46.29
07/17/2019,$46.66,"989,795",$47.17,$47.46,$46.64
07/16/2019,$47.56,"915,063",$46.22,$47.72,$46.2101
07/15/2019,$46.28,"599,253",$46.19,$46.47,$45.75
07/12/2019,$46.14,"921,689",$44.78,$46.19,$44.5344
07/11/2019,$44.64,"848,287",$44.78,$44.84,$43.985
07/10/2019,$44.73,"880,193",$44.56,$44.76,$43.94
07/09/2019,$44.16,"1,098,372",$44.27,$44.36,$43.79
07/08/2019,$44.55,"1,240,643",$44.96,$45.32,$44.13
07/05/2019,$45.21,"849,512",$45.66,$45.89,$45.17
07/03/2019,$45.97,"303,706",$45.66,$46.03,$45.35
07/02/2019,$45.38,"1,762,708",$45.40,$45.595,$45.05
07/01/2019,$45.48,"1,260,673",$45.37,$46.36,$44.88
06/28/2019,$45.89,"1,761,989",$44.78,$46.38,$44.75
06/27/2019,$44.39,"2,046,525",$44.40,$45.32,$43.78
06/26/2019,$45.31,"1,069,561",$45.19,$45.36,$44.65
06/25/2019,$45.15,"2,323,624",$45.62,$46.04,$44.83
06/24/2019,$45.61,"1,212,920",$47.02,$47.13,$45.53
06/21/2019,$47.05,"1,263,206",$47.12,$47.30,$46.66
06/20/2019,$47.25,"1,270,424",$46.99,$47.46,$46.71
06/19/2019,$46.25,"805,652",$46.01,$46.36,$45.78
06/18/2019,$46.07,"1,790,447",$45.33,$46.46,$45.08
06/17/2019,$44.99,"856,030",$45.14,$45.41,$44.49
06/14/2019,$44.75,"935,293",$44.44,$44.87,$44.04
06/13/2019,$44.59,"1,100,141",$44.19,$45.14,$44.12
06/12/2019,$44.09,"1,210,437",$44.01,$44.32,$43.58
06/11/2019,$43.94,"1,364,714",$43.69,$44.16,$43.49
06/10/2019,$43.47,"1,644,678",$43.56,$44.46,$43.37
06/07/2019,$43.25,"1,954,971",$42.87,$43.53,$42.65
06/06/2019,$42.72,"1,443,109",$43.53,$43.70,$42.13
06/05/2019,$43.67,"1,039,421",$43.46,$43.79,$42.18
06/04/2019,$43.20,"1,135,695",$42.34,$43.475,$42.17
06/03/2019,$41.70,"1,083,791",$41.17,$42.285,$41.02
05/31/2019,$41.48,"1,404,962",$42.33,$42.33,$41.17
05/30/2019,$42.65,"1,226,529",$42.40,$43.10,$42.13
05/29/2019,$42.06,"1,227,152",$42.49,$42.56,$41.61
05/28/2019,$42.68,"1,542,078",$43.23,$43.86,$42.20
05/24/2019,$43.28,"1,701,930",$45.62,$45.62,$43.18
05/23/2019,$45.54,"1,247,232",$46.49,$46.49,$45.09
05/22/2019,$46.96,"1,085,276",$47.27,$47.71,$46.47
05/21/2019,$47.66,"674,924",$46.82,$47.66,$46.7118
05/20/2019,$46.49,"1,618,133",$46.53,$46.76,$46.06
05/17/2019,$47.06,"1,565,079",$48.25,$48.34,$46.96
05/16/2019,$48.94,"1,113,180",$49.97,$50.39,$48.86
05/15/2019,$49.55,"1,086,740",$49.65,$49.96,$49.09
05/14/2019,$50.20,"713,027",$50.17,$50.47,$49.88
05/13/2019,$50.06,"1,694,833",$49.99,$50.3325,$49.09
05/10/2019,$51.46,"882,785",$50.81,$51.52,$49.92
05/09/2019,$51.19,"967,404",$49.95,$51.25,$49.55
05/08/2019,$50.52,"1,547,411",$51.09,$52.09,$50.35
05/07/2019,$51.25,"1,678,576",$52.77,$52.895,$50.97
05/06/2019,$53.44,"2,774,077",$52.48,$54.02,$51.70
05/03/2019,$52.78,"822,891",$51.96,$52.89,$51.52
05/02/2019,$51.72,"671,195",$51.15,$51.785,$50.77
05/01/2019,$51.06,"881,706",$51.20,$51.74,$51.00
04/30/2019,$51.21,"1,249,487",$51.08,$51.47,$50.63
04/29/2019,$50.79,"1,087,611",$50.60,$51.64,$50.39
04/26/2019,$50.45,"2,688,652",$48.14,$51.20,$47.7628
04/25/2019,$48.50,"4,494,980",$49.01,$51.51,$48.50
04/24/2019,$54.48,"1,298,459",$53.65,$54.76,$53.43
04/23/2019,$53.43,"1,380,111",$52.50,$53.59,$52.14
04/22/2019,$52.50,"559,544",$52.76,$52.90,$52.05
04/18/2019,$53.20,"760,628",$53.53,$53.58,$52.82
04/17/2019,$53.61,"686,192",$53.60,$54.18,$53.57
04/16/2019,$53.61,"544,273",$53.36,$53.98,$53.025
04/15/2019,$53.23,"526,421",$52.65,$53.47,$52.65
04/12/2019,$52.78,"785,712",$52.14,$52.895,$51.90
04/11/2019,$51.77,"1,048,020",$52.12,$52.42,$51.67
04/10/2019,$52.08,"690,364",$51.32,$52.27,$51.02
04/09/2019,$51.16,"269,492",$52.02,$52.15,$51.01
04/08/2019,$52.30,"569,411",$52.43,$52.80,$52.10
04/05/2019,$52.32,"315,394",$51.90,$52.41,$51.61
04/04/2019,$51.63,"654,289",$50.57,$51.81,$50.55
04/03/2019,$50.65,"615,555",$51.11,$51.19,$50.51
04/02/2019,$50.54,"446,315",$50.86,$50.86,$50.16
04/01/2019,$50.93,"466,201",$50.63,$51.18,$50.40
03/29/2019,$50.33,"623,725",$50.26,$50.66,$49.75
03/28/2019,$49.99,"501,761",$49.55,$50.34,$49.49
03/27/2019,$49.60,"747,505",$49.93,$49.94,$48.97
03/26/2019,$49.85,"555,410",$49.98,$50.68,$49.29
03/25/2019,$49.74,"524,704",$49.67,$50.03,$49.30
03/22/2019,$49.73,"855,998",$51.47,$51.47,$49.71
03/21/2019,$51.93,"603,678",$51.23,$52.26,$51.01
03/20/2019,$51.40,"776,420",$52.46,$52.75,$50.86
03/19/2019,$52.67,"1,016,582",$53.22,$53.86,$52.52
03/18/2019,$52.94,"689,551",$52.65,$52.99,$52.415
03/15/2019,$52.56,"1,001,188",$53.11,$53.55,$52.475
03/14/2019,$52.96,"1,219,132",$52.77,$53.46,$52.66
03/13/2019,$53.02,"985,090",$53.02,$53.77,$52.78
03/12/2019,$52.91,"520,181",$52.53,$53.25,$52.21
03/11/2019,$52.37,"471,343",$52.00,$52.45,$51.62
03/08/2019,$51.83,"533,512",$51.49,$51.89,$50.99
03/07/2019,$52.09,"718,046",$52.65,$52.8658,$51.37
03/06/2019,$52.91,"755,453",$53.00,$53.245,$52.65
03/05/2019,$52.72,"637,651",$52.92,$53.08,$52.315
03/04/2019,$52.82,"797,308",$53.75,$54.33,$52.69
03/01/2019,$53.60,"688,400",$53.00,$53.83,$52.66
02/28/2019,$52.74,"612,662",$52.35,$52.86,$51.99
02/27/2019,$52.38,"700,953",$52.80,$52.99,$52.09
02/26/2019,$52.83,"963,213",$53.39,$53.82,$52.82
02/25/2019,$53.77,"1,106,071",$54.80,$55.35,$53.32
02/22/2019,$53.04,"704,129",$52.13,$53.05,$52.04
02/21/2019,$52.10,"601,450",$52.30,$53.21,$51.90
02/20/2019,$52.29,"1,158,232",$51.95,$52.64,$51.86
02/19/2019,$51.90,"1,072,710",$51.53,$52.27,$50.95
02/15/2019,$51.43,"1,539,436",$50.43,$51.65,$49.80
02/14/2019,$50.03,"1,249,948",$48.83,$50.375,$48.63
02/13/2019,$49.04,"1,069,180",$48.69,$49.38,$48.54
02/12/2019,$48.67,"1,405,609",$48.66,$49.13,$48.17
02/11/2019,$48.28,"1,406,089",$49.29,$49.53,$47.80
02/08/2019,$49.10,"1,043,062",$49.18,$49.5283,$48.29
02/07/2019,$49.32,"1,181,074",$48.99,$49.69,$48.84
02/06/2019,$49.27,"1,082,502",$49.70,$50.30,$49.25
02/05/2019,$49.82,"1,391,405",$50.17,$50.80,$48.93
02/04/2019,$50.01,"2,117,160",$48.39,$50.13,$48.39
02/01/2019,$48.26,"1,998,003",$49.84,$50.18,$47.32
01/31/2019,$50.32,"2,267,840",$50.52,$50.88,$49.00
01/30/2019,$50.71,"1,457,613",$49.41,$51.44,$48.89
01/29/2019,$49.34,"835,820",$49.82,$50.02,$49.01
01/28/2019,$49.97,"841,150",$49.70,$50.41,$49.56
01/25/2019,$49.93,"1,044,761",$49.73,$50.31,$49.28
01/24/2019,$49.11,"877,226",$48.53,$49.86,$48.53
01/23/2019,$48.54,"834,242",$49.11,$49.37,$48.10
01/22/2019,$48.99,"922,947",$50.21,$50.26,$48.79
01/18/2019,$50.34,"1,065,722",$50.35,$51.33,$50.00
01/17/2019,$49.77,"569,054",$48.72,$50.30,$48.72
01/16/2019,$49.12,"723,983",$48.97,$49.87,$48.7101
01/15/2019,$48.78,"856,361",$48.91,$49.035,$48.26
01/14/2019,$48.87,"836,876",$48.43,$49.45,$48.28
01/11/2019,$48.81,"583,898",$48.87,$48.94,$48.06
01/10/2019,$49.04,"447,714",$48.57,$49.11,$48.17
01/09/2019,$49.01,"768,999",$48.03,$49.37,$48.00
01/08/2019,$47.92,"759,056",$47.11,$48.11,$46.50
01/07/2019,$46.80,"665,584",$46.95,$47.50,$46.3445
01/04/2019,$46.64,"910,788",$45.53,$46.955,$45.53
01/03/2019,$45.00,"830,992",$46.52,$46.64,$44.89
01/02/2019,$46.75,"664,759",$45.86,$47.40,$45.57
12/31/2018,$46.45,"814,323",$46.48,$47.09,$46.15
12/28/2018,$46.15,"781,878",$46.01,$48.04,$45.65
12/27/2018,$45.86,"1,589,284",$44.40,$45.88,$44.15
12/26/2018,$44.94,"713,725",$42.66,$44.96,$42.49
12/24/2018,$42.61,"427,313",$42.78,$43.62,$41.92
12/21/2018,$43.18,"2,342,338",$45.88,$45.98,$42.88
12/20/2018,$45.85,"1,161,718",$45.04,$46.58,$44.90
12/19/2018,$45.10,"1,440,732",$45.01,$46.52,$44.855
12/18/2018,$45.08,"1,398,450",$45.75,$46.515,$44.945
12/17/2018,$45.49,"1,511,528",$46.35,$46.87,$45.21
12/14/2018,$46.58,"816,680",$46.81,$47.54,$46.32
12/13/2018,$47.17,"1,081,049",$49.97,$50.24,$47.07
12/12/2018,$49.99,"1,323,647",$49.87,$51.31,$49.87
12/11/2018,$49.15,"867,361",$49.40,$50.22,$48.85
12/10/2018,$48.52,"1,020,183",$49.73,$50.01,$48.48
12/07/2018,$49.57,"1,036,879",$50.63,$51.78,$49.09
12/06/2018,$51.13,"1,164,263",$50.86,$51.90,$50.21
12/04/2018,$51.65,"1,104,708",$54.66,$54.66,$51.33
12/03/2018,$54.61,"1,032,472",$54.33,$55.52,$54.26
11/30/2018,$53.04,"908,079",$52.56,$53.40,$52.27
11/29/2018,$52.58,"539,152",$53.20,$53.74,$52.30
11/28/2018,$53.43,"1,056,243",$52.45,$53.43,$51.75
11/27/2018,$52.13,"900,735",$53.73,$54.56,$51.78
11/26/2018,$54.91,"857,667",$53.81,$55.265,$53.81
11/23/2018,$53.18,"215,741",$52.37,$53.66,$52.19
11/21/2018,$52.64,"656,279",$51.25,$53.13,$51.11
11/20/2018,$51.07,"620,962",$51.15,$52.27,$50.68
11/19/2018,$52.03,"580,499",$52.96,$53.22,$51.77
11/16/2018,$53.32,"518,123",$53.34,$53.83,$52.85
11/15/2018,$53.88,"911,909",$52.03,$54.30,$51.95
11/14/2018,$52.67,"511,285",$53.20,$53.82,$52.09
11/13/2018,$52.63,"449,632",$52.58,$53.69,$52.4183
11/12/2018,$52.14,"566,768",$52.27,$52.96,$51.91
11/09/2018,$52.30,"829,416",$54.06,$54.14,$52.03
11/08/2018,$54.10,"963,114",$53.98,$54.80,$53.58
11/07/2018,$54.15,"745,794",$53.77,$54.17,$52.83
11/06/2018,$53.45,"573,726",$52.80,$53.755,$52.80
11/05/2018,$53.04,"764,555",$53.42,$53.85,$52.41
11/02/2018,$53.28,"690,860",$53.59,$54.54,$52.92
11/01/2018,$53.40,"900,907",$52.30,$53.69,$51.61
10/31/2018,$51.99,"1,300,434",$52.02,$52.82,$51.24
10/30/2018,$51.22,"2,018,870",$49.22,$51.545,$48.90
10/29/2018,$48.91,"1,486,771",$50.97,$51.67,$48.36
10/26/2018,$50.63,"2,207,833",$52.16,$52.68,$50.02
10/25/2018,$53.02,"3,307,962",$56.00,$57.52,$52.53
10/24/2018,$56.02,"1,424,754",$57.77,$58.06,$55.95
10/23/2018,$57.76,"997,046",$56.67,$58.13,$55.55
10/22/2018,$57.86,"1,353,580",$59.22,$59.50,$56.73
10/19/2018,$58.97,"917,121",$59.59,$60.23,$58.69
10/18/2018,$59.72,"1,010,603",$60.95,$61.34,$59.00
10/17/2018,$61.24,"931,695",$61.87,$62.32,$61.11
10/16/2018,$61.79,"924,204",$60.20,$61.84,$59.73
10/15/2018,$59.92,"480,969",$59.33,$60.46,$59.33
10/12/2018,$59.65,"706,171",$60.44,$60.82,$58.86
10/11/2018,$59.38,"891,632",$59.17,$60.41,$59.17
10/10/2018,$59.71,"714,493",$60.51,$60.93,$59.64
10/09/2018,$60.76,"722,634",$62.80,$62.80,$60.73
10/08/2018,$62.80,"800,545",$63.10,$63.49,$62.08
10/05/2018,$63.30,"480,423",$64.47,$64.69,$63.03
10/04/2018,$64.25,"681,945",$65.65,$66.01,$63.30
10/03/2018,$65.91,"418,943",$65.81,$66.22,$65.38
10/02/2018,$65.69,"580,990",$66.25,$66.60,$65.33
10/01/2018,$66.60,"773,840",$67.47,$67.92,$66.17
09/28/2018,$67.02,"820,761",$66.92,$67.89,$66.84
09/27/2018,$66.87,"551,230",$66.94,$67.64,$66.68
09/26/2018,$67.27,"750,552",$67.44,$67.855,$66.75
09/25/2018,$67.44,"1,178,217",$67.15,$68.09,$66.44
09/24/2018,$66.79,"1,054,193",$67.47,$67.76,$66.53
09/21/2018,$67.64,"975,492",$67.93,$68.42,$67.59
09/20/2018,$67.93,"879,631",$69.43,$69.64,$67.56
09/19/2018,$69.22,"512,650",$69.16,$69.82,$69.02
09/18/2018,$69.08,"589,096",$68.75,$69.24,$67.83
09/17/2018,$68.44,"522,477",$68.59,$69.18,$68.36
09/14/2018,$68.75,"473,544",$68.81,$69.15,$68.47
09/13/2018,$68.77,"578,396",$68.44,$69.30,$68.39
09/12/2018,$68.37,"507,778",$68.92,$69.05,$68.20
09/11/2018,$68.75,"864,295",$68.48,$69.03,$67.85
09/10/2018,$68.30,"533,353",$68.30,$68.57,$67.99
09/07/2018,$68.31,"1,150,253",$67.51,$68.55,$67.51
09/06/2018,$67.82,"750,727",$67.84,$68.69,$67.66
09/05/2018,$67.84,"673,226",$66.24,$68.02,$66.24
09/04/2018,$66.32,"312,192",$66.11,$66.45,$65.71
08/31/2018,$66.42,"709,014",$65.86,$66.55,$65.631
08/30/2018,$65.90,"781,544",$66.83,$67.14,$65.83
08/29/2018,$67.04,"413,903",$67.23,$67.23,$66.12
08/28/2018,$67.03,"504,075",$66.68,$67.26,$66.68
08/27/2018,$66.55,"474,396",$65.69,$66.73,$65.69
08/24/2018,$65.40,"600,760",$64.62,$65.52,$64.51
08/23/2018,$64.43,"581,472",$65.46,$65.71,$64.28
08/22/2018,$65.59,"397,274",$65.88,$66.37,$65.45
08/21/2018,$66.10,"485,965",$64.89,$66.34,$64.85
08/20/2018,$64.57,"351,440",$65.14,$65.45,$64.54
08/17/2018,$64.91,"737,201",$63.67,$65.093,$63.41
08/16/2018,$63.77,"855,603",$63.45,$64.26,$63.343
08/15/2018,$63.02,"515,341",$63.31,$63.4226,$62.477
08/14/2018,$63.85,"583,287",$63.56,$64.08,$63.51
08/13/2018,$63.16,"805,187",$63.05,$63.86,$62.42
08/10/2018,$62.97,"419,327",$63.16,$63.87,$62.71
08/09/2018,$63.70,"548,976",$63.35,$64.10,$63.29
08/08/2018,$63.33,"372,925",$63.93,$63.93,$63.13
08/07/2018,$63.87,"512,303",$63.74,$64.03,$63.45
08/06/2018,$63.50,"375,723",$63.57,$63.89,$63.40
08/03/2018,$63.62,"357,132",$63.75,$64.51,$63.40
08/02/2018,$63.41,"643,247",$62.90,$63.64,$62.63
08/01/2018,$63.25,"656,948",$64.26,$64.47,$62.74
07/31/2018,$64.30,"1,093,359",$64.04,$65.03,$63.76
07/30/2018,$63.88,"1,047,962",$62.55,$64.30,$62.09
07/27/2018,$62.33,"1,042,689",$63.63,$64.12,$61.78
07/26/2018,$63.05,"2,532,215",$65.01,$65.465,$61.81
07/25/2018,$65.85,"1,424,207",$66.16,$66.32,$64.06
07/24/2018,$66.47,"865,240",$67.27,$67.59,$66.14
07/23/2018,$66.95,"542,074",$67.03,$67.205,$66.765
07/20/2018,$67.22,"901,025",$67.03,$67.49,$66.64
07/19/2018,$67.24,"1,219,242",$68.02,$68.44,$67.06
07/18/2018,$68.19,"503,117",$67.85,$68.38,$67.85
07/17/2018,$67.69,"705,527",$67.38,$67.87,$67.27
07/16/2018,$67.79,"565,713",$67.62,$67.90,$66.86
07/13/2018,$67.56,"767,095",$67.16,$68.17,$67.065
07/12/2018,$67.04,"1,226,735",$67.42,$67.55,$66.275
07/11/2018,$67.23,"664,022",$67.70,$68.26,$66.715
07/10/2018,$68.42,"489,605",$69.44,$69.60,$68.24
07/09/2018,$68.74,"1,243,715",$67.01,$69.00,$66.50
07/06/2018,$66.46,"483,444",$66.14,$66.66,$66.03
07/05/2018,$65.83,"621,687",$65.67,$65.97,$65.07
07/03/2018,$65.33,"444,215",$67.01,$67.24,$65.16
07/02/2018,$66.73,"1,550,568",$64.33,$66.76,$64.30
06/29/2018,$64.48,"2,218,229",$62.86,$65.71,$62.03
06/28/2018,$62.84,"520,644",$62.17,$62.85,$61.98
06/27/2018,$62.27,"992,314",$64.07,$64.265,$62.26
06/26/2018,$64.13,"1,014,673",$63.80,$64.53,$63.48
06/25/2018,$63.37,"1,913,679",$64.33,$64.61,$61.44
06/22/2018,$65.58,"1,578,217",$65.68,$66.1883,$65.415
06/21/2018,$65.61,"1,010,373",$66.71,$66.89,$65.42
06/20/2018,$66.80,"539,710",$67.18,$67.31,$66.20
06/19/2018,$66.97,"1,640,488",$67.74,$67.81,$65.91
06/18/2018,$67.98,"524,541",$68.18,$68.67,$67.8875
06/15/2018,$68.77,"861,646",$67.69,$69.27,$67.69
06/14/2018,$67.97,"772,619",$67.86,$68.285,$67.32
06/13/2018,$67.63,"632,801",$68.83,$69.03,$67.54
06/12/2018,$68.44,"948,923",$68.70,$68.93,$68.04
06/11/2018,$68.61,"643,985",$69.00,$69.11,$68.25
06/08/2018,$68.69,"765,917",$67.74,$68.72,$67.58
06/07/2018,$67.97,"916,099",$68.76,$69.15,$67.91
06/06/2018,$68.76,"876,703",$67.33,$69.1299,$67.305
06/05/2018,$67.36,"1,363,545",$66.50,$68.10,$66.14
06/04/2018,$66.52,"1,406,065",$65.63,$67.06,$64.931
06/01/2018,$64.99,"830,659",$63.88,$65.08,$63.64
05/31/2018,$63.60,"569,931",$64.54,$64.54,$63.19
05/30/2018,$64.51,"1,507,298",$63.11,$64.66,$62.825
05/29/2018,$62.64,"1,095,203",$62.39,$63.41,$62.14
05/25/2018,$62.81,"531,415",$62.56,$63.2895,$62.51
05/24/2018,$62.40,"307,655",$62.25,$62.57,$61.75
05/23/2018,$62.24,"375,338",$62.28,$62.54,$62.04
05/22/2018,$62.53,"399,352",$63.15,$63.35,$62.52
05/21/2018,$63.05,"555,721",$62.65,$63.56,$62.425
05/18/2018,$62.49,"578,884",$62.63,$63.05,$62.46
05/17/2018,$62.64,"822,295",$62.36,$63.20,$62.11
05/16/2018,$62.38,"488,925",$61.07,$62.71,$61.06
05/15/2018,$61.00,"441,909",$60.73,$61.81,$60.42
05/14/2018,$60.96,"852,808",$61.09,$61.57,$60.81
05/11/2018,$61.03,"1,782,951",$60.59,$61.36,$60.36
05/10/2018,$60.56,"461,118",$60.31,$60.90,$60.195
05/09/2018,$60.29,"1,482,067",$60.04,$60.69,$59.80
05/08/2018,$60.00,"780,377",$59.98,$60.86,$59.79
05/07/2018,$59.99,"638,615",$59.83,$60.2501,$59.43
05/04/2018,$59.59,"567,044",$58.91,$59.96,$58.54
05/03/2018,$59.22,"725,926",$59.64,$59.90,$58.22
05/02/2018,$59.81,"699,599",$60.08,$60.85,$59.74
05/01/2018,$60.51,"782,642",$59.94,$60.56,$59.55
04/30/2018,$59.88,"777,469",$59.79,$60.28,$59.70
04/27/2018,$59.47,"797,770",$59.39,$60.02,$58.98
04/26/2018,$59.39,"1,523,142",$60.50,$61.28,$58.93
04/25/2018,$58.16,"1,212,506",$57.49,$58.525,$57.071
04/24/2018,$57.51,"874,859",$59.48,$60.20,$57.23
04/23/2018,$58.99,"749,533",$59.37,$59.54,$58.63
04/20/2018,$59.35,"771,815",$59.50,$59.70,$58.91
04/19/2018,$59.50,"1,497,770",$60.92,$61.04,$58.19
04/18/2018,$61.27,"1,718,855",$61.64,$62.415,$61.20
04/17/2018,$61.65,"580,157",$60.86,$61.82,$60.67
04/16/2018,$60.49,"352,651",$60.61,$60.85,$60.19
04/13/2018,$60.18,"698,938",$60.18,$60.475,$59.69
04/12/2018,$59.59,"620,032",$59.24,$59.91,$59.03
04/11/2018,$59.13,"422,896",$58.80,$59.3402,$58.53
04/10/2018,$59.22,"340,095",$59.08,$59.58,$58.73
04/09/2018,$58.34,"531,169",$58.90,$59.14,$58.24
04/06/2018,$58.51,"351,621",$58.99,$59.62,$58.06
04/05/2018,$59.50,"749,609",$58.95,$59.71,$58.79
04/04/2018,$58.61,"696,118",$57.36,$58.74,$56.78
04/03/2018,$57.98,"655,161",$57.40,$58.36,$57.29
04/02/2018,$57.25,"1,050,637",$59.23,$59.26,$56.41
03/29/2018,$59.39,"560,233",$58.54,$59.93,$58.54
03/28/2018,$58.39,"882,953",$58.35,$58.96,$57.80
03/27/2018,$58.49,"808,171",$59.38,$59.38,$58.34
03/26/2018,$59.13,"764,415",$59.71,$60.17,$58.38
03/23/2018,$58.82,"631,658",$60.01,$60.05,$58.73
03/22/2018,$59.78,"498,267",$60.64,$61.27,$59.73
03/21/2018,$61.24,"714,866",$61.08,$61.84,$60.75
03/20/2018,$61.28,"516,030",$61.35,$61.85,$60.76
03/19/2018,$61.36,"521,594",$61.41,$61.43,$60.50
03/16/2018,$61.61,"900,906",$60.66,$61.82,$60.57
03/15/2018,$60.56,"409,888",$60.99,$61.27,$60.50
03/14/2018,$60.77,"901,668",$61.61,$61.76,$60.62
03/13/2018,$61.20,"2,250,785",$62.06,$62.529,$61.095
03/12/2018,$61.88,"471,483",$62.48,$62.92,$61.87
03/09/2018,$62.46,"935,305",$62.10,$62.80,$61.55
03/08/2018,$61.63,"844,349",$62.10,$62.10,$60.475
03/07/2018,$61.75,"771,170",$61.29,$61.93,$60.99
03/06/2018,$61.61,"1,145,651",$61.14,$62.16,$60.63
03/05/2018,$61.18,"1,218,709",$61.60,$62.67,$61.00
03/02/2018,$61.18,"1,188,859",$60.43,$61.32,$59.09
03/01/2018,$60.91,"2,938,761",$60.00,$62.49,$60.00
02/28/2018,$57.20,"540,825",$57.61,$57.99,$56.985
02/27/2018,$57.24,"517,595",$58.87,$59.11,$57.23
02/26/2018,$58.88,"525,339",$58.84,$59.205,$58.00
02/23/2018,$59.02,"479,645",$58.39,$59.07,$58.00
02/22/2018,$57.97,"480,707",$58.70,$59.10,$57.97
02/21/2018,$58.68,"686,021",$57.79,$59.49,$57.71
02/20/2018,$57.72,"652,363",$58.62,$58.91,$57.54
02/16/2018,$59.04,"635,402",$58.77,$59.22,$58.53
02/15/2018,$59.03,"568,826",$59.61,$60.00,$58.40
02/14/2018,$59.38,"1,252,579",$58.07,$59.745,$57.67
02/13/2018,$57.39,"547,482",$57.32,$58.06,$56.93
02/12/2018,$57.54,"807,168",$57.61,$58.00,$56.87
02/09/2018,$57.21,"1,462,423",$57.13,$57.77,$56.235
02/08/2018,$56.72,"736,081",$58.33,$58.43,$56.4207
02/07/2018,$58.30,"800,347",$58.72,$59.11,$58.11
02/06/2018,$58.93,"1,163,079",$57.05,$59.15,$56.40
02/05/2018,$58.17,"1,264,121",$59.49,$60.14,$58.16
02/02/2018,$59.82,"1,432,673",$59.21,$60.59,$58.00
02/01/2018,$60.19,"2,710,749",$62.06,$62.06,$59.17
01/31/2018,$62.78,"1,523,123",$63.32,$63.93,$62.63
01/30/2018,$63.24,"2,989,762",$60.54,$64.45,$60.28
01/29/2018,$59.87,"693,790",$60.00,$60.87,$59.63
01/26/2018,$60.00,"469,406",$60.38,$60.38,$59.4812
01/25/2018,$59.93,"806,797",$60.32,$60.32,$59.14
01/24/2018,$60.00,"1,031,735",$59.71,$60.62,$59.27
01/23/2018,$59.14,"929,740",$58.45,$59.415,$58.36
01/22/2018,$58.26,"632,137",$58.61,$58.61,$57.81
01/19/2018,$58.41,"630,263",$57.79,$58.50,$57.465
01/18/2018,$57.83,"755,264",$58.10,$58.19,$57.13
01/17/2018,$58.17,"650,380",$57.84,$58.36,$57.59
01/16/2018,$57.00,"533,147",$57.92,$58.27,$56.688
01/12/2018,$57.63,"530,819",$57.14,$57.73,$57.00
01/11/2018,$57.07,"661,710",$55.77,$57.31,$55.64
01/10/2018,$55.49,"716,708",$55.91,$56.29,$55.415
01/09/2018,$56.20,"1,026,096",$56.98,$57.05,$55.49
01/08/2018,$56.95,"618,520",$56.71,$57.09,$56.21
01/05/2018,$56.76,"834,979",$56.19,$56.88,$55.44
01/04/2018,$55.77,"872,194",$56.53,$56.805,$55.61
01/03/2018,$56.25,"934,897",$56.11,$56.86,$55.83
01/02/2018,$55.99,"1,037,365",$55.45,$56.08,$55.35
12/29/2017,$55.22,"511,375",$55.62,$55.96,$55.15
12/28/2017,$55.58,"428,450",$55.47,$55.75,$55.32
12/27/2017,$55.21,"482,451",$55.48,$55.75,$55.02
12/26/2017,$55.53,"459,416",$55.55,$55.92,$55.35
12/22/2017,$55.74,"551,577",$56.12,$56.12,$55.36
12/21/2017,$55.99,"819,592",$55.30,$56.36,$55.12
12/20/2017,$55.03,"566,295",$55.29,$55.425,$54.86
12/19/2017,$55.00,"897,722",$55.50,$55.53,$54.49
12/18/2017,$55.10,"1,089,860",$55.24,$56.08,$55.06
12/15/2017,$55.00,"1,873,136",$54.96,$55.48,$54.82
12/14/2017,$54.94,"877,277",$55.54,$55.855,$54.61
12/13/2017,$55.59,"744,035",$55.34,$55.96,$55.14
12/12/2017,$54.97,"989,084",$55.84,$55.87,$54.63
12/11/2017,$55.81,"709,119",$55.73,$56.01,$55.47
12/08/2017,$55.72,"1,286,517",$56.24,$56.35,$55.425
12/07/2017,$56.08,"1,509,319",$55.33,$56.73,$55.30
12/06/2017,$55.51,"2,493,951",$56.31,$58.96,$55.34
12/05/2017,$55.98,"1,628,170",$54.41,$56.36,$53.82
12/04/2017,$54.65,"1,052,546",$55.26,$55.61,$54.51
12/01/2017,$54.70,"1,043,415",$55.21,$55.3549,$53.38
11/30/2017,$55.35,"814,792",$55.73,$56.02,$54.84
11/29/2017,$55.59,"878,236",$54.86,$56.35,$54.53
11/28/2017,$54.77,"2,179,512",$52.98,$54.95,$52.98
11/27/2017,$52.85,"1,009,148",$52.76,$53.24,$52.76
11/24/2017,$52.55,"469,935",$52.71,$52.71,$52.17
11/22/2017,$52.59,"837,457",$52.66,$53.12,$52.05
11/21/2017,$52.50,"1,190,381",$51.82,$52.54,$51.26
11/20/2017,$51.66,"1,207,765",$51.53,$51.96,$51.24
11/17/2017,$51.40,"1,996,903",$50.31,$52.05,$50.25
11/16/2017,$50.32,"1,533,377",$49.56,$51.35,$49.56
11/15/2017,$49.52,"2,152,337",$49.02,$51.14,$48.79
11/14/2017,$49.26,"1,455,154",$48.37,$49.55,$48.28
11/13/2017,$48.84,"1,045,241",$48.73,$49.09,$48.27
11/10/2017,$48.81,"966,338",$48.70,$49.475,$48.70
11/09/2017,$48.84,"1,256,627",$49.22,$49.75,$48.66
11/08/2017,$49.78,"1,275,392",$49.29,$50.25,$49.14
11/07/2017,$49.57,"2,039,537",$51.54,$52.10,$49.44
11/06/2017,$51.63,"1,336,778",$51.60,$52.38,$51.54
11/03/2017,$51.56,"1,783,341",$51.39,$51.79,$50.51
11/02/2017,$50.22,"1,285,464",$51.16,$51.65,$50.00
11/01/2017,$51.46,"1,724,313",$50.74,$52.14,$50.71
10/31/2017,$50.65,"1,706,270",$49.99,$51.40,$49.92
10/30/2017,$50.14,"1,934,440",$49.51,$50.53,$49.51
10/27/2017,$50.00,"3,235,649",$48.04,$50.81,$48.04
10/26/2017,$48.63,"5,902,522",$51.19,$52.25,$48.06
10/25/2017,$57.48,"2,167,454",$57.92,$58.00,$56.72
10/24/2017,$58.04,"2,260,522",$58.88,$59.10,$57.98
10/23/2017,$58.06,"1,660,217",$59.08,$59.08,$57.94
10/20/2017,$59.11,"689,425",$59.50,$60.25,$59.02
10/19/2017,$59.12,"894,071",$58.41,$59.45,$58.09
10/18/2017,$59.00,"999,208",$58.50,$59.04,$58.27
10/17/2017,$58.18,"590,776",$57.63,$58.38,$57.03
10/16/2017,$57.59,"912,721",$57.73,$58.05,$57.18
10/13/2017,$57.51,"408,114",$58.06,$58.42,$57.50
10/12/2017,$57.71,"673,728",$57.80,$58.19,$57.56
10/11/2017,$58.09,"642,613",$57.55,$58.24,$57.19
10/10/2017,$57.54,"445,687",$57.49,$57.67,$57.05
10/09/2017,$57.27,"953,271",$57.78,$57.79,$57.06
10/06/2017,$57.58,"656,108",$57.25,$57.62,$56.91
10/05/2017,$57.49,"510,839",$57.82,$57.82,$57.28
10/04/2017,$57.65,"525,208",$57.61,$57.91,$57.48
10/03/2017,$57.60,"652,974",$57.72,$57.8299,$56.84
10/02/2017,$57.44,"1,103,925",$56.11,$57.46,$55.9609
09/29/2017,$55.97,"852,889",$55.55,$56.25,$55.46
09/28/2017,$55.45,"1,564,139",$54.95,$55.82,$54.84
09/27/2017,$55.00,"1,809,355",$54.84,$55.13,$54.22
09/26/2017,$54.50,"1,000,554",$54.69,$55.125,$54.23
09/25/2017,$54.44,"869,511",$55.06,$55.25,$54.22
09/22/2017,$55.06,"1,113,136",$54.53,$55.145,$54.38
09/21/2017,$54.49,"1,165,678",$53.81,$54.67,$53.665
09/20/2017,$53.68,"1,693,940",$53.14,$53.92,$52.72
09/19/2017,$53.21,"1,019,663",$53.61,$53.83,$53.15
09/18/2017,$53.56,"955,175",$53.50,$53.905,$53.39
09/15/2017,$53.35,"1,148,280",$53.29,$54.01,$53.26
09/14/2017,$53.37,"2,236,597",$53.51,$53.6602,$53.05
09/13/2017,$53.52,"1,427,028",$53.19,$53.90,$53.02
09/12/2017,$53.38,"748,579",$53.24,$53.62,$52.75
09/11/2017,$53.04,"788,912",$53.11,$53.14,$52.40
09/08/2017,$52.39,"2,035,050",$52.87,$53.42,$52.19
09/07/2017,$53.31,"1,934,793",$54.57,$54.66,$52.75
09/06/2017,$54.51,"1,696,927",$52.49,$54.92,$52.42
09/05/2017,$52.30,"694,505",$53.21,$53.24,$51.71
09/01/2017,$53.03,"557,903",$52.72,$53.63,$52.50
08/31/2017,$52.48,"548,233",$52.43,$52.73,$52.09
08/30/2017,$52.32,"462,640",$52.45,$52.58,$52.01
08/29/2017,$52.44,"573,590",$52.50,$52.83,$52.30
08/28/2017,$52.99,"2,085,353",$53.05,$53.42,$52.8101
08/25/2017,$52.97,"1,367,266",$52.68,$53.46,$52.55
08/24/2017,$52.37,"1,304,190",$51.86,$52.585,$51.86
08/23/2017,$51.54,"960,232",$51.86,$52.45,$51.52
08/22/2017,$52.20,"969,696",$51.67,$52.4499,$51.41
08/21/2017,$51.35,"1,128,057",$51.11,$51.81,$51.11
08/18/2017,$50.87,"2,494,893",$50.04,$51.06,$48.72
08/17/2017,$51.49,"3,562,567",$55.66,$55.86,$51.35
08/16/2017,$55.61,"697,914",$55.14,$55.78,$54.91
08/15/2017,$55.00,"625,971",$55.64,$55.90,$55.00
08/14/2017,$55.63,"533,419",$55.33,$55.91,$55.33
08/11/2017,$54.78,"534,027",$53.70,$55.22,$53.61
08/10/2017,$54.04,"1,069,199",$54.84,$55.21,$54.00
08/09/2017,$55.20,"464,560",$55.51,$55.60,$54.92
08/08/2017,$55.76,"552,665",$56.02,$56.41,$55.60
08/07/2017,$55.99,"585,611",$55.86,$56.23,$55.28
08/04/2017,$55.97,"759,856",$56.19,$56.40,$55.58
08/03/2017,$55.96,"900,338",$55.43,$56.17,$55.27
08/02/2017,$55.50,"997,747",$55.65,$56.20,$54.73
08/01/2017,$55.80,"1,073,926",$56.53,$56.91,$55.64
07/31/2017,$56.61,"1,226,746",$56.48,$57.00,$56.38
07/28/2017,$56.58,"1,164,247",$56.09,$57.40,$55.98
07/27/2017,$56.62,"3,180,301",$60.61,$60.64,$55.04
07/26/2017,$60.02,"1,091,395",$61.05,$61.32,$59.82
07/25/2017,$60.86,"1,528,349",$60.42,$61.28,$60.14
07/24/2017,$59.93,"1,460,210",$60.21,$60.95,$59.73
07/21/2017,$60.20,"1,824,047",$59.32,$60.42,$59.175
07/20/2017,$59.65,"3,308,571",$60.49,$60.87,$58.69
07/19/2017,$62.96,"1,439,922",$63.04,$63.52,$62.47
07/18/2017,$62.65,"491,905",$62.82,$62.82,$62.17
07/17/2017,$63.19,"569,430",$63.44,$63.70,$63.07
07/14/2017,$63.42,"682,937",$62.92,$63.76,$62.92
07/13/2017,$62.78,"588,063",$62.25,$63.35,$62.14
07/12/2017,$62.00,"838,161",$62.37,$62.85,$61.63
07/11/2017,$62.04,"1,858,475",$61.02,$62.07,$60.61
07/10/2017,$60.90,"1,138,977",$60.93,$61.81,$60.8375
07/07/2017,$62.46,"652,388",$62.27,$62.68,$61.82
07/06/2017,$61.79,"1,075,486",$62.35,$62.47,$61.18
07/05/2017,$62.54,"640,594",$63.53,$63.53,$62.52
07/03/2017,$63.37,"288,973",$63.22,$63.79,$62.82
06/30/2017,$62.73,"845,842",$62.53,$63.10,$62.23
06/29/2017,$62.63,"842,794",$63.15,$63.41,$62.21
06/28/2017,$63.14,"711,498",$63.06,$63.82,$63.06
06/27/2017,$62.62,"557,965",$63.23,$63.47,$62.561
06/26/2017,$63.34,"634,356",$62.92,$63.67,$62.68
06/23/2017,$62.52,"1,173,940",$62.24,$62.91,$61.68
06/22/2017,$62.20,"962,780",$61.81,$62.37,$61.26
06/21/2017,$61.55,"865,067",$60.96,$62.07,$60.48
06/20/2017,$60.79,"697,551",$61.43,$61.69,$60.75
06/19/2017,$61.64,"930,955",$60.56,$61.95,$60.40
06/16/2017,$60.13,"1,324,396",$60.61,$60.61,$59.55
06/15/2017,$60.73,"786,257",$60.59,$60.98,$60.37
06/14/2017,$60.99,"1,291,235",$62.10,$62.50,$60.80
06/13/2017,$61.80,"816,242",$61.06,$62.414,$60.62
06/12/2017,$60.92,"1,488,083",$60.59,$62.275,$60.59
06/09/2017,$60.79,"1,649,942",$58.25,$61.005,$58.25
06/08/2017,$58.25,"1,075,411",$56.76,$58.54,$56.61
06/07/2017,$56.40,"926,054",$55.58,$56.60,$55.56
06/06/2017,$55.63,"578,779",$55.35,$55.95,$54.87
06/05/2017,$55.17,"593,238",$56.31,$56.3386,$55.16
06/02/2017,$56.50,"768,170",$56.30,$57.04,$56.05
06/01/2017,$56.21,"651,817",$55.50,$56.24,$55.43
05/31/2017,$55.26,"757,996",$55.11,$55.44,$54.155
05/30/2017,$55.02,"542,977",$54.70,$55.37,$54.29
05/26/2017,$54.74,"629,929",$54.62,$55.28,$54.52
05/25/2017,$54.70,"595,317",$54.96,$55.17,$54.38
05/24/2017,$54.69,"777,995",$54.42,$54.77,$54.20
05/23/2017,$54.31,"788,429",$54.92,$55.04,$54.26
05/22/2017,$54.78,"787,773",$55.35,$55.61,$54.74
05/19/2017,$55.21,"973,209",$54.92,$55.81,$54.66
05/18/2017,$54.75,"1,018,393",$54.74,$55.46,$54.52
05/17/2017,$54.83,"756,906",$56.49,$56.67,$54.61
05/16/2017,$57.02,"644,143",$57.38,$57.39,$56.46
05/15/2017,$57.44,"529,315",$57.53,$58.06,$57.25
05/12/2017,$57.47,"926,494",$58.44,$58.44,$57.35
05/11/2017,$58.46,"767,789",$58.97,$58.97,$57.91
05/10/2017,$59.09,"985,991",$58.31,$59.31,$58.25
05/09/2017,$58.36,"737,911",$57.55,$58.63,$57.55
05/08/2017,$57.47,"662,416",$57.80,$58.00,$57.22
05/05/2017,$57.84,"982,540",$56.70,$57.85,$56.70
05/04/2017,$56.64,"1,318,621",$56.60,$56.82,$55.93
05/03/2017,$56.10,"857,333",$56.22,$56.50,$55.76
05/02/2017,$56.11,"1,474,357",$56.94,$57.21,$56.08
05/01/2017,$56.83,"1,139,306",$57.34,$57.87,$56.76
04/28/2017,$56.75,"1,537,653",$57.75,$58.64,$56.65
04/27/2017,$57.39,"2,819,507",$59.31,$60.50,$57.29
04/26/2017,$60.52,"1,034,110",$59.77,$60.85,$59.70
04/25/2017,$59.62,"931,894",$60.07,$60.34,$59.47
04/24/2017,$59.75,"1,733,426",$59.67,$60.14,$59.3324
04/21/2017,$58.91,"1,090,493",$58.65,$59.17,$58.27
04/20/2017,$58.50,"1,264,441",$58.15,$59.10,$58.00
04/19/2017,$57.83,"787,153",$57.41,$58.01,$57.41
04/18/2017,$57.12,"670,237",$56.81,$57.28,$56.40
04/17/2017,$57.10,"695,731",$56.18,$57.14,$56.08
04/13/2017,$55.97,"709,888",$56.42,$56.53,$55.78
04/12/2017,$56.38,"1,162,663",$57.88,$57.88,$56.27
04/11/2017,$58.05,"676,062",$57.40,$58.07,$56.79
04/10/2017,$57.63,"561,198",$57.79,$58.13,$57.30
04/07/2017,$57.80,"860,362",$58.17,$58.51,$57.21
04/06/2017,$58.34,"752,048",$58.37,$58.67,$57.57
04/05/2017,$58.23,"849,585",$58.41,$59.05,$58.155
04/04/2017,$58.26,"1,337,042",$59.53,$60.04,$57.95
04/03/2017,$59.77,"843,336",$61.23,$61.46,$59.42
03/31/2017,$61.20,"749,568",$61.24,$61.40,$60.70
03/30/2017,$61.18,"894,437",$61.18,$61.5299,$60.70
03/29/2017,$61.26,"709,310",$60.74,$61.46,$60.30
03/28/2017,$60.82,"964,088",$60.44,$61.12,$60.12
03/27/2017,$60.53,"905,651",$60.64,$60.78,$59.87
03/24/2017,$61.46,"623,235",$61.32,$61.72,$61.01
03/23/2017,$60.98,"614,887",$60.75,$61.31,$60.45
03/22/2017,$60.88,"732,912",$60.20,$60.90,$59.75
03/21/2017,$60.23,"829,254",$61.00,$61.00,$59.36
03/20/2017,$60.73,"809,302",$60.97,$60.97,$60.14
03/17/2017,$60.97,"957,466",$60.93,$61.22,$60.485
03/16/2017,$60.94,"586,963",$60.97,$61.22,$60.36
03/15/2017,$60.80,"895,469",$60.04,$61.02,$59.42
03/14/2017,$59.46,"919,030",$59.74,$59.74,$58.87
03/13/2017,$59.85,"781,697",$60.27,$60.7088,$59.80
03/10/2017,$60.56,"410,305",$60.08,$60.98,$60.08
03/09/2017,$60.23,"615,616",$60.50,$60.68,$59.86
03/08/2017,$60.74,"531,961",$60.07,$61.00,$60.04
03/07/2017,$60.07,"381,912",$60.21,$60.31,$59.65
03/06/2017,$60.37,"660,388",$60.44,$60.50,$59.52
03/03/2017,$60.66,"521,400",$60.64,$60.855,$59.89
03/02/2017,$60.48,"359,544",$60.93,$61.02,$60.29
03/01/2017,$60.96,"832,495",$60.94,$61.74,$60.36
02/28/2017,$59.89,"791,662",$60.56,$60.69,$59.65
02/27/2017,$60.76,"540,912",$60.66,$61.00,$60.52
02/24/2017,$60.82,"435,293",$59.94,$60.885,$59.49
02/23/2017,$60.30,"630,811",$60.89,$61.24,$60.24
02/22/2017,$60.90,"581,320",$60.42,$61.00,$60.29
02/21/2017,$60.41,"658,340",$60.21,$60.50,$59.68
02/17/2017,$60.00,"615,916",$59.89,$60.54,$59.75
02/16/2017,$59.90,"914,772",$60.60,$60.62,$59.32
02/15/2017,$60.70,"1,158,815",$59.78,$60.79,$59.52
02/14/2017,$59.74,"809,993",$60.00,$60.21,$59.70
02/13/2017,$60.23,"893,203",$60.42,$60.90,$59.95
02/10/2017,$60.18,"611,204",$60.14,$60.44,$59.81
02/09/2017,$59.89,"981,240",$59.97,$60.40,$59.80
02/08/2017,$59.86,"740,208",$59.80,$60.21,$59.56
02/07/2017,$59.84,"623,925",$60.02,$60.33,$59.70
02/06/2017,$59.96,"1,479,754",$60.28,$60.81,$59.87
02/03/2017,$60.88,"1,688,554",$60.11,$61.0638,$59.94
02/02/2017,$59.88,"1,250,829",$60.55,$60.55,$59.735
02/01/2017,$60.79,"1,850,562",$59.96,$61.07,$59.65
01/31/2017,$59.86,"1,003,839",$59.11,$59.91,$58.45
01/30/2017,$59.16,"1,215,252",$58.69,$59.24,$57.95
01/27/2017,$58.84,"1,152,593",$58.18,$59.15,$57.57
01/26/2017,$57.57,"1,584,614",$56.67,$58.825,$56.39
01/25/2017,$56.82,"1,573,730",$55.97,$56.88,$55.77
01/24/2017,$55.65,"1,050,052",$54.95,$56.12,$54.95
01/23/2017,$54.97,"544,541",$54.42,$55.05,$54.32
01/20/2017,$54.72,"645,355",$55.14,$55.46,$54.44
01/19/2017,$54.90,"648,905",$56.11,$56.51,$54.74
01/18/2017,$55.82,"696,589",$55.73,$55.89,$55.22
01/17/2017,$55.73,"611,619",$55.62,$56.44,$55.5338
01/13/2017,$55.95,"512,865",$55.43,$56.41,$55.43
01/12/2017,$55.37,"683,874",$55.65,$55.65,$54.62
01/11/2017,$55.57,"802,978",$55.27,$55.7001,$54.62
01/10/2017,$55.06,"648,322",$54.82,$55.525,$54.48
01/09/2017,$54.80,"1,908,963",$55.30,$55.30,$53.95
01/06/2017,$55.30,"720,469",$56.36,$56.41,$54.98
01/05/2017,$56.36,"649,924",$56.16,$57.05,$55.95
01/04/2017,$56.43,"936,635",$55.64,$56.7999,$55.64
01/03/2017,$55.38,"774,806",$55.12,$56.11,$54.72
12/30/2016,$54.54,"451,677",$54.98,$54.98,$54.35
12/29/2016,$54.73,"327,049",$54.64,$55.10,$54.48
12/28/2016,$54.73,"323,636",$55.40,$55.495,$54.56
12/27/2016,$55.38,"474,590",$55.59,$55.76,$55.15
12/23/2016,$55.32,"409,776",$54.51,$55.47,$54.465
12/22/2016,$54.57,"1,017,941",$55.56,$55.59,$54.50
12/21/2016,$55.16,"729,459",$55.35,$55.52,$54.88
12/20/2016,$55.21,"620,047",$55.11,$55.45,$54.99
12/19/2016,$55.00,"754,110",$54.50,$55.42,$54.251
12/16/2016,$54.52,"1,608,666",$54.13,$55.09,$54.13
12/15/2016,$54.05,"734,770",$53.29,$54.39,$53.07
12/14/2016,$53.29,"915,496",$54.29,$54.445,$53.23
12/13/2016,$54.30,"1,158,682",$55.43,$55.78,$54.06
12/12/2016,$55.22,"1,283,307",$56.04,$56.11,$54.89
12/09/2016,$56.03,"968,478",$55.82,$56.30,$55.47
12/08/2016,$55.78,"1,033,647",$54.58,$55.855,$54.305
12/07/2016,$54.58,"1,186,635",$52.95,$54.59,$52.8201
12/06/2016,$52.89,"1,043,391",$52.55,$53.25,$52.24
12/05/2016,$52.42,"1,667,003",$51.28,$52.86,$50.98
12/02/2016,$50.89,"837,393",$51.38,$51.69,$50.80
12/01/2016,$51.55,"1,531,013",$50.19,$52.18,$49.93
11/30/2016,$50.12,"1,158,813",$49.60,$50.345,$49.50
11/29/2016,$49.31,"765,081",$48.88,$49.57,$48.86
11/28/2016,$48.88,"1,089,643",$49.01,$49.36,$48.65
11/25/2016,$49.32,"442,911",$49.30,$49.54,$49.11
11/23/2016,$49.25,"1,473,478",$47.63,$49.83,$47.53
11/22/2016,$47.71,"926,413",$47.66,$48.16,$47.47
11/21/2016,$47.42,"823,906",$47.10,$47.50,$46.7411
11/18/2016,$46.90,"869,034",$47.68,$47.74,$46.76
11/17/2016,$47.95,"772,872",$48.00,$48.08,$47.54
11/16/2016,$47.86,"1,325,167",$48.10,$48.7399,$47.64
11/15/2016,$48.20,"1,469,832",$48.25,$48.95,$47.75
11/14/2016,$48.38,"1,887,913",$47.94,$49.50,$47.94
11/11/2016,$47.34,"1,759,861",$47.26,$47.96,$46.70
11/10/2016,$47.30,"2,007,491",$44.49,$47.33,$44.25
11/09/2016,$44.04,"1,319,591",$42.27,$44.08,$42.27
11/08/2016,$42.98,"518,714",$43.11,$43.30,$42.61
11/07/2016,$43.28,"1,209,148",$43.61,$44.15,$43.11
11/04/2016,$42.66,"1,199,992",$42.33,$43.305,$42.02
11/03/2016,$42.19,"1,031,629",$42.79,$43.00,$42.13
11/02/2016,$42.76,"1,356,013",$42.78,$43.09,$42.55
11/01/2016,$42.81,"1,412,954",$43.54,$44.18,$42.61
10/31/2016,$43.50,"893,391",$43.35,$43.77,$43.22
10/28/2016,$43.20,"1,941,154",$43.15,$43.92,$42.80
10/27/2016,$43.15,"3,198,353",$47.10,$47.16,$42.98
10/26/2016,$46.52,"1,507,425",$47.23,$47.871,$46.48
10/25/2016,$47.57,"1,044,778",$48.43,$48.7097,$47.35
10/24/2016,$48.80,"1,174,602",$48.69,$49.10,$48.47
10/21/2016,$48.06,"702,803",$48.23,$48.425,$47.77
10/20/2016,$48.80,"657,395",$48.56,$49.32,$48.50
10/19/2016,$48.67,"842,181",$48.58,$48.84,$48.20
10/18/2016,$48.34,"498,927",$48.73,$48.82,$48.07
10/17/2016,$48.11,"362,654",$48.01,$48.52,$48.01
10/14/2016,$48.05,"439,751",$48.57,$48.80,$47.92
10/13/2016,$48.18,"771,815",$47.97,$48.51,$47.58
10/12/2016,$48.46,"527,797",$48.55,$49.03,$48.31
10/11/2016,$48.41,"1,218,736",$49.67,$49.91,$48.01
10/10/2016,$49.84,"1,268,524",$48.68,$49.91,$48.68
10/07/2016,$48.39,"765,454",$49.30,$49.38,$48.08
10/06/2016,$49.37,"534,675",$49.11,$49.415,$48.65
10/05/2016,$49.33,"613,266",$49.14,$49.585,$48.96
10/04/2016,$48.78,"603,829",$48.94,$49.26,$48.66
10/03/2016,$48.90,"446,625",$48.55,$49.22,$48.53
09/30/2016,$48.78,"882,555",$48.55,$49.09,$48.26
09/29/2016,$48.25,"703,218",$48.95,$49.00,$48.22
09/28/2016,$48.98,"1,067,574",$49.53,$49.71,$48.45
09/27/2016,$49.37,"1,015,742",$49.22,$49.85,$48.76
09/26/2016,$48.96,"764,400",$48.97,$49.27,$48.48
09/23/2016,$49.26,"1,750,811",$49.65,$49.85,$49.01
09/22/2016,$49.93,"1,466,723",$49.63,$50.06,$49.33
09/21/2016,$49.22,"2,638,649",$48.10,$49.32,$48.10
09/20/2016,$47.80,"1,928,809",$46.73,$47.8325,$46.46
09/19/2016,$46.44,"973,055",$46.07,$46.81,$46.04
09/16/2016,$45.79,"1,468,709",$45.34,$46.27,$45.31
09/15/2016,$45.65,"736,291",$44.69,$45.81,$44.55
09/14/2016,$44.80,"1,052,524",$44.87,$45.02,$44.38
09/13/2016,$45.01,"1,534,728",$45.11,$45.41,$44.59
09/12/2016,$45.64,"1,314,464",$44.24,$45.83,$44.10
09/09/2016,$45.30,"1,038,327",$46.11,$46.38,$45.29
09/08/2016,$46.70,"1,439,017",$46.33,$46.755,$46.11
09/07/2016,$46.53,"1,136,476",$45.32,$46.53,$45.09
09/06/2016,$45.22,"1,301,678",$46.84,$46.85,$45.01
09/02/2016,$46.64,"542,802",$46.74,$46.94,$46.39
09/01/2016,$46.39,"703,027",$46.04,$46.64,$45.81
08/31/2016,$45.99,"1,052,626",$46.05,$46.16,$45.51
08/30/2016,$46.05,"490,251",$46.02,$46.27,$45.81
08/29/2016,$45.93,"804,093",$45.98,$46.53,$45.87
08/26/2016,$45.91,"873,785",$46.67,$46.98,$45.76
08/25/2016,$46.53,"679,342",$46.34,$46.77,$46.16
08/24/2016,$46.50,"830,297",$47.16,$47.34,$46.27
08/23/2016,$47.25,"610,355",$47.03,$47.42,$46.79
08/22/2016,$46.64,"763,012",$46.71,$46.72,$46.19
08/19/2016,$46.68,"654,642",$46.45,$46.91,$46.38
08/18/2016,$46.79,"858,950",$46.84,$47.1799,$46.44
08/17/2016,$46.83,"1,485,680",$46.74,$47.17,$46.25
08/16/2016,$46.73,"2,722,719",$49.44,$49.61,$46.72
08/15/2016,$49.60,"447,619",$49.10,$49.70,$49.01
08/12/2016,$48.96,"1,198,805",$49.60,$49.62,$48.79
08/11/2016,$49.84,"607,465",$49.51,$50.03,$49.26
08/10/2016,$49.06,"647,323",$49.31,$49.44,$48.89
08/09/2016,$49.15,"1,005,941",$49.23,$49.53,$48.77
08/08/2016,$49.28,"595,395",$49.70,$50.22,$49.235
08/05/2016,$49.45,"580,340",$49.13,$49.83,$49.08
08/04/2016,$48.83,"826,808",$48.68,$49.47,$48.31
08/03/2016,$48.57,"837,817",$48.28,$48.93,$48.00
08/02/2016,$48.39,"1,390,027",$49.48,$49.57,$48.15
08/01/2016,$49.54,"754,917",$49.73,$50.25,$49.19
07/29/2016,$49.62,"1,366,696",$49.06,$50.14,$48.79
07/28/2016,$49.30,"1,805,124",$50.14,$50.14,$47.44
07/27/2016,$50.30,"1,935,097",$50.73,$50.96,$49.94
07/26/2016,$50.61,"2,256,258",$49.45,$50.665,$49.405
07/25/2016,$49.00,"1,368,956",$49.05,$49.34,$48.69
07/22/2016,$49.15,"700,010",$49.23,$49.55,$48.86
07/21/2016,$49.06,"904,686",$49.12,$49.50,$48.76
07/20/2016,$49.09,"1,087,509",$48.30,$49.51,$48.30
07/19/2016,$48.10,"1,223,793",$47.61,$48.51,$47.485
07/18/2016,$47.92,"1,963,886",$47.75,$48.36,$46.881
07/15/2016,$49.23,"1,245,422",$48.87,$49.87,$48.68
07/14/2016,$48.41,"629,874",$49.32,$49.33,$48.41
07/13/2016,$48.63,"853,323",$49.34,$49.36,$48.48
07/12/2016,$49.01,"647,455",$48.66,$49.34,$48.63
07/11/2016,$48.19,"626,719",$47.98,$48.54,$47.91
07/08/2016,$47.77,"663,257",$47.01,$47.86,$47.01
07/07/2016,$46.35,"689,659",$45.31,$46.40,$45.31
07/06/2016,$45.24,"894,282",$44.56,$45.28,$44.25
07/05/2016,$44.95,"755,630",$46.40,$46.54,$44.63
07/01/2016,$46.54,"1,012,650",$45.21,$46.63,$45.21
06/30/2016,$45.32,"844,209",$44.57,$45.32,$44.01
06/29/2016,$44.54,"1,194,217",$43.93,$44.84,$43.77
06/28/2016,$43.32,"1,515,276",$42.43,$43.49,$42.3903
06/27/2016,$41.82,"1,741,936",$42.57,$42.84,$41.19
06/24/2016,$43.68,"3,098,203",$46.54,$46.59,$43.63
06/23/2016,$48.82,"1,125,671",$49.01,$49.25,$48.34
06/22/2016,$48.43,"655,349",$48.20,$48.79,$47.74
06/21/2016,$48.11,"1,371,879",$48.08,$48.52,$47.744
06/20/2016,$48.12,"1,430,167",$47.49,$49.10,$47.45
06/17/2016,$46.65,"1,156,492",$46.26,$46.72,$45.97
06/16/2016,$46.14,"748,217",$46.24,$46.26,$45.39
06/15/2016,$46.70,"660,221",$46.77,$47.44,$46.62
06/14/2016,$46.44,"696,079",$46.06,$46.46,$45.53
06/13/2016,$46.23,"1,296,164",$45.96,$46.96,$45.96
06/10/2016,$46.31,"897,570",$46.94,$47.13,$46.055
06/09/2016,$47.65,"408,898",$47.81,$48.1537,$47.55
06/08/2016,$48.21,"917,159",$47.84,$48.56,$47.84
06/07/2016,$47.75,"898,306",$46.77,$47.86,$46.54
06/06/2016,$46.93,"872,017",$47.04,$47.17,$46.58
06/03/2016,$46.76,"611,110",$47.53,$47.53,$46.61
06/02/2016,$47.78,"776,180",$47.53,$47.80,$47.24
06/01/2016,$47.79,"629,021",$47.50,$47.86,$47.06
05/31/2016,$47.87,"813,892",$47.68,$48.08,$47.55
05/27/2016,$47.32,"700,831",$46.34,$47.50,$46.34
05/26/2016,$46.28,"520,437",$46.64,$46.65,$46.02
05/25/2016,$46.51,"1,017,780",$46.53,$46.75,$46.225
05/24/2016,$46.19,"1,093,069",$45.69,$46.35,$45.41
05/23/2016,$45.41,"790,699",$45.71,$45.95,$45.37
05/20/2016,$45.60,"1,140,475",$45.38,$45.86,$44.96
05/19/2016,$45.29,"1,319,920",$45.90,$46.28,$44.85
05/18/2016,$46.12,"1,114,625",$47.07,$47.07,$45.77
05/17/2016,$47.18,"1,668,415",$48.00,$48.59,$46.98
05/16/2016,$48.02,"859,270",$47.40,$48.48,$47.36
05/13/2016,$47.18,"579,078",$47.81,$47.965,$47.02
05/12/2016,$47.78,"678,540",$48.32,$48.57,$47.54
05/11/2016,$48.02,"996,929",$48.34,$48.88,$47.80
05/10/2016,$48.46,"1,289,839",$47.63,$48.68,$47.61
05/09/2016,$47.20,"1,137,597",$47.08,$47.50,$46.73
05/06/2016,$47.14,"1,097,857",$47.13,$47.70,$46.90
05/05/2016,$47.40,"766,200",$48.11,$48.52,$47.31
05/04/2016,$47.99,"1,104,381",$48.43,$48.73,$47.68
05/03/2016,$48.67,"840,277",$48.67,$48.89,$47.93
05/02/2016,$49.35,"1,051,645",$48.12,$49.55,$47.63
04/29/2016,$48.03,"1,655,767",$48.66,$48.66,$47.15
04/28/2016,$48.48,"3,252,738",$50.06,$50.52,$48.10
04/27/2016,$51.33,"1,257,223",$51.41,$51.59,$50.73
04/26/2016,$51.34,"1,187,879",$50.53,$51.415,$50.04
04/25/2016,$50.16,"1,171,672",$50.16,$50.62,$49.612
04/22/2016,$50.18,"1,006,507",$50.05,$50.59,$49.80
04/21/2016,$49.94,"1,277,800",$50.55,$50.84,$49.49
04/20/2016,$50.36,"1,885,700",$48.58,$50.79,$48.26
04/19/2016,$48.42,"1,298,150",$49.64,$49.91,$48.29
04/18/2016,$49.52,"1,016,888",$48.38,$49.68,$48.18
04/15/2016,$48.61,"688,552",$48.18,$48.68,$48.009
04/14/2016,$48.22,"1,249,248",$48.07,$48.61,$47.56
04/13/2016,$47.91,"941,327",$46.78,$48.18,$46.735
04/12/2016,$46.56,"638,122",$46.41,$46.95,$45.85
04/11/2016,$46.33,"595,943",$46.66,$47.112,$46.20
04/08/2016,$46.37,"521,844",$46.61,$46.84,$46.13
04/07/2016,$46.07,"1,044,521",$46.82,$47.03,$45.42
04/06/2016,$47.25,"559,398",$46.93,$47.31,$46.61
04/05/2016,$46.86,"528,969",$47.08,$47.372,$46.73
04/04/2016,$47.35,"634,354",$48.21,$48.27,$47.09
04/01/2016,$48.27,"675,742",$47.44,$48.32,$47.04
03/31/2016,$47.98,"980,496",$48.08,$48.50,$47.68
03/30/2016,$48.16,"711,401",$48.66,$48.70,$47.72
03/29/2016,$48.00,"1,505,857",$47.14,$48.07,$46.68
03/28/2016,$47.11,"523,835",$46.96,$47.29,$46.43
03/24/2016,$46.78,"748,251",$45.84,$46.83,$45.42
03/23/2016,$46.13,"1,089,924",$47.37,$47.50,$45.94
03/22/2016,$47.73,"1,380,569",$46.87,$47.96,$46.85
03/21/2016,$47.22,"962,678",$47.14,$47.48,$46.79
03/18/2016,$47.15,"1,489,644",$46.80,$48.22,$46.715
03/17/2016,$46.58,"1,397,185",$45.23,$46.87,$44.97
03/16/2016,$45.28,"782,810",$43.99,$45.59,$43.85
03/15/2016,$44.03,"523,810",$44.61,$44.63,$43.82
03/14/2016,$44.94,"894,692",$44.79,$45.68,$44.69
03/11/2016,$45.04,"1,311,725",$44.41,$45.46,$44.23
03/10/2016,$43.62,"945,713",$43.62,$44.025,$43.00
03/09/2016,$43.46,"1,048,898",$42.98,$43.54,$42.48
03/08/2016,$42.72,"1,200,049",$45.01,$45.01,$42.63
03/07/2016,$45.01,"994,443",$44.59,$45.36,$44.48
03/04/2016,$44.91,"1,120,064",$44.51,$45.0728,$44.00
03/03/2016,$44.54,"818,341",$44.36,$44.57,$43.73
03/02/2016,$44.49,"1,292,598",$43.89,$44.62,$43.31
03/01/2016,$44.18,"1,130,484",$43.01,$44.19,$42.60
02/29/2016,$42.54,"830,888",$42.61,$43.17,$42.52
02/26/2016,$42.54,"1,402,856",$42.92,$43.27,$42.22
02/25/2016,$42.48,"1,107,163",$41.94,$42.48,$41.68
02/24/2016,$41.73,"2,035,952",$41.99,$42.01,$40.76
02/23/2016,$42.86,"1,107,075",$43.82,$44.38,$42.71
02/22/2016,$44.04,"1,566,698",$42.78,$44.13,$42.74
02/19/2016,$42.22,"927,998",$41.98,$42.32,$41.44
02/18/2016,$42.29,"1,547,939",$43.01,$43.11,$41.87
02/17/2016,$42.78,"2,199,594",$40.41,$42.96,$40.08
02/16/2016,$39.96,"2,025,903",$40.14,$40.33,$39.545
02/12/2016,$39.58,"1,359,576",$39.30,$39.965,$38.93
02/11/2016,$38.50,"1,618,522",$38.56,$38.98,$38.08
02/10/2016,$39.54,"1,796,454",$38.87,$40.35,$38.71
02/09/2016,$38.66,"1,447,501",$38.34,$39.20,$38.12
02/08/2016,$38.72,"1,719,089",$38.90,$39.19,$37.85
02/05/2016,$39.92,"2,433,957",$40.08,$40.99,$39.48
02/04/2016,$40.41,"3,414,555",$38.50,$40.55,$38.50
02/03/2016,$38.47,"2,399,064",$38.84,$39.00,$37.31
02/02/2016,$38.34,"1,872,580",$39.09,$39.19,$37.995
02/01/2016,$39.30,"1,979,696",$39.37,$39.57,$38.64
01/29/2016,$39.85,"4,187,874",$39.95,$40.32,$38.55
01/28/2016,$39.95,"3,790,111",$43.28,$44.80,$38.47
01/27/2016,$42.16,"1,436,242",$42.68,$43.26,$41.91
01/26/2016,$42.26,"1,827,417",$43.08,$43.14,$41.92
01/25/2016,$42.19,"1,364,689",$42.23,$42.895,$41.84
01/22/2016,$42.23,"1,573,802",$42.50,$43.46,$41.40
01/21/2016,$41.46,"3,753,830",$41.78,$42.61,$40.65
01/20/2016,$38.49,"2,350,779",$37.42,$38.90,$36.05
01/19/2016,$38.06,"1,804,212",$38.42,$39.37,$37.86
01/15/2016,$37.98,"4,410,104",$39.87,$39.87,$36.89
01/14/2016,$40.99,"3,732,686",$42.93,$43.02,$40.72
01/13/2016,$42.93,"1,658,437",$45.55,$45.65,$42.87
01/12/2016,$45.46,"1,733,949",$44.84,$45.72,$44.48
01/11/2016,$44.52,"2,111,574",$45.08,$45.35,$43.43
01/08/2016,$45.50,"1,345,772",$46.72,$46.74,$45.43
01/07/2016,$46.46,"1,166,374",$47.29,$47.59,$46.45
01/06/2016,$48.13,"1,127,987",$48.57,$49.13,$47.945
01/05/2016,$49.31,"1,011,060",$50.29,$50.31,$49.05
01/04/2016,$49.92,"1,107,588",$49.65,$50.09,$48.87
12/31/2015,$50.51,"534,258",$51.12,$51.20,$50.49
12/30/2015,$51.21,"1,043,937",$51.12,$51.39,$51.03
12/29/2015,$51.31,"1,092,246",$50.31,$51.35,$50.125
12/28/2015,$49.87,"385,160",$49.60,$49.97,$49.08
12/24/2015,$49.81,"312,143",$49.68,$50.28,$49.42
12/23/2015,$49.72,"541,247",$49.69,$50.10,$49.39
12/22/2015,$49.17,"635,898",$48.78,$49.37,$48.28
12/21/2015,$48.64,"812,264",$48.10,$48.84,$47.71
12/18/2015,$47.63,"2,434,001",$48.59,$48.61,$47.505
12/17/2015,$48.96,"1,174,092",$50.99,$51.09,$48.95
12/16/2015,$51.40,"1,190,573",$51.37,$52.54,$50.65
12/15/2015,$50.25,"850,370",$50.24,$50.84,$49.99
12/14/2015,$49.74,"1,068,056",$49.90,$50.22,$48.59
12/11/2015,$49.95,"616,957",$50.39,$50.64,$49.75
12/10/2015,$50.97,"621,144",$51.18,$51.57,$50.89
12/09/2015,$51.18,"697,141",$51.87,$52.62,$51.00
12/08/2015,$52.04,"846,991",$51.48,$52.42,$51.13
12/07/2015,$51.98,"805,573",$51.62,$52.03,$51.165
12/04/2015,$51.84,"597,558",$51.63,$52.21,$51.41
12/03/2015,$51.39,"778,668",$52.68,$52.68,$51.02
12/02/2015,$52.45,"780,080",$53.37,$53.58,$52.22
12/01/2015,$53.21,"1,184,639",$52.85,$53.44,$52.47
11/30/2015,$52.63,"2,523,695",$54.39,$54.59,$52.34
11/27/2015,$55.40,"251,515",$55.39,$55.65,$55.08
11/25/2015,$55.33,"476,813",$55.17,$55.51,$55.12
11/24/2015,$54.96,"533,164",$54.51,$55.22,$54.17
11/23/2015,$54.88,"527,583",$54.76,$55.53,$54.63
11/20/2015,$54.66,"664,924",$54.79,$55.55,$54.58
11/19/2015,$54.60,"819,891",$54.27,$54.66,$54.08
11/18/2015,$54.26,"581,580",$53.02,$54.33,$52.73
11/17/2015,$52.64,"626,851",$53.43,$53.45,$52.62
11/16/2015,$53.41,"757,950",$52.21,$53.53,$52.1201
11/13/2015,$52.40,"929,315",$53.26,$53.415,$52.37
11/12/2015,$53.35,"696,529",$54.16,$54.52,$53.30
11/11/2015,$54.55,"988,023",$55.45,$55.52,$54.46
11/10/2015,$55.49,"1,147,324",$53.95,$55.54,$53.83
11/09/2015,$54.06,"717,491",$54.89,$55.20,$53.6701
11/06/2015,$54.96,"518,227",$54.92,$55.33,$54.565
11/05/2015,$54.87,"755,481",$53.93,$54.91,$53.74
11/04/2015,$53.77,"1,060,220",$54.45,$54.7199,$53.58
11/03/2015,$54.17,"881,873",$54.99,$55.21,$54.12
11/02/2015,$55.11,"1,201,231",$53.81,$55.12,$53.72
10/30/2015,$53.81,"1,347,012",$53.94,$54.73,$53.73
10/29/2015,$53.64,"1,854,674",$50.24,$53.81,$49.502
10/28/2015,$49.77,"1,065,032",$49.01,$50.26,$48.90
10/27/2015,$48.98,"761,458",$49.52,$49.75,$48.60
10/26/2015,$49.75,"573,448",$49.34,$50.27,$48.95
10/23/2015,$49.32,"1,079,804",$48.78,$49.38,$48.09
10/22/2015,$48.35,"1,872,718",$48.78,$49.12,$48.16
10/21/2015,$48.68,"1,426,811",$50.86,$50.86,$48.60
10/20/2015,$50.71,"693,638",$51.05,$51.24,$50.26
10/19/2015,$51.31,"730,533",$51.15,$51.71,$50.98
10/16/2015,$51.30,"548,516",$50.63,$51.37,$50.57
10/15/2015,$50.60,"731,656",$50.21,$50.625,$49.71
10/14/2015,$50.13,"701,459",$50.06,$50.49,$49.68
10/13/2015,$50.06,"539,655",$50.26,$50.96,$50.02
10/12/2015,$50.45,"378,327",$50.61,$50.93,$50.39
10/09/2015,$50.66,"560,071",$50.56,$51.04,$50.29
10/08/2015,$50.54,"516,770",$50.03,$50.81,$49.81
10/07/2015,$50.03,"687,942",$49.55,$50.37,$49.40
10/06/2015,$49.07,"416,146",$49.12,$49.49,$48.85
10/05/2015,$49.16,"856,499",$48.19,$49.33,$48.06
10/02/2015,$47.90,"838,960",$46.75,$47.94,$46.27
10/01/2015,$47.27,"792,725",$47.87,$48.18,$46.66
09/30/2015,$47.89,"1,010,953",$47.05,$48.05,$46.87
09/29/2015,$46.95,"893,158",$46.64,$47.10,$46.08
09/28/2015,$46.63,"775,975",$47.77,$47.772,$46.41
09/25/2015,$48.14,"905,123",$49.18,$49.20,$47.90
09/24/2015,$48.81,"1,006,812",$48.56,$49.03,$48.09
09/23/2015,$49.14,"582,785",$49.23,$49.26,$48.73
09/22/2015,$49.18,"1,480,811",$48.92,$50.11,$48.60
09/21/2015,$49.63,"824,471",$49.13,$50.16,$48.98
09/18/2015,$48.58,"1,252,517",$49.17,$49.43,$48.44
09/17/2015,$50.08,"885,276",$50.30,$51.29,$49.99
09/16/2015,$50.23,"728,945",$49.23,$50.30,$49.02
09/15/2015,$49.11,"754,408",$47.72,$49.24,$47.43
09/14/2015,$47.55,"575,300",$48.19,$48.21,$47.45
09/11/2015,$48.19,"608,890",$47.93,$48.28,$47.33
09/10/2015,$48.31,"610,316",$48.32,$49.035,$48.17
09/09/2015,$48.33,"555,174",$49.59,$49.71,$48.19
09/08/2015,$49.22,"823,846",$48.51,$49.325,$48.06
09/04/2015,$47.58,"778,435",$48.05,$48.44,$47.38
09/03/2015,$48.70,"519,796",$48.63,$49.11,$48.285
09/02/2015,$48.30,"719,973",$48.44,$48.69,$47.32
09/01/2015,$47.68,"960,324",$48.82,$48.86,$47.40
08/31/2015,$49.71,"582,393",$49.64,$50.41,$49.172
08/28/2015,$49.80,"681,970",$49.26,$49.90,$48.985
08/27/2015,$49.34,"781,751",$48.28,$49.59,$48.24
08/26/2015,$47.80,"1,323,046",$47.68,$48.08,$46.15
08/25/2015,$46.50,"1,341,245",$48.92,$48.97,$46.45
08/24/2015,$47.59,"1,312,121",$48.10,$49.32,$47.02
08/21/2015,$50.18,"866,826",$51.04,$51.4299,$50.14
08/20/2015,$51.80,"667,681",$52.68,$52.87,$51.80
08/19/2015,$53.17,"943,041",$53.74,$53.74,$52.92
08/18/2015,$54.13,"1,004,365",$55.19,$55.76,$54.00
08/17/2015,$55.27,"896,062",$53.74,$55.37,$53.54
08/14/2015,$54.11,"622,807",$53.04,$54.13,$53.00
08/13/2015,$53.22,"497,627",$52.90,$53.63,$52.54
08/12/2015,$52.89,"626,999",$52.96,$53.35,$52.01
08/11/2015,$53.49,"656,727",$53.05,$53.69,$53.05
08/10/2015,$53.62,"719,036",$52.86,$53.66,$52.57
08/07/2015,$52.29,"538,498",$52.23,$52.69,$51.91
08/06/2015,$52.28,"857,036",$53.34,$53.685,$52.13
08/05/2015,$53.12,"941,542",$52.72,$53.38,$52.62
08/04/2015,$52.34,"762,471",$52.35,$53.12,$52.14
08/03/2015,$52.37,"685,079",$52.91,$53.14,$52.11
07/31/2015,$53.09,"1,860,103",$52.39,$53.74,$51.89
07/30/2015,$51.92,"1,504,056",$52.30,$53.97,$51.67
07/29/2015,$53.08,"1,087,520",$51.42,$53.20,$51.408
07/28/2015,$51.63,"875,282",$51.37,$52.10,$50.77
07/27/2015,$51.15,"801,318",$51.52,$51.74,$50.88
07/24/2015,$51.98,"560,849",$52.63,$52.71,$51.70
07/23/2015,$52.53,"600,207",$53.37,$53.73,$52.50
07/22/2015,$53.12,"773,848",$52.33,$53.17,$52.33
07/21/2015,$53.05,"619,837",$52.75,$53.36,$52.53
07/20/2015,$52.45,"545,061",$52.83,$52.96,$52.33
07/17/2015,$52.77,"597,652",$53.56,$53.64,$52.66
07/16/2015,$53.51,"712,392",$53.34,$53.78,$53.09
07/15/2015,$53.08,"830,722",$54.26,$54.49,$53.00
07/14/2015,$54.22,"1,196,537",$53.36,$54.65,$53.36
07/13/2015,$53.53,"1,202,929",$53.44,$53.76,$53.15
07/10/2015,$52.98,"850,262",$53.13,$53.49,$52.645
07/09/2015,$52.50,"1,271,998",$51.96,$52.78,$51.85
07/08/2015,$51.08,"692,439",$51.66,$51.87,$50.79
07/07/2015,$51.14,"733,761",$50.95,$51.28,$50.03
07/06/2015,$50.66,"1,081,007",$50.37,$51.36,$50.34
07/02/2015,$50.78,"723,763",$51.02,$51.0375,$50.13
07/01/2015,$50.77,"1,075,869",$51.36,$51.50,$50.29
06/30/2015,$50.86,"883,238",$50.85,$51.41,$50.58
06/29/2015,$50.36,"1,168,454",$51.55,$51.97,$50.325
06/26/2015,$51.97,"7,001,372",$52.44,$52.68,$51.97
06/25/2015,$52.18,"953,517",$52.41,$52.5825,$51.98
06/24/2015,$52.23,"924,543",$52.66,$53.14,$52.0301
06/23/2015,$52.72,"942,728",$52.89,$52.96,$52.17
06/22/2015,$52.64,"832,647",$52.85,$53.06,$52.15
06/19/2015,$52.56,"1,515,206",$53.81,$54.11,$52.54
06/18/2015,$53.74,"1,197,095",$53.16,$54.17,$53.16
06/17/2015,$53.01,"1,247,721",$52.42,$53.185,$52.28
06/16/2015,$52.03,"981,628",$52.28,$52.385,$51.99
06/15/2015,$52.24,"611,680",$52.15,$52.62,$51.72
06/12/2015,$52.49,"529,858",$52.44,$52.81,$52.17
06/11/2015,$52.87,"583,776",$52.46,$53.13,$52.46
06/10/2015,$52.39,"1,001,315",$51.46,$52.5497,$51.16
06/09/2015,$51.31,"542,425",$51.03,$51.49,$50.54
06/08/2015,$50.98,"309,536",$51.26,$51.445,$50.97
06/05/2015,$51.32,"477,247",$50.63,$51.35,$50.50
06/04/2015,$50.65,"694,276",$51.06,$51.59,$50.545
06/03/2015,$51.47,"658,487",$50.92,$51.735,$50.79
06/02/2015,$50.75,"540,987",$50.62,$51.24,$50.59
06/01/2015,$51.09,"574,774",$51.31,$51.62,$50.74
05/29/2015,$51.04,"779,759",$51.48,$51.53,$50.97
05/28/2015,$51.41,"1,349,379",$51.53,$51.71,$50.99
05/27/2015,$51.62,"893,505",$51.86,$52.16,$51.42
05/26/2015,$51.90,"680,156",$52.67,$52.93,$51.57
05/22/2015,$52.90,"397,921",$52.96,$53.32,$52.53
05/21/2015,$53.06,"570,810",$52.93,$53.61,$52.81
05/20/2015,$53.04,"628,177",$52.82,$53.29,$52.55
05/19/2015,$52.97,"586,930",$53.46,$53.46,$52.75
05/18/2015,$53.40,"907,146",$52.62,$53.42,$52.20
05/15/2015,$52.83,"738,877",$53.27,$53.3689,$52.76
05/14/2015,$53.13,"1,261,868",$52.21,$53.277,$51.75
05/13/2015,$51.93,"754,967",$52.01,$52.39,$51.67
05/12/2015,$51.99,"492,299",$52.27,$52.34,$51.41
05/11/2015,$52.42,"1,372,524",$51.83,$52.65,$51.67
05/08/2015,$51.91,"1,200,444",$51.44,$51.99,$51.355
05/07/2015,$51.01,"737,935",$50.64,$51.2199,$50.52
05/06/2015,$50.67,"925,328",$50.45,$50.70,$49.79
05/05/2015,$50.37,"1,322,135",$51.13,$51.4025,$50.10
05/04/2015,$51.34,"1,459,775",$50.91,$51.495,$50.73
05/01/2015,$50.72,"1,437,204",$50.17,$50.94,$50.05
04/30/2015,$50.04,"2,197,619",$50.57,$51.23,$49.95
04/29/2015,$51.18,"4,155,152",$53.90,$53.99,$50.15
04/28/2015,$55.10,"1,557,861",$55.15,$55.15,$54.29
04/27/2015,$55.30,"1,224,218",$55.50,$56.03,$54.82
04/24/2015,$55.27,"942,039",$54.68,$55.42,$54.446
04/23/2015,$54.49,"862,177",$53.93,$54.61,$53.62
04/22/2015,$54.01,"670,260",$53.98,$54.07,$53.06
04/21/2015,$53.88,"965,675",$54.74,$54.87,$53.83
04/20/2015,$54.67,"754,876",$54.80,$55.00,$54.51
04/17/2015,$54.35,"1,080,403",$54.06,$54.455,$53.40
04/16/2015,$54.42,"1,143,650",$53.99,$54.63,$52.57
04/15/2015,$52.67,"792,571",$51.78,$52.90,$51.78
04/14/2015,$51.79,"696,436",$51.90,$52.09,$51.27
04/13/2015,$52.20,"536,901",$52.14,$52.51,$51.96
04/10/2015,$52.26,"559,365",$52.41,$52.46,$51.92
04/09/2015,$52.19,"956,614",$52.08,$52.33,$51.80
04/08/2015,$52.22,"1,019,534",$51.66,$52.25,$51.30
04/07/2015,$51.70,"872,271",$51.81,$51.96,$51.40
04/06/2015,$51.69,"687,309",$50.95,$51.975,$50.95
04/02/2015,$51.34,"577,597",$50.98,$51.60,$50.76
04/01/2015,$51.11,"731,369",$51.34,$51.52,$50.71
03/31/2015,$51.45,"1,083,764",$51.83,$51.92,$51.23
03/30/2015,$51.92,"636,495",$51.52,$52.15,$51.50
03/27/2015,$51.20,"729,904",$50.85,$51.45,$50.67
03/26/2015,$50.90,"678,777",$51.46,$51.475,$50.80
03/25/2015,$51.58,"814,249",$52.34,$52.45,$51.535
03/24/2015,$52.02,"1,145,241",$52.13,$52.92,$51.92
03/23/2015,$52.02,"1,045,257",$51.35,$52.36,$51.16
03/20/2015,$51.25,"1,582,301",$51.42,$51.61,$51.08
03/19/2015,$51.10,"1,256,965",$52.08,$52.35,$50.99
03/18/2015,$52.29,"858,588",$52.21,$52.58,$51.11
03/17/2015,$52.21,"734,851",$52.04,$52.32,$51.38
03/16/2015,$52.62,"528,116",$52.49,$53.08,$52.25
03/13/2015,$52.16,"876,501",$52.11,$52.30,$51.42
03/12/2015,$52.34,"997,845",$51.89,$52.57,$51.58
03/11/2015,$51.58,"725,599",$51.66,$52.36,$51.43
03/10/2015,$51.71,"802,000",$52.29,$52.39,$51.69
03/09/2015,$52.67,"1,080,698",$51.74,$52.82,$51.42
03/06/2015,$51.60,"972,591",$52.58,$52.86,$51.38
03/05/2015,$53.01,"900,716",$53.92,$54.01,$52.97
03/04/2015,$53.74,"1,068,477",$54.20,$54.55,$53.51
03/03/2015,$54.79,"944,496",$55.89,$55.97,$54.76
03/02/2015,$55.97,"1,038,120",$54.21,$55.98,$54.04
02/27/2015,$54.24,"578,999",$54.47,$54.78,$54.07
02/26/2015,$54.79,"444,359",$54.61,$55.11,$54.47
02/25/2015,$54.70,"602,237",$55.00,$55.19,$54.51
02/24/2015,$54.94,"431,136",$55.00,$55.13,$54.70
02/23/2015,$55.00,"514,622",$54.84,$55.03,$54.60
02/20/2015,$54.96,"1,328,753",$54.56,$55.062,$53.71
02/19/2015,$54.84,"637,358",$55.20,$55.49,$54.65
02/18/2015,$55.52,"743,725",$56.17,$56.63,$55.11
02/17/2015,$56.39,"1,191,585",$55.41,$56.59,$55.41
02/13/2015,$55.30,"992,444",$54.86,$55.35,$54.28
02/12/2015,$54.69,"1,108,911",$54.23,$54.91,$53.75
02/11/2015,$53.87,"745,924",$54.07,$54.58,$53.36
02/10/2015,$54.08,"1,306,428",$54.76,$55.00,$53.42
02/09/2015,$54.30,"664,728",$54.53,$54.855,$54.21
02/06/2015,$54.60,"1,351,307",$54.59,$54.94,$54.15
02/05/2015,$54.50,"856,941",$54.62,$54.774,$54.08
02/04/2015,$54.28,"1,150,599",$54.70,$55.32,$54.14
02/03/2015,$54.94,"1,435,718",$54.64,$55.10,$54.39
02/02/2015,$53.98,"1,183,679",$54.37,$54.79,$53.15
01/30/2015,$54.28,"1,785,698",$54.38,$55.00,$53.42
01/29/2015,$55.73,"3,125,201",$51.50,$55.77,$51.25
01/28/2015,$51.58,"954,698",$52.49,$52.49,$51.30
01/27/2015,$52.08,"820,977",$51.64,$52.49,$51.47
01/26/2015,$52.45,"1,301,863",$51.68,$52.99,$51.46
01/23/2015,$51.72,"1,372,896",$52.29,$52.72,$51.64
01/22/2015,$52.17,"1,967,562",$52.61,$52.86,$52.01
01/21/2015,$51.98,"1,013,819",$51.98,$52.85,$51.68
01/20/2015,$52.08,"893,996",$52.40,$52.54,$51.90
01/16/2015,$52.15,"758,582",$50.96,$52.18,$50.88
01/15/2015,$51.29,"920,473",$52.89,$52.95,$51.25
01/14/2015,$52.77,"879,684",$52.43,$52.96,$52.00
01/13/2015,$53.12,"2,068,406",$53.34,$54.62,$52.50
01/12/2015,$52.96,"967,111",$53.75,$53.93,$52.85
01/09/2015,$53.67,"1,499,270",$54.16,$54.55,$53.28
01/08/2015,$54.21,"3,216,561",$52.17,$55.26,$52.01
01/07/2015,$51.51,"941,183",$50.70,$51.51,$50.39
01/06/2015,$50.21,"2,121,514",$50.82,$51.03,$50.03
01/05/2015,$50.66,"874,155",$50.85,$51.25,$50.48
01/02/2015,$51.04,"827,162",$51.66,$51.96,$50.61
12/31/2014,$51.26,"739,456",$51.85,$52.05,$51.25
12/30/2014,$51.61,"541,400",$51.72,$52.20,$51.60
12/29/2014,$51.94,"673,241",$50.95,$52.09,$50.88
12/26/2014,$50.95,"502,972",$51.30,$51.42,$50.88
12/24/2014,$51.01,"737,510",$50.56,$51.28,$50.29
12/23/2014,$50.33,"1,187,086",$50.08,$50.37,$49.85
12/22/2014,$49.85,"889,578",$50.66,$50.90,$49.52
12/19/2014,$50.70,"1,429,879",$50.05,$50.77,$49.80
12/18/2014,$49.93,"822,364",$49.43,$49.95,$48.98
12/17/2014,$48.73,"1,001,559",$47.98,$48.76,$47.57
12/16/2014,$47.84,"955,204",$48.11,$49.04,$47.58
12/15/2014,$48.56,"915,987",$49.25,$49.37,$48.06
12/12/2014,$48.85,"834,275",$48.61,$49.65,$48.4801
12/11/2014,$48.97,"571,227",$49.78,$49.96,$48.89
12/10/2014,$49.40,"853,177",$50.10,$50.49,$49.15
12/09/2014,$50.36,"822,849",$48.98,$50.50,$48.79
12/08/2014,$49.62,"720,891",$50.66,$50.67,$49.30
12/05/2014,$50.82,"984,009",$50.32,$51.06,$50.305
12/04/2014,$50.36,"1,025,103",$50.11,$50.48,$49.64
12/03/2014,$49.99,"865,309",$49.48,$50.15,$49.21
12/02/2014,$49.44,"753,972",$48.98,$49.515,$48.69
12/01/2014,$48.94,"1,047,247",$49.54,$49.56,$48.73
11/28/2014,$49.68,"654,227",$49.43,$50.19,$49.00
11/26/2014,$49.05,"461,675",$49.22,$49.22,$48.81
11/25/2014,$49.21,"902,166",$49.08,$49.63,$49.05
11/24/2014,$48.82,"898,589",$47.91,$48.88,$47.91
11/21/2014,$47.72,"873,073",$48.51,$48.52,$47.64
11/20/2014,$47.95,"1,172,260",$47.58,$48.60,$47.56
11/19/2014,$47.85,"749,570",$47.54,$48.02,$47.00
11/18/2014,$47.60,"1,077,863",$47.82,$48.23,$47.47
11/17/2014,$47.82,"1,227,414",$48.41,$48.41,$47.69
11/14/2014,$47.91,"1,122,585",$48.35,$49.02,$47.80
11/13/2014,$48.27,"646,846",$49.32,$49.41,$48.11
11/12/2014,$49.31,"776,915",$48.42,$49.44,$48.22
11/11/2014,$48.64,"863,839",$48.77,$48.94,$48.26
11/10/2014,$48.77,"918,025",$47.75,$48.77,$47.39
11/07/2014,$47.52,"915,747",$48.08,$48.30,$47.38
11/06/2014,$48.08,"718,364",$47.71,$48.11,$47.56
11/05/2014,$47.79,"812,239",$47.32,$47.80,$46.82
11/04/2014,$47.05,"945,736",$46.87,$47.33,$46.66
11/03/2014,$47.07,"1,140,274",$47.01,$47.52,$46.85
10/31/2014,$46.80,"1,356,586",$46.90,$47.00,$46.41
10/30/2014,$45.93,"1,152,356",$45.76,$46.26,$45.28
10/29/2014,$45.88,"1,358,278",$46.25,$46.39,$45.41
10/28/2014,$46.11,"1,340,052",$45.50,$46.36,$45.34
10/27/2014,$45.22,"1,184,993",$44.65,$45.26,$44.35
10/24/2014,$45.00,"1,322,601",$45.08,$45.20,$44.453
10/23/2014,$44.89,"3,140,017",$44.45,$45.87,$44.16
10/22/2014,$43.38,"2,328,289",$43.40,$44.019,$43.09
10/21/2014,$43.24,"707,428",$42.42,$43.31,$42.265
10/20/2014,$41.92,"731,741",$41.20,$42.41,$41.20
10/17/2014,$41.26,"1,109,177",$41.46,$41.77,$40.81
10/16/2014,$40.88,"1,581,669",$38.98,$41.11,$38.76
10/15/2014,$39.83,"1,477,377",$38.72,$40.06,$38.17
10/14/2014,$39.30,"1,114,414",$39.70,$40.35,$39.27
10/13/2014,$39.29,"910,209",$39.94,$39.99,$39.055
10/10/2014,$39.86,"924,376",$40.48,$40.87,$39.77
10/09/2014,$40.55,"752,886",$41.72,$41.77,$40.53
10/08/2014,$41.81,"733,817",$41.35,$41.82,$40.66
10/07/2014,$41.32,"767,903",$41.55,$41.72,$41.29
10/06/2014,$41.93,"636,368",$42.70,$42.82,$41.92
10/03/2014,$42.61,"538,211",$42.89,$42.96,$42.40
10/02/2014,$42.39,"818,784",$41.19,$42.44,$40.94
10/01/2014,$41.02,"1,009,973",$41.97,$42.108,$40.85
09/30/2014,$42.14,"676,455",$42.69,$42.72,$41.98
09/29/2014,$42.77,"548,099",$42.50,$43.31,$42.35
09/26/2014,$43.17,"754,040",$42.57,$43.33,$42.45
09/25/2014,$42.26,"840,789",$42.76,$42.85,$41.72
09/24/2014,$42.96,"765,016",$43.03,$43.19,$42.65
09/23/2014,$42.96,"659,965",$43.51,$43.78,$42.94
09/22/2014,$43.72,"1,134,661",$44.43,$44.65,$43.39
09/19/2014,$44.70,"992,082",$44.99,$45.20,$44.55
09/18/2014,$44.86,"464,288",$44.61,$44.91,$44.49
09/17/2014,$44.49,"775,567",$44.51,$44.76,$44.16
09/16/2014,$44.37,"666,374",$44.30,$44.49,$43.69
09/15/2014,$44.32,"597,456",$44.69,$44.70,$43.97
09/12/2014,$44.45,"654,447",$44.94,$45.09,$44.35
09/11/2014,$44.90,"695,242",$44.33,$45.0546,$44.33
09/10/2014,$44.71,"667,655",$43.98,$44.74,$43.98
09/09/2014,$44.08,"571,106",$44.32,$44.41,$44.03
09/08/2014,$44.42,"680,677",$44.22,$44.53,$43.97
09/05/2014,$44.28,"646,689",$43.28,$44.29,$43.01
09/04/2014,$43.42,"518,521",$43.26,$44.05,$43.23
09/03/2014,$43.27,"711,241",$44.00,$44.20,$43.11
09/02/2014,$43.81,"779,838",$43.19,$43.88,$43.11
08/29/2014,$43.00,"716,784",$42.23,$43.10,$42.17
08/28/2014,$42.12,"686,975",$41.86,$42.165,$41.40
08/27/2014,$42.07,"377,890",$42.41,$42.59,$42.06
08/26/2014,$42.24,"503,580",$42.69,$42.77,$42.19
08/25/2014,$42.67,"462,809",$42.62,$42.87,$42.29
08/22/2014,$42.33,"513,506",$42.30,$42.58,$42.08
08/21/2014,$42.35,"713,094",$42.80,$43.01,$42.34
08/20/2014,$43.04,"395,663",$42.81,$43.16,$42.67
08/19/2014,$43.04,"490,161",$43.32,$43.40,$42.90
08/18/2014,$43.15,"944,461",$42.16,$43.15,$42.13
08/15/2014,$41.68,"736,461",$41.92,$42.50,$41.30
08/14/2014,$41.54,"582,197",$41.35,$41.80,$41.14
08/13/2014,$41.18,"505,636",$41.23,$41.482,$40.96
08/12/2014,$41.21,"1,095,765",$41.33,$41.88,$41.02
08/11/2014,$40.44,"538,555",$40.40,$40.97,$40.33
08/08/2014,$40.00,"1,096,074",$39.47,$40.02,$39.18
08/07/2014,$39.55,"1,080,374",$40.78,$40.84,$39.385
08/06/2014,$40.63,"690,502",$40.40,$40.965,$40.26
08/05/2014,$40.40,"630,523",$40.10,$40.54,$39.98
08/04/2014,$40.31,"535,191",$39.91,$40.38,$39.87
08/01/2014,$39.72,"1,023,816",$40.36,$40.645,$39.34
07/31/2014,$40.33,"1,196,442",$40.58,$40.74,$40.25
07/30/2014,$41.11,"729,093",$41.27,$41.34,$40.84
07/29/2014,$41.11,"786,197",$41.71,$42.02,$41.11
07/28/2014,$41.72,"604,268",$42.45,$42.63,$41.48
07/25/2014,$42.24,"1,052,792",$42.47,$43.38,$42.14
07/24/2014,$43.00,"2,086,056",$42.48,$44.30,$42.29
07/23/2014,$41.79,"964,795",$41.85,$42.03,$41.44
07/22/2014,$41.85,"822,637",$41.54,$42.16,$41.45
07/21/2014,$41.16,"557,431",$40.66,$41.21,$40.61
07/18/2014,$41.00,"1,273,422",$40.61,$41.50,$40.60
07/17/2014,$40.30,"1,126,892",$40.78,$41.11,$40.23
07/16/2014,$41.23,"647,967",$41.55,$41.75,$41.01
07/15/2014,$41.26,"513,515",$42.00,$42.19,$41.23
07/14/2014,$42.05,"662,897",$42.15,$42.36,$41.94
07/11/2014,$41.81,"1,040,699",$41.11,$42.01,$41.11
07/10/2014,$41.12,"642,282",$41.06,$41.41,$40.6601
07/09/2014,$41.69,"480,402",$41.99,$42.48,$41.69
07/08/2014,$41.98,"830,917",$42.23,$42.23,$41.61
07/07/2014,$42.25,"677,084",$42.62,$42.80,$42.24
07/03/2014,$42.68,"351,536",$42.06,$42.82,$42.06
07/02/2014,$41.94,"926,158",$42.42,$42.43,$41.86
07/01/2014,$42.49,"1,241,444",$42.30,$42.83,$42.12
06/30/2014,$42.13,"713,746",$41.99,$42.40,$41.90
06/27/2014,$42.19,"1,435,206",$41.82,$42.25,$41.65
06/26/2014,$41.89,"963,485",$41.79,$42.08,$41.43
06/25/2014,$41.62,"1,744,482",$41.23,$41.73,$41.08
06/24/2014,$40.83,"861,804",$41.53,$42.09,$40.745
06/23/2014,$41.62,"738,604",$41.85,$42.17,$41.55
06/20/2014,$41.76,"1,160,708",$41.62,$42.29,$41.36
06/19/2014,$41.69,"1,707,438",$42.36,$42.57,$41.14
06/18/2014,$42.39,"1,040,464",$42.80,$43.01,$42.27
06/17/2014,$42.88,"826,522",$42.35,$43.05,$41.7801
06/16/2014,$42.31,"749,689",$42.26,$42.71,$41.84
06/13/2014,$42.39,"426,964",$43.01,$43.01,$42.24
06/12/2014,$42.76,"1,353,179",$43.17,$43.99,$42.63
06/11/2014,$42.94,"359,111",$42.83,$43.071,$42.60
06/10/2014,$43.11,"650,103",$43.45,$43.59,$42.96
06/09/2014,$43.57,"727,061",$42.83,$43.85,$42.83
06/06/2014,$42.95,"1,493,565",$42.61,$43.00,$42.34
06/05/2014,$42.29,"964,068",$42.31,$42.51,$41.70
06/04/2014,$42.09,"771,674",$42.15,$42.27,$41.64
06/03/2014,$42.39,"597,399",$42.58,$42.64,$42.09
06/02/2014,$42.78,"432,438",$43.33,$43.33,$42.27
05/30/2014,$43.10,"717,332",$43.89,$43.89,$42.98
05/29/2014,$43.79,"410,526",$43.57,$43.87,$43.30
05/28/2014,$43.56,"715,409",$43.67,$44.03,$43.31
05/27/2014,$43.80,"891,227",$43.57,$43.97,$43.35
05/23/2014,$43.24,"917,476",$42.40,$43.29,$42.04
05/22/2014,$42.32,"1,160,270",$41.94,$42.40,$41.47
05/21/2014,$41.81,"850,195",$41.39,$41.95,$40.67
05/20/2014,$41.27,"1,055,867",$41.85,$41.965,$41.01
05/19/2014,$42.07,"1,112,097",$41.20,$42.52,$41.20
05/16/2014,$41.26,"1,127,077",$40.71,$41.51,$40.67
05/15/2014,$40.45,"1,427,241",$40.21,$40.57,$39.29
05/14/2014,$40.54,"947,871",$41.24,$41.48,$40.53
05/13/2014,$41.46,"1,127,156",$41.60,$41.85,$41.32
05/12/2014,$41.60,"1,829,544",$39.71,$41.81,$39.70
05/09/2014,$39.29,"976,993",$38.77,$39.30,$38.46
05/08/2014,$38.95,"996,296",$39.30,$40.17,$38.94
05/07/2014,$39.29,"1,151,285",$39.58,$39.686,$38.53
05/06/2014,$39.52,"1,212,653",$40.36,$40.69,$39.49
05/05/2014,$40.41,"862,329",$40.92,$41.16,$40.24
05/02/2014,$41.31,"934,214",$40.95,$41.93,$40.89
05/01/2014,$40.63,"1,053,920",$40.33,$40.91,$40.09
04/30/2014,$40.19,"1,048,397",$40.30,$40.54,$39.75
04/29/2014,$40.33,"1,997,649",$40.54,$40.634,$39.30
04/28/2014,$40.47,"1,690,847",$41.25,$41.40,$39.98
04/25/2014,$41.05,"1,223,716",$41.47,$41.72,$40.28
04/24/2014,$41.78,"1,485,950",$42.96,$43.47,$41.48
04/23/2014,$42.85,"805,242",$43.14,$43.37,$42.72
04/22/2014,$43.36,"640,681",$43.06,$43.58,$43.01
04/21/2014,$43.03,"695,581",$43.12,$43.205,$42.47
04/17/2014,$43.16,"362,220",$42.92,$43.55,$42.92
04/16/2014,$43.03,"449,408",$42.93,$43.22,$42.54
04/15/2014,$42.47,"762,793",$41.98,$42.64,$41.38
04/14/2014,$41.83,"746,111",$42.20,$42.57,$41.40
04/11/2014,$41.66,"918,732",$42.34,$42.6193,$41.41
04/10/2014,$42.83,"783,443",$43.82,$44.00,$42.61
04/09/2014,$43.93,"1,117,733",$43.69,$43.96,$42.77
04/08/2014,$43.42,"2,777,607",$42.52,$43.68,$41.76
04/07/2014,$43.02,"1,560,506",$44.32,$44.44,$42.65
04/04/2014,$44.63,"824,811",$46.38,$46.40,$44.63
04/03/2014,$46.06,"841,495",$46.50,$46.62,$45.92
04/02/2014,$46.53,"882,102",$46.32,$47.06,$45.77
04/01/2014,$46.23,"934,465",$45.44,$46.37,$45.3275
03/31/2014,$45.29,"554,078",$44.92,$45.65,$44.79
03/28/2014,$44.65,"696,906",$44.61,$45.51,$44.48
03/27/2014,$44.59,"1,039,400",$45.20,$45.225,$44.28
03/26/2014,$45.42,"643,872",$46.48,$46.61,$45.28
03/25/2014,$46.05,"539,689",$46.20,$46.49,$45.33
03/24/2014,$46.00,"984,120",$46.82,$46.91,$45.78
03/21/2014,$46.67,"1,768,740",$46.82,$47.69,$46.52
03/20/2014,$46.74,"924,491",$45.99,$46.78,$45.97
03/19/2014,$46.08,"735,331",$45.96,$46.33,$45.75
03/18/2014,$45.99,"771,493",$45.43,$46.03,$45.20
03/17/2014,$45.38,"666,785",$44.91,$45.79,$44.83
03/14/2014,$44.74,"652,779",$44.53,$45.18,$44.43
03/13/2014,$44.63,"694,461",$45.54,$45.75,$44.44
03/12/2014,$45.38,"545,631",$45.11,$45.39,$44.90
03/11/2014,$45.44,"513,296",$45.97,$46.14,$45.29
03/10/2014,$45.94,"716,812",$45.70,$46.035,$45.34
03/07/2014,$45.74,"597,977",$46.05,$46.26,$45.45
03/06/2014,$45.79,"889,383",$45.89,$46.00,$45.54
03/05/2014,$45.68,"695,642",$45.54,$45.83,$45.22
03/04/2014,$45.65,"1,344,380",$44.99,$46.01,$44.94
03/03/2014,$44.73,"1,167,233",$44.34,$44.81,$43.96
