Date,Close,Volume,Open,High,Low
03/01/2024,$16.20,"292,502",$14.40,$16.67,$14.05
02/29/2024,$14.44,"162,670",$13.59,$14.44,$12.81
02/28/2024,$13.59,"343,893",$13.50,$15.00,$13.44
02/27/2024,$13.14,"361,824",$11.62,$13.54,$11.62
02/26/2024,$11.62,"100,284",$11.07,$11.916,$11.0301
02/23/2024,$11.115,"78,212",$11.17,$11.27,$10.74
02/22/2024,$11.04,"77,781",$10.90,$11.285,$10.50
02/21/2024,$10.84,"68,064",$11.11,$11.3429,$10.42
02/20/2024,$10.99,"102,103",$11.50,$11.93,$10.6011
02/16/2024,$11.32,"61,298",$11.59,$11.90,$11.25
02/15/2024,$11.66,"136,925",$12.12,$12.639,$11.29
02/14/2024,$12.19,"205,905",$11.00,$12.27,$10.45
02/13/2024,$10.99,"60,732",$10.799,$11.43,$10.62
02/12/2024,$10.77,"86,758",$10.60,$11.09,$10.40
02/09/2024,$10.70,"44,164",$10.44,$10.9999,$10.27
02/08/2024,$10.51,"45,940",$10.09,$10.6494,$9.78
02/07/2024,$9.95,"36,908",$10.37,$10.37,$9.78
02/06/2024,$10.34,"57,337",$10.16,$10.40,$10.08
02/05/2024,$10.11,"50,307",$10.57,$10.82,$9.8001
02/02/2024,$10.56,"111,220",$11.03,$11.18,$10.28
02/01/2024,$11.19,"108,023",$11.49,$11.87,$10.95
01/31/2024,$11.47,"55,602",$10.79,$11.60,$10.79
01/30/2024,$11.32,"118,944",$11.44,$11.9499,$10.49
01/29/2024,$11.70,"187,712",$10.43,$11.9999,$10.43
01/26/2024,$10.55,"213,138",$9.09,$10.97,$9.08
01/25/2024,$9.08,"194,576",$8.90,$9.48,$8.90
01/24/2024,$9.95,"155,483",$10.37,$10.50,$9.6404
01/23/2024,$10.36,"89,461",$10.10,$10.8312,$9.9178
01/22/2024,$10.30,"120,554",$10.93,$10.93,$9.95
01/19/2024,$10.62,"97,672",$10.51,$11.00,$10.50
01/18/2024,$10.60,"113,425",$11.71,$11.85,$10.3001
01/17/2024,$11.73,"66,049",$11.75,$11.94,$11.12
01/16/2024,$11.77,"98,827",$10.30,$11.78,$10.0901
01/12/2024,$10.69,"180,354",$9.42,$10.73,$9.25
01/11/2024,$9.685,"112,734",$10.7475,$11.00,$9.41
01/10/2024,$10.625,"139,587",$10.9125,$10.9125,$10.0675
01/09/2024,$11.0625,"455,592",$10.2425,$13.40,$9.80
01/08/2024,$13.805,"66,887",$13.625,$14.50,$13.1275
01/05/2024,$13.275,"50,405",$12.825,$13.625,$12.50
01/04/2024,$13.125,"68,112",$13.50,$13.75,$12.75
01/03/2024,$13.43,"117,805",$12.25,$13.75,$11.88
01/02/2024,$12.25,"53,207",$11.8125,$12.4375,$11.25
12/29/2023,$11.685,"73,177",$11.25,$11.9375,$10.915
12/28/2023,$11.495,"51,436",$11.975,$12.00,$11.3175
12/27/2023,$11.75,"80,032",$11.2725,$12.00,$11.25
12/26/2023,$11.5025,"61,779",$10.87,$11.9375,$10.7375
12/22/2023,$10.7675,"47,946",$10.6375,$11.245,$10.6375
12/21/2023,$10.825,"102,929",$10.25,$11.0125,$9.75
12/20/2023,$9.90,"113,794",$9.25,$9.985,$9.1325
12/19/2023,$9.2475,"75,203",$9.25,$9.495,$9.04
12/18/2023,$9.435,"74,310",$9.50,$9.56,$8.875
12/15/2023,$9.395,"97,756",$10.25,$10.25,$9.00
12/14/2023,$9.89,"116,108",$10.1025,$10.25,$9.2525
12/13/2023,$9.8575,"90,324",$10.25,$10.25,$8.905
12/12/2023,$10.11,"123,710",$9.935,$11.925,$9.75
12/11/2023,$9.7625,"247,402",$11.875,$11.9325,$9.255
12/08/2023,$12.98,"567,978",$14.535,$14.925,$12.815
12/07/2023,$14.2675,"71,943",$14.62,$14.625,$13.505
12/06/2023,$14.25,"83,789",$15.25,$15.25,$14.0025
12/05/2023,$14.795,"116,158",$14.875,$15.6581,$14.3775
12/04/2023,$14.52,"83,141",$14.00,$15.00,$14.00
12/01/2023,$14.00,"78,142",$13.1975,$14.6975,$13.1975
11/30/2023,$13.26,"87,292",$12.7525,$13.85,$12.75
11/29/2023,$12.24,"161,730",$14.025,$14.05,$12.235
11/28/2023,$14.25,"219,043",$15.575,$15.575,$13.50
11/27/2023,$14.3275,"282,833",$17.235,$17.475,$13.625
11/24/2023,$17.25,"102,641",$16.875,$17.90,$16.50
11/22/2023,$16.40,"82,749",$17.125,$17.43,$15.7825
11/21/2023,$16.57,"245,219",$15.00,$17.70,$14.665
11/20/2023,$14.75,"52,285",$15.25,$15.2525,$14.50
11/17/2023,$15.00,"81,373",$15.00,$15.65,$14.8525
11/16/2023,$15.00,"115,531",$14.525,$16.00,$14.25
11/15/2023,$14.625,"58,434",$14.25,$15.22,$13.085
11/14/2023,$14.1025,"30,095",$14.00,$15.25,$13.75
11/13/2023,$13.95,"22,252",$14.3075,$14.3075,$12.84
11/10/2023,$14.75,"15,686",$14.25,$15.00,$14.00
11/09/2023,$14.40,"14,781",$14.95,$15.25,$13.7525
11/08/2023,$15.2075,"27,868",$15.25,$15.75,$14.22
11/07/2023,$15.31,"35,212",$14.50,$15.7125,$13.7525
11/06/2023,$14.0025,"15,814",$13.5625,$14.50,$12.75
11/03/2023,$13.28,"48,001",$13.25,$14.725,$13.06
11/02/2023,$13.1975,"7,722",$13.455,$13.4975,$13.00
11/01/2023,$13.4375,"5,698",$13.7775,$13.9975,$13.00
10/31/2023,$13.50,"12,569",$13.57,$13.75,$12.935
10/30/2023,$13.165,"10,699",$13.15,$13.75,$12.75
10/27/2023,$13.24,"6,365",$13.45,$13.50,$12.75
10/26/2023,$13.275,"8,251",$13.625,$13.75,$13.2625
10/25/2023,$13.8125,"11,615",$14.485,$14.485,$13.625
10/24/2023,$14.25,"38,839",$14.00,$14.85,$13.50
10/23/2023,$14.00,"12,546",$14.20,$14.4175,$13.78
10/20/2023,$14.00,"13,490",$14.7475,$14.75,$13.25
10/19/2023,$13.8875,"25,422",$14.1925,$14.85,$13.77
10/18/2023,$14.2475,"10,747",$14.225,$14.50,$13.4975
10/17/2023,$13.875,"13,034",$14.50,$14.8975,$13.50
10/16/2023,$13.925,"15,341",$14.925,$14.995,$13.50
10/13/2023,$14.335,"13,989",$14.75,$15.25,$14.305
10/12/2023,$14.975,"20,260",$15.25,$15.50,$14.4425
10/11/2023,$15.0475,"25,148",$14.75,$15.73,$14.325
10/10/2023,$14.9998,"7,006",$14.4625,$15.00,$14.2025
10/09/2023,$14.5325,"5,397",$14.4275,$14.75,$13.8275
10/06/2023,$14.875,"9,299",$14.50,$15.00,$14.075
10/05/2023,$14.2675,"14,943",$13.75,$14.9975,$13.5525
10/04/2023,$13.50,"19,405",$13.25,$14.00,$12.3225
10/03/2023,$13.10,"15,695",$13.7525,$14.4975,$12.295
10/02/2023,$13.975,"10,404",$14.8125,$15.25,$13.7525
09/29/2023,$14.9975,"35,868",$14.75,$15.50,$14.50
09/28/2023,$14.25,"33,442",$12.795,$14.70,$12.53
09/27/2023,$12.75,"5,551",$12.80,$13.25,$12.5175
09/26/2023,$12.9325,"5,537",$12.6175,$13.25,$12.5175
09/25/2023,$12.875,"4,753",$12.9625,$13.00,$12.075
09/22/2023,$12.87,"9,764",$12.8225,$13.75,$12.50
09/21/2023,$12.8225,"5,237",$13.1575,$13.1575,$12.50
09/20/2023,$13.1575,"25,430",$12.4475,$13.37,$12.00
09/19/2023,$12.25,"21,933",$12.9025,$13.2475,$11.2625
09/18/2023,$12.90,"54,523",$15.75,$15.75,$12.805
09/15/2023,$15.25,"33,844",$15.3925,$15.9425,$14.6012
09/14/2023,$15.29,"20,790",$15.735,$16.25,$15.25
09/13/2023,$16.095,"10,428",$16.00,$16.975,$15.825
09/12/2023,$15.90,"6,111",$16.25,$16.75,$15.75
09/11/2023,$15.825,"10,680",$16.405,$16.825,$15.68
09/08/2023,$16.15,"7,999",$16.75,$17.4375,$15.5575
09/07/2023,$16.735,"13,025",$17.475,$17.4975,$15.5125
09/06/2023,$17.475,"7,205",$18.50,$18.50,$16.75
09/05/2023,$18.125,"9,687",$18.20,$18.725,$17.325
09/01/2023,$18.3575,"7,182",$18.135,$18.50,$17.9975
08/31/2023,$18.20,"7,357",$18.4975,$18.4975,$17.25
08/30/2023,$18.4375,"9,037",$17.795,$18.7498,$17.75
08/29/2023,$17.875,"9,073",$17.475,$18.00,$17.00
08/28/2023,$17.3025,"12,189",$17.75,$17.95,$16.2625
08/25/2023,$17.39,"17,994",$18.00,$18.00,$16.6675
08/24/2023,$17.995,"72,743",$18.50,$19.50,$17.56
08/23/2023,$17.75,"31,066",$17.00,$17.9925,$16.425
08/22/2023,$16.50,"11,825",$17.25,$17.25,$15.2775
08/21/2023,$17.495,"6,732",$17.50,$17.875,$16.34
08/18/2023,$17.1875,"22,376",$16.26,$18.2325,$16.00
08/17/2023,$16.25,"11,307",$16.75,$16.75,$15.2775
08/16/2023,$15.8875,"15,002",$16.75,$17.55,$15.75
08/15/2023,$16.9775,"6,737",$16.75,$17.55,$16.75
08/14/2023,$16.875,"11,282",$16.575,$17.25,$16.465
08/11/2023,$16.6975,"25,027",$16.08,$16.75,$15.05
08/10/2023,$16.2475,"61,985",$17.725,$18.2475,$15.50
08/09/2023,$17.5225,"25,027",$18.0425,$18.2225,$17.2575
08/08/2023,$18.60,"11,125",$17.25,$18.75,$17.25
08/07/2023,$17.7525,"12,559",$18.275,$18.4975,$17.25
08/04/2023,$18.7525,"9,253",$18.225,$19.50,$17.75
08/03/2023,$18.25,"30,990",$17.475,$20.365,$17.475
08/02/2023,$17.7475,"27,860",$18.12,$18.7475,$16.775
08/01/2023,$18.525,"37,898",$20.13,$20.13,$17.4775
07/31/2023,$20.21,"8,288",$20.25,$20.395,$20.00
07/28/2023,$20.31,"27,160",$18.985,$20.50,$18.875
07/27/2023,$18.96,"32,117",$17.00,$19.25,$17.00
07/26/2023,$18.01,"37,302",$18.00,$18.1225,$16.575
07/25/2023,$17.8925,"6,524",$18.275,$18.50,$17.75
07/24/2023,$18.50,"22,477",$18.40,$19.475,$17.53
07/21/2023,$18.775,"16,251",$19.275,$19.4375,$18.25
07/20/2023,$19.25,"5,096",$19.125,$20.00,$18.7525
07/19/2023,$19.40,"30,100",$19.00,$20.00,$18.75
07/18/2023,$19.275,"16,215",$19.75,$20.61,$19.00
07/17/2023,$19.5475,"7,598",$18.95,$19.9975,$18.8677
07/14/2023,$19.20,"18,262",$20.25,$20.375,$18.775
07/13/2023,$20.00,"30,012",$21.00,$21.4975,$19.5625
07/12/2023,$21.25,"28,622",$21.0325,$22.00,$20.4375
07/11/2023,$21.375,"23,060",$22.1275,$22.50,$20.65
07/10/2023,$22.1025,"58,151",$20.75,$22.50,$20.375
07/07/2023,$20.625,"37,267",$20.225,$21.22,$19.85
07/06/2023,$19.7175,"45,506",$18.8875,$19.75,$17.7775
07/05/2023,$19.5775,"17,213",$20.25,$20.25,$18.8875
07/03/2023,$20.50,"16,328",$20.75,$21.245,$19.515
06/30/2023,$20.755,"66,055",$19.50,$21.35,$19.00
06/29/2023,$18.9875,"26,413",$18.965,$20.235,$18.445
06/28/2023,$19.0675,"56,922",$15.7125,$19.35,$15.50
06/27/2023,$15.7125,"62,090",$17.50,$18.25,$15.3325
06/26/2023,$17.50,"93,525",$20.75,$21.4825,$17.0525
06/23/2023,$20.75,"55,604",$20.50,$21.75,$20.0025
06/22/2023,$20.38,"51,662",$20.00,$21.25,$20.00
06/21/2023,$20.185,"86,156",$18.89,$20.9725,$18.50
06/20/2023,$19.375,"142,002",$22.50,$22.50,$18.075
06/16/2023,$23.18,"62,775",$23.625,$24.50,$21.25
06/15/2023,$23.375,"200,397",$28.00,$28.25,$22.50
06/14/2023,$28.75,"59,590",$28.50,$30.00,$27.50
06/13/2023,$28.625,"150,192",$30.25,$31.50,$26.50
06/12/2023,$31.25,"123,595",$34.25,$35.00,$28.75
06/09/2023,$34.50,"112,114",$32.50,$35.00,$32.3325
06/08/2023,$33.25,"131,871",$32.25,$33.50,$30.50
06/07/2023,$32.25,"303,889",$31.00,$36.25,$31.00
06/06/2023,$34.75,"208,278",$26.00,$37.00,$25.625
06/05/2023,$25.25,"191,655",$29.25,$30.50,$25.00
06/02/2023,$29.25,"188,256",$26.25,$30.125,$25.00
06/01/2023,$26.25,"218,283",$23.25,$26.75,$21.33
05/31/2023,$23.25,"307,318",$20.7475,$25.75,$20.67
05/30/2023,$20.58,"445,157",$16.805,$21.2225,$16.25
05/26/2023,$16.50,"1,318,321",$17.875,$18.50,$14.25
05/25/2023,$13.225,"156,864",$17.475,$17.7475,$11.6625
05/24/2023,$17.3625,"13,734",$16.25,$18.2475,$16.25
05/23/2023,$17.0175,"27,232",$19.3725,$19.375,$16.3525
05/22/2023,$19.14,"13,763",$18.29,$19.75,$18.025
05/19/2023,$18.29,"31,207",$16.875,$18.75,$16.7488
05/18/2023,$16.2574,"12,463",$15.50,$16.9825,$15.50
05/17/2023,$15.945,"7,912",$15.25,$16.75,$15.25
05/16/2023,$15.1275,"15,237",$17.25,$17.25,$15.125
05/15/2023,$17.1225,"16,326",$16.25,$17.50,$16.00
05/12/2023,$15.75,"43,875",$13.75,$17.75,$13.6937
05/11/2023,$13.5575,"9,925",$13.1725,$13.75,$13.0075
05/10/2023,$12.8125,"10,447",$13.125,$13.125,$11.775
05/09/2023,$13.125,"5,003",$13.50,$13.50,$12.52
05/08/2023,$13.50,"5,533",$12.025,$14.22,$12.0175
05/05/2023,$12.235,"2,998",$12.00,$12.60,$11.525
05/04/2023,$12.4975,"2,535",$12.50,$12.50,$11.7723
05/03/2023,$12.25,"4,744",$13.25,$13.25,$12.25
05/02/2023,$12.125,"4,847",$12.50,$13.1125,$12.0525
05/01/2023,$12.53,"11,808",$11.3975,$13.1575,$11.2525
04/28/2023,$11.75,"13,369",$11.25,$12.25,$10.06
04/27/2023,$10.74,"25,444",$9.0725,$11.27,$8.675
04/26/2023,$8.6275,"3,053",$9.93,$9.93,$8.625
04/25/2023,$9.4575,"2,827",$9.75,$9.85,$8.7275
04/24/2023,$9.8575,941,$10.50,$10.50,$9.50
04/21/2023,$10.125,"2,861",$9.875,$10.125,$9.50
04/20/2023,$9.975,"1,399",$9.8125,$10.0625,$9.50
04/19/2023,$10.00,"3,671",$9.50,$10.00,$9.50
04/18/2023,$9.995,"3,340",$10.25,$11.13,$9.655
04/17/2023,$10.0488,"6,778",$9.1425,$10.25,$9.1425
04/14/2023,$9.625,"3,949",$9.72,$9.875,$9.005
04/13/2023,$9.725,"10,631",$8.75,$9.925,$8.745
04/12/2023,$8.8275,"7,238",$9.6175,$9.6175,$8.5375
04/11/2023,$9.2875,"50,954",$9.19,$10.7775,$9.125
04/10/2023,$8.6575,"2,573",$8.555,$9.075,$8.555
04/06/2023,$9.1575,"2,227",$10.00,$10.00,$9.1325
04/05/2023,$9.6125,"2,170",$9.25,$10.00,$9.005
04/04/2023,$9.29,"1,671",$8.95,$9.50,$8.7525
04/03/2023,$9.0125,"2,155",$9.00,$9.1673,$8.5275
03/31/2023,$8.8175,"4,387",$8.9675,$9.24,$8.75
03/30/2023,$8.745,"6,585",$9.00,$9.40,$8.445
03/29/2023,$8.9275,"3,047",$8.82,$8.9925,$8.775
03/28/2023,$8.82,"1,078",$9.2125,$9.2125,$8.7775
03/27/2023,$9.0836,"1,011",$8.9925,$9.44,$8.75
03/24/2023,$8.85,"2,486",$9.00,$9.4975,$8.75
03/23/2023,$8.965,"2,784",$9.365,$9.50,$8.765
03/22/2023,$9.08,"3,570",$9.0425,$9.7475,$8.75
03/21/2023,$9.33,"3,563",$9.3375,$9.50,$9.175
03/20/2023,$9.25,"3,451",$8.955,$9.495,$8.955
03/17/2023,$9.225,"3,735",$9.865,$10.25,$9.025
03/16/2023,$9.865,"5,963",$9.75,$10.70,$9.375
03/15/2023,$10.00,"5,043",$9.95,$10.9625,$9.2525
03/14/2023,$10.00,"10,327",$10.075,$11.00,$9.50
03/13/2023,$10.01,"7,899",$10.845,$11.00,$10.0025
03/10/2023,$10.9975,"23,659",$12.4525,$12.4525,$10.2525
03/09/2023,$12.125,"8,822",$12.4325,$13.14,$12.0025
03/08/2023,$12.5525,"6,864",$12.75,$13.02,$12.25
03/07/2023,$13.375,"1,800",$13.4225,$14.00,$13.005
03/06/2023,$13.875,"6,139",$13.875,$14.475,$12.75
03/03/2023,$13.225,"3,033",$13.0425,$13.4975,$12.14
03/02/2023,$12.875,"1,940",$12.50,$13.5525,$12.50
03/01/2023,$12.815,"6,540",$12.25,$14.00,$12.00
02/28/2023,$12.455,"2,515",$12.115,$12.50,$12.00
02/27/2023,$12.1225,"4,625",$12.225,$12.6625,$11.6575
02/24/2023,$12.07,"6,131",$13.0725,$13.0725,$12.045
02/23/2023,$12.69,"6,250",$12.5025,$13.25,$12.25
02/22/2023,$12.5025,"13,889",$12.60,$13.25,$12.00
02/21/2023,$12.575,"79,819",$8.7525,$13.5375,$8.7525
02/17/2023,$15.3525,"9,899",$14.95,$16.50,$14.625
02/16/2023,$15.0145,"3,464",$14.875,$15.50,$14.625
02/15/2023,$15.00,"6,318",$15.22,$15.22,$14.50
02/14/2023,$14.6225,"13,785",$14.85,$16.00,$14.55
02/13/2023,$15.01,"5,735",$15.25,$15.75,$14.255
02/10/2023,$14.6225,"7,566",$15.00,$15.00,$13.25
02/09/2023,$15.1325,"4,754",$16.50,$16.50,$14.655
02/08/2023,$15.5875,"5,540",$15.9625,$16.4975,$15.25
02/07/2023,$15.625,"7,733",$16.805,$16.805,$14.655
02/06/2023,$16.39,"14,679",$16.75,$17.00,$15.2325
02/03/2023,$16.575,"23,217",$14.25,$17.00,$14.2325
02/02/2023,$13.8875,"7,365",$13.4975,$14.00,$13.25
02/01/2023,$13.495,"10,823",$12.75,$13.50,$12.2525
01/31/2023,$12.8275,"4,633",$12.325,$13.00,$11.7025
01/30/2023,$12.25,"7,142",$13.36,$13.75,$11.25
01/27/2023,$12.7225,"8,424",$12.59,$12.75,$12.00
01/26/2023,$12.04,"5,209",$12.50,$13.25,$11.3875
01/25/2023,$12.215,"4,050",$12.25,$13.50,$12.025
01/24/2023,$12.50,"9,153",$12.75,$13.50,$12.2525
01/23/2023,$12.81,"12,766",$11.50,$12.9675,$11.50
01/20/2023,$11.72,"6,309",$11.175,$11.75,$11.00
01/19/2023,$11.2925,"3,630",$11.75,$11.75,$11.00
01/18/2023,$11.5675,"7,502",$11.75,$12.25,$11.2525
01/17/2023,$11.75,"9,274",$11.85,$11.87,$10.875
01/13/2023,$11.25,"12,839",$10.50,$11.74,$10.50
01/12/2023,$10.965,"12,770",$10.8475,$11.1175,$10.0025
01/11/2023,$10.425,"23,746",$10.85,$11.75,$10.025
01/10/2023,$10.00,"22,615",$9.695,$10.75,$9.25
01/09/2023,$9.995,"50,491",$11.50,$12.25,$9.17
01/06/2023,$12.50,"115,664",$13.50,$16.7525,$11.2825
01/05/2023,$13.79,"91,569",$15.50,$16.4975,$13.45
01/04/2023,$16.75,"133,675",$11.875,$18.50,$11.75
01/03/2023,$11.15,"9,013",$11.155,$12.00,$10.00
12/30/2022,$10.69,"5,276",$10.25,$10.9975,$9.7775
12/29/2022,$10.2525,"10,277",$10.645,$10.7625,$9.00
12/28/2022,$10.4975,"3,325",$11.50,$11.50,$10.00
12/27/2022,$10.50,"2,498",$10.615,$10.75,$9.50
12/23/2022,$10.4975,"3,362",$10.255,$10.75,$10.00
12/22/2022,$10.00,"2,931",$10.5625,$10.5625,$9.00
12/21/2022,$9.86,"5,712",$9.00,$10.2725,$9.00
12/20/2022,$9.50,"10,653",$10.2375,$10.2375,$9.00
12/19/2022,$9.76,"2,734",$10.395,$10.7475,$9.76
12/16/2022,$10.10,"1,717",$10.00,$10.50,$9.5775
12/15/2022,$10.00,"6,006",$11.2475,$11.46,$9.50
12/14/2022,$10.655,"2,387",$11.4956,$11.75,$10.5025
12/13/2022,$10.75,"3,579",$11.1025,$11.5025,$10.525
12/12/2022,$11.00,"4,939",$11.025,$11.50,$10.3169
12/09/2022,$10.52,"4,455",$9.50,$10.65,$9.50
12/08/2022,$9.75,"1,792",$10.33,$10.33,$9.60
12/07/2022,$9.84,"2,728",$10.00,$10.845,$9.50
12/06/2022,$9.7525,"1,933",$10.75,$11.1045,$9.7525
12/05/2022,$10.7525,"1,661",$11.0375,$11.235,$10.75
12/02/2022,$10.9525,861,$10.9975,$11.025,$10.75
12/01/2022,$10.8775,"2,369",$11.00,$11.00,$10.50
11/30/2022,$10.495,"2,063",$10.8525,$11.00,$10.0025
11/29/2022,$10.3212,"4,131",$11.50,$11.50,$9.625
11/28/2022,$10.97,"3,588",$12.00,$12.00,$10.97
11/25/2022,$11.755,"2,127",$11.50,$12.225,$11.50
11/23/2022,$11.77,"2,075",$12.6875,$12.6875,$11.625
11/22/2022,$12.375,"1,121",$13.60,$13.60,$12.375
11/21/2022,$12.51,"1,664",$13.65,$14.00,$12.5025
11/18/2022,$13.00,"2,675",$12.8525,$14.395,$12.50
11/17/2022,$13.25,"5,249",$14.00,$14.00,$12.50
11/16/2022,$13.50,"4,010",$13.7825,$14.095,$13.25
11/15/2022,$13.7775,"6,665",$12.50,$14.175,$12.50
11/14/2022,$12.50,"6,734",$13.2325,$14.75,$12.3725
11/11/2022,$13.5025,"7,194",$12.095,$13.75,$12.095
11/10/2022,$12.1325,"7,393",$12.125,$13.00,$11.5325
11/09/2022,$12.7475,"4,625",$11.89,$12.7475,$11.75
11/08/2022,$12.35,"2,457",$12.3825,$12.83,$11.7525
11/07/2022,$12.2525,"9,680",$13.50,$13.7125,$11.775
11/04/2022,$13.25,"4,682",$13.765,$14.0125,$12.9208
11/03/2022,$13.25,"10,839",$15.25,$15.4998,$12.00
11/02/2022,$14.905,"3,127",$14.75,$15.25,$14.5025
11/01/2022,$15.00,"7,291",$15.585,$16.00,$14.75
10/31/2022,$15.3175,"12,811",$15.50,$16.00,$15.1562
10/28/2022,$15.49,"5,724",$15.00,$15.50,$14.515
10/27/2022,$15.3775,"8,930",$15.4575,$15.4575,$14.75
10/26/2022,$15.2525,"4,526",$14.5675,$15.50,$14.50
10/25/2022,$14.615,"3,080",$14.285,$14.7125,$14.19
10/24/2022,$14.625,865,$14.50,$15.31,$14.50
10/21/2022,$14.7525,"1,973",$15.00,$15.00,$14.60
10/20/2022,$14.9975,"2,576",$15.3325,$15.50,$14.5025
10/19/2022,$15.25,"3,204",$15.375,$15.685,$14.19
10/18/2022,$15.00,"2,212",$15.965,$15.965,$14.74
10/17/2022,$15.0025,199,$14.75,$15.2325,$14.75
10/14/2022,$14.6475,"5,228",$15.00,$15.195,$14.5004
10/13/2022,$14.565,"2,129",$13.805,$15.645,$13.805
10/12/2022,$15.0025,"1,607",$16.35,$16.35,$15.00
10/11/2022,$16.5025,"4,485",$15.00,$17.425,$14.0825
10/10/2022,$15.00,"4,488",$16.25,$16.30,$13.7975
10/07/2022,$15.855,"2,555",$16.455,$16.50,$15.805
10/06/2022,$15.8675,"4,035",$15.94,$16.7875,$15.50
10/05/2022,$15.50,"9,874",$14.79,$15.9475,$14.79
10/04/2022,$14.50,"1,986",$14.25,$14.625,$13.925
10/03/2022,$14.06,"2,110",$14.745,$14.745,$13.625
09/30/2022,$14.3025,"2,793",$14.50,$14.745,$13.7525
09/29/2022,$14.25,"2,628",$14.25,$14.87,$13.65
09/28/2022,$14.26,"4,543",$14.75,$15.06,$13.63
09/27/2022,$14.1025,"4,007",$14.00,$14.4925,$13.025
09/26/2022,$14.125,"6,070",$13.47,$14.50,$13.47
09/23/2022,$14.0725,"6,473",$13.2825,$14.4375,$13.15
09/22/2022,$14.06,"16,441",$14.75,$15.80,$13.07
09/21/2022,$14.445,"1,985",$15.00,$15.00,$14.125
09/20/2022,$14.25,"4,674",$15.00,$15.2475,$13.75
09/19/2022,$14.75,"2,430",$14.785,$15.50,$14.00
09/16/2022,$15.2425,"5,372",$14.50,$15.7475,$13.83
09/15/2022,$14.8025,"5,390",$16.25,$17.00,$14.75
09/14/2022,$15.75,"6,754",$16.5125,$17.00,$15.275
09/13/2022,$15.9425,"3,913",$15.625,$16.20,$15.00
09/12/2022,$15.5075,"7,614",$15.75,$16.10,$14.50
09/09/2022,$16.1225,"9,944",$14.4275,$16.125,$14.05
09/08/2022,$13.735,"2,638",$13.0325,$13.745,$13.0025
09/07/2022,$13.4875,"2,663",$12.87,$13.6075,$12.50
09/06/2022,$12.675,"5,375",$12.50,$13.25,$12.3725
09/02/2022,$12.405,"22,419",$13.475,$13.475,$11.75
09/01/2022,$13.50,"19,705",$15.4675,$15.4675,$12.7525
08/31/2022,$15.2375,"9,358",$15.0525,$16.00,$14.9975
08/30/2022,$15.0525,"12,252",$16.7475,$17.25,$15.025
08/29/2022,$16.75,"15,222",$15.75,$17.00,$15.375
08/26/2022,$15.6525,"6,647",$15.4425,$15.96,$15.2525
08/25/2022,$15.4425,"5,248",$15.335,$15.58,$15.125
08/24/2022,$15.285,"9,095",$15.9325,$15.9325,$15.00
08/23/2022,$15.50,"8,698",$14.75,$15.78,$14.75
08/22/2022,$14.875,"16,209",$15.875,$16.25,$14.85
08/19/2022,$15.75,"11,568",$18.00,$18.00,$15.55
08/18/2022,$16.8025,"13,201",$16.99,$17.3825,$16.2525
08/17/2022,$17.515,"18,234",$17.00,$18.625,$16.75
08/16/2022,$17.25,"16,655",$17.1575,$17.7475,$16.75
08/15/2022,$17.9075,"29,535",$18.68,$18.75,$17.00
08/12/2022,$18.7375,"26,909",$19.7875,$19.7875,$17.50
08/11/2022,$18.885,"63,292",$18.4875,$19.795,$17.2525
08/10/2022,$18.3625,"175,788",$16.45,$21.4975,$15.375
08/09/2022,$16.30,"2,322,184",$23.4575,$49.75,$15.0275
08/08/2022,$22.4375,"11,767",$21.2475,$22.875,$20.625
08/05/2022,$20.5275,"5,721",$21.25,$21.25,$20.525
08/04/2022,$20.375,"7,862",$20.4175,$20.75,$20.00
08/03/2022,$20.0275,"9,659",$19.66,$21.00,$19.25
08/02/2022,$19.63,"3,675",$19.8175,$20.875,$18.75
08/01/2022,$19.6925,"3,149",$21.14,$21.14,$19.00
07/29/2022,$20.245,"2,771",$20.995,$21.7475,$19.50
07/28/2022,$19.9975,"6,460",$22.4725,$22.9125,$19.7225
07/27/2022,$22.105,"6,984",$22.575,$23.00,$19.2225
07/26/2022,$21.50,"2,541",$22.50,$22.65,$21.2525
07/25/2022,$22.50,"1,913",$23.8875,$23.8875,$21.7625
07/22/2022,$22.00,"2,378",$23.70,$23.875,$22.00
07/21/2022,$23.50,"7,399",$25.00,$25.00,$22.00
07/20/2022,$24.25,"7,048",$24.925,$26.50,$24.0025
07/19/2022,$24.8825,"3,947",$25.00,$25.125,$24.00
07/18/2022,$24.75,"6,723",$28.00,$28.75,$23.75
07/15/2022,$28.00,"4,898",$29.00,$30.0175,$27.00
07/14/2022,$28.75,"5,769",$30.50,$30.50,$27.00
07/13/2022,$29.75,"4,188",$31.75,$31.75,$28.75
07/12/2022,$31.625,"3,412",$35.00,$35.00,$31.00
07/11/2022,$35.25,"1,301",$36.00,$36.00,$33.50
07/08/2022,$35.00,"2,614",$36.25,$37.25,$33.25
07/07/2022,$35.00,"3,195",$38.00,$38.00,$34.50
07/06/2022,$34.00,"3,858",$33.25,$34.125,$31.50
07/05/2022,$32.50,"2,969",$33.00,$35.2675,$31.50
07/01/2022,$32.75,"1,791",$34.50,$35.00,$32.25
06/30/2022,$35.50,"1,649",$34.75,$37.00,$32.50
06/29/2022,$36.75,"1,059",$38.00,$40.00,$35.00
06/28/2022,$37.50,"2,041",$40.50,$42.2475,$36.75
06/27/2022,$40.25,"3,276",$38.25,$41.75,$38.25
06/24/2022,$38.00,"1,583",$35.25,$38.00,$35.00
06/23/2022,$37.25,"3,390",$42.25,$42.25,$35.00
06/22/2022,$39.00,822,$38.25,$40.50,$34.25
06/21/2022,$38.00,"2,975",$40.00,$40.00,$35.75
06/17/2022,$37.25,"2,501",$36.00,$41.75,$35.75
06/16/2022,$37.25,"2,214",$34.75,$37.25,$32.525
06/15/2022,$36.75,"2,499",$39.75,$39.75,$33.75
06/14/2022,$36.75,"1,044",$37.50,$39.25,$35.25
06/13/2022,$37.50,"1,042",$41.00,$41.00,$35.75
06/10/2022,$40.875,"4,232",$43.25,$44.00,$38.50
06/09/2022,$41.25,"4,372",$42.50,$43.25,$39.50
06/08/2022,$38.50,"4,205",$32.25,$39.50,$32.25
06/07/2022,$32.50,"6,204",$35.00,$35.50,$30.25
06/06/2022,$34.75,"9,208",$44.735,$44.735,$33.25
06/03/2022,$44.75,"2,114",$49.00,$51.7475,$43.75
06/02/2022,$49.75,"4,419",$53.25,$54.125,$48.75
06/01/2022,$54.75,"5,863",$69.25,$74.25,$51.25
05/31/2022,$54.00,"2,904",$52.25,$59.00,$48.75
05/27/2022,$48.00,751,$44.715,$51.9625,$44.715
05/26/2022,$46.75,"1,058",$44.25,$49.50,$44.25
05/25/2022,$47.50,915,$46.00,$48.50,$43.7525
05/24/2022,$46.00,942,$45.00,$46.50,$43.75
05/23/2022,$44.75,287,$41.50,$44.75,$41.50
05/20/2022,$42.75,395,$47.50,$47.50,$42.6375
05/19/2022,$43.00,871,$41.75,$43.75,$40.75
05/18/2022,$42.50,"1,282",$42.75,$49.25,$42.4725
05/17/2022,$44.00,"1,074",$44.125,$46.25,$42.25
05/16/2022,$44.7025,"1,352",$47.00,$47.00,$41.25
05/13/2022,$45.00,"2,329",$49.75,$49.75,$43.75
05/12/2022,$48.50,"1,301",$52.00,$52.50,$48.50
05/11/2022,$56.125,950,$57.70,$60.00,$50.75
05/10/2022,$60.00,"2,201",$61.25,$61.81,$58.25
05/09/2022,$62.50,624,$75.75,$75.75,$60.50
05/06/2022,$67.37,243,$73.125,$75.53,$63.2525
05/05/2022,$72.00,667,$76.00,$77.00,$70.05
05/04/2022,$75.25,"1,168",$78.375,$78.375,$71.50
05/03/2022,$74.00,409,$75.675,$76.00,$74.00
05/02/2022,$74.00,828,$76.00,$82.3825,$74.00
04/29/2022,$83.25,488,$75.00,$83.25,$75.00
04/28/2022,$81.25,400,$78.25,$82.00,$75.75
04/27/2022,$82.25,609,$82.50,$86.00,$77.50
04/26/2022,$84.00,771,$83.25,$89.25,$82.00
04/25/2022,$87.00,325,$83.25,$90.00,$82.75
04/22/2022,$83.00,"1,353",$87.00,$94.50,$81.5025
04/21/2022,$91.75,323,$82.50,$91.75,$82.50
04/20/2022,$91.75,648,$95.75,$95.75,$86.25
04/19/2022,$94.1625,182,$85.50,$94.1625,$84.75
04/18/2022,$85.50,658,$86.30,$87.75,$82.25
04/14/2022,$88.00,356,$94.00,$99.00,$86.2525
04/13/2022,$87.50,333,$92.50,$96.75,$87.25
04/12/2022,$88.00,275,$94.00,$94.00,$87.75
04/11/2022,$91.75,297,$96.00,$98.25,$90.25
04/08/2022,$96.00,463,$95.75,$99.7475,$90.50
04/07/2022,$96.00,370,$95.25,$99.75,$90.46
04/06/2022,$93.75,455,$92.50,$99.7475,$87.50
04/05/2022,$90.50,593,$99.25,$99.7475,$89.875
04/04/2022,$95.75,601,$98.75,$100.25,$94.00
04/01/2022,$95.50,532,$96.75,$105.2475,$95.24
03/31/2022,$100.25,384,$100.25,$103.50,$97.75
03/30/2022,$101.25,294,$105.00,$107.50,$100.27
03/29/2022,$105.00,"1,007",$108.75,$109.9925,$100.00
03/28/2022,$109.75,966,$103.975,$110.00,$103.25
03/25/2022,$103.50,"2,110",$114.25,$115.50,$102.50
03/24/2022,$116.25,507,$118.25,$124.50,$114.25
03/23/2022,$116.25,992,$122.50,$125.375,$115.00
03/22/2022,$129.00,"2,263",$118.50,$131.225,$118.50
03/21/2022,$131.25,"1,339",$128.75,$131.25,$121.25
03/18/2022,$127.00,"1,863",$105.25,$127.00,$101.265
03/17/2022,$108.50,"2,409",$112.00,$112.00,$101.335
03/16/2022,$101.75,674,$102.50,$103.00,$97.75
03/15/2022,$100.00,"1,691",$93.50,$109.375,$92.75
03/14/2022,$96.25,987,$97.50,$104.00,$87.50
03/11/2022,$100.00,"1,199",$92.75,$100.00,$88.07
03/10/2022,$97.75,894,$95.50,$101.4975,$90.25
03/09/2022,$97.00,813,$100.00,$105.8925,$96.995
03/08/2022,$100.00,"1,061",$101.9325,$107.7575,$97.125
03/07/2022,$104.25,911,$110.50,$112.50,$100.50
03/04/2022,$111.25,940,$118.00,$118.00,$100.605
03/03/2022,$115.50,467,$116.25,$122.25,$108.00
03/02/2022,$110.25,"1,544",$109.75,$118.00,$107.25
03/01/2022,$110.75,477,$117.25,$119.3475,$110.00
02/28/2022,$116.25,882,$122.00,$122.2225,$115.75
02/25/2022,$123.75,"1,261",$127.85,$131.375,$118.625
02/24/2022,$127.75,"2,120",$117.75,$127.75,$114.00
02/23/2022,$131.50,818,$136.50,$136.50,$121.25
02/22/2022,$135.25,"3,819",$123.75,$139.25,$123.75
02/18/2022,$130.00,"7,704",$107.50,$136.7475,$105.53
02/17/2022,$113.25,891,$120.25,$120.25,$108.50
02/16/2022,$119.00,"1,770",$126.75,$126.75,$108.75
02/15/2022,$115.25,336,$114.50,$116.125,$107.50
02/14/2022,$110.50,"1,392",$115.50,$121.5625,$107.75
02/11/2022,$119.50,"1,170",$116.75,$122.50,$115.00
02/10/2022,$119.75,"1,493",$127.50,$127.50,$115.375
02/09/2022,$123.50,"1,930",$124.00,$131.50,$118.75
02/08/2022,$128.00,"2,038",$124.75,$131.75,$116.00
02/07/2022,$128.25,"6,309",$125.00,$146.55,$125.00
02/04/2022,$125.00,685,$138.50,$138.50,$123.25
02/03/2022,$130.50,805,$136.25,$136.375,$128.00
02/02/2022,$140.50,92,$148.00,$148.00,$134.5025
02/01/2022,$146.75,722,$146.25,$149.25,$141.78
01/31/2022,$141.25,672,$136.25,$147.1775,$136.25
01/28/2022,$140.50,207,$136.25,$141.50,$136.25
01/27/2022,$136.25,"1,115",$138.50,$147.25,$130.75
01/26/2022,$135.00,"1,277",$130.00,$149.225,$130.00
01/25/2022,$135.75,"3,396",$137.25,$146.6425,$130.75
01/24/2022,$150.75,"1,702",$156.25,$159.50,$142.25
01/21/2022,$160.50,"1,182",$166.25,$172.2075,$157.50
01/20/2022,$166.25,902,$177.25,$182.74,$159.2525
01/19/2022,$179.00,604,$168.75,$182.375,$162.50
01/18/2022,$171.00,975,$176.25,$189.00,$162.75
01/14/2022,$181.25,"1,568",$165.50,$181.25,$165.25
01/13/2022,$168.25,584,$178.00,$184.83,$166.25
01/12/2022,$179.00,213,$186.25,$186.25,$178.00
01/11/2022,$182.00,"1,215",$178.25,$191.25,$178.25
01/10/2022,$182.25,"2,680",$191.75,$192.50,$177.94
01/07/2022,$182.75,667,$179.50,$187.00,$175.75
01/06/2022,$180.25,"2,740",$185.00,$189.75,$171.25
01/05/2022,$186.75,661,$197.00,$209.00,$182.50
01/04/2022,$200.00,"5,262",$206.75,$216.75,$195.75
01/03/2022,$205.00,"4,129",$204.00,$214.9975,$198.00
12/31/2021,$207.00,"8,082",$190.75,$224.75,$189.625
12/30/2021,$194.25,"7,631",$196.75,$212.00,$191.75
12/29/2021,$200.25,"6,987",$219.75,$222.50,$194.50
12/28/2021,$221.50,"9,769",$225.50,$233.75,$215.75
12/27/2021,$227.50,"4,385",$230.50,$238.50,$226.25
12/23/2021,$234.50,"4,924",$220.75,$236.75,$213.2325
12/22/2021,$216.75,"8,367",$211.25,$220.00,$200.00
12/21/2021,$211.00,"9,265",$202.50,$211.9975,$199.3425
12/20/2021,$203.75,"5,778",$183.75,$205.50,$179.00
12/17/2021,$184.50,"25,785",$167.25,$187.25,$163.25
12/16/2021,$171.75,"12,809",$165.25,$182.25,$162.00
12/15/2021,$165.50,"10,401",$159.50,$165.75,$154.7425
12/14/2021,$161.50,"5,220",$166.25,$175.00,$157.00
12/13/2021,$169.75,"2,636",$171.25,$177.50,$156.5425
12/10/2021,$170.75,"6,622",$169.00,$176.75,$165.50
12/09/2021,$168.00,"7,152",$177.25,$189.50,$167.75
12/08/2021,$177.25,"4,727",$176.50,$185.50,$170.50
12/07/2021,$176.25,"6,639",$183.75,$189.50,$167.50
12/06/2021,$184.25,"22,440",$145.25,$196.7475,$141.5225
12/03/2021,$142.75,"4,117",$152.75,$155.77,$142.75
12/02/2021,$145.00,"3,476",$146.00,$150.00,$137.50
12/01/2021,$150.25,"8,074",$164.50,$170.75,$148.75
11/30/2021,$164.50,"10,264",$168.75,$175.9975,$153.25
11/29/2021,$169.25,"5,174",$172.50,$177.7475,$164.7775
11/26/2021,$171.75,"3,398",$179.00,$183.50,$168.75
11/24/2021,$183.75,"4,788",$183.50,$187.25,$175.75
11/23/2021,$183.50,"2,836",$190.25,$197.50,$177.93
11/22/2021,$195.00,"4,699",$203.50,$205.25,$193.25
11/19/2021,$201.00,"2,753",$204.25,$212.1625,$200.50
11/18/2021,$201.25,"5,607",$227.75,$230.00,$200.25
11/17/2021,$226.25,"4,245",$237.00,$237.00,$221.25
11/16/2021,$238.25,"2,760",$241.75,$241.75,$231.25
11/15/2021,$244.00,"3,707",$255.50,$255.50,$237.50
11/12/2021,$252.25,"4,266",$250.00,$261.5625,$247.625
11/11/2021,$249.50,"2,974",$256.25,$264.7075,$248.75
11/10/2021,$255.50,"9,106",$262.50,$271.97,$254.50
11/09/2021,$270.75,"9,516",$293.75,$298.7425,$264.25
11/08/2021,$278.00,"8,405",$263.75,$280.25,$263.75
11/05/2021,$261.75,"9,456",$276.25,$279.00,$252.25
11/04/2021,$281.00,"3,944",$275.25,$286.50,$270.25
11/03/2021,$278.25,"5,238",$244.50,$279.75,$244.50
11/02/2021,$246.75,"3,916",$250.50,$253.805,$241.50
11/01/2021,$254.50,"2,588",$249.25,$258.75,$241.25
10/29/2021,$249.75,"1,478",$250.25,$251.8375,$243.75
10/28/2021,$248.25,"4,244",$255.00,$261.75,$247.00
10/27/2021,$256.00,"2,251",$257.00,$282.25,$251.25
10/26/2021,$258.50,"4,529",$260.25,$282.75,$258.25
10/25/2021,$265.25,"3,261",$259.25,$272.00,$257.50
10/22/2021,$256.50,"6,591",$278.00,$281.50,$254.00
10/21/2021,$282.75,"2,692",$294.25,$299.50,$282.25
10/20/2021,$296.50,"3,304",$290.25,$303.875,$288.00
10/19/2021,$294.00,"5,608",$290.50,$307.50,$290.50
10/18/2021,$290.25,"5,577",$322.00,$328.355,$289.00
10/15/2021,$325.25,"47,317",$315.00,$396.75,$308.75
10/14/2021,$317.50,"37,385",$289.50,$343.75,$281.50
10/13/2021,$290.50,"30,346",$276.50,$325.00,$268.75
10/12/2021,$272.50,"15,660",$270.75,$292.00,$266.50
10/11/2021,$258.75,"26,752",$300.50,$305.75,$254.00
10/08/2021,$296.00,"94,713",$335.25,$358.75,$292.155
10/07/2021,$287.00,"24,162",$288.75,$305.00,$283.50
10/06/2021,$284.00,"10,166",$277.25,$295.75,$271.50
10/05/2021,$303.25,"7,667",$309.50,$314.75,$296.75
10/04/2021,$305.25,"25,282",$323.25,$361.00,$285.50
10/01/2021,$328.75,"17,902",$351.25,$357.75,$320.50
09/30/2021,$351.25,"13,192",$356.50,$373.25,$342.50
09/29/2021,$365.50,"27,273",$363.25,$416.75,$350.25
09/28/2021,$356.25,"18,649",$407.00,$417.00,$351.30
09/27/2021,$422.25,"20,243",$438.00,$449.75,$407.25
09/24/2021,$428.75,"23,597",$457.75,$460.00,$425.50
09/23/2021,$466.25,"18,641",$475.00,$495.37,$457.75
09/22/2021,$472.25,"11,038",$489.6725,$489.6725,$453.25
09/21/2021,$482.00,"42,350",$472.75,$575.00,$465.675
09/20/2021,$446.50,"15,457",$463.50,$475.16,$437.50
09/17/2021,$482.50,"19,239",$492.25,$509.50,$455.00
09/16/2021,$489.50,"41,887",$489.25,$571.25,$477.50
09/15/2021,$462.50,"30,031",$498.50,$523.75,$450.00
09/14/2021,$519.00,"42,959",$638.50,$647.50,$477.5225
09/13/2021,$668.25,"266,165",$833.6625,$860.00,$660.2525
09/10/2021,$664.75,"208,993",$730.50,$800.00,$626.00
09/09/2021,$623.00,"744,154",$621.25,$917.25,$597.00
09/08/2021,$679.25,"1,444,845",$292.50,"$1,010.50",$267.5025
09/07/2021,$320.75,"309,219",$224.00,$497.00,$222.125
09/03/2021,$214.00,"5,158",$218.75,$233.00,$213.25
09/02/2021,$216.50,"7,834",$254.75,$264.375,$213.00
09/01/2021,$254.75,"3,251",$271.25,$273.50,$251.50
08/31/2021,$277.50,"7,615",$278.25,$284.00,$258.75
08/30/2021,$286.00,"16,139",$265.75,$310.00,$257.25
08/27/2021,$299.00,"19,869",$360.00,$361.9525,$277.75
08/26/2021,$380.25,"31,210",$475.00,$486.5975,$321.25
08/25/2021,$424.50,"313,541",$551.00,$730.00,$396.25
08/24/2021,$219.00,"2,650",$232.61,$232.61,$208.25
08/23/2021,$231.25,835,$245.25,$245.25,$231.25
08/20/2021,$245.00,"1,195",$241.25,$246.50,$240.50
08/19/2021,$241.25,"2,275",$247.50,$247.50,$239.50
08/18/2021,$248.75,"25,597",$249.00,$249.25,$248.75
08/17/2021,$248.75,"19,988",$249.00,$249.50,$248.75
08/16/2021,$249.25,"4,155",$249.00,$249.375,$249.00
08/13/2021,$249.00,"70,155",$249.00,$249.50,$249.00
08/12/2021,$248.825,"32,525",$249.00,$249.00,$248.75
08/11/2021,$248.75,"34,773",$249.00,$249.25,$248.75
08/10/2021,$248.75,"11,961",$248.75,$248.875,$248.71
08/09/2021,$248.25,"7,751",$248.25,$248.7475,$248.00
08/06/2021,$248.50,"27,887",$247.00,$248.7975,$246.75
08/05/2021,$247.00,"1,421",$247.00,$247.25,$247.00
08/04/2021,$247.2525,22,$247.2525,$247.2525,$247.2525
08/03/2021,$247.25,57,$247.25,$247.25,$247.25
08/02/2021,$247.25,88,$247.25,$247.25,$247.25
07/30/2021,$247.3725,N/A,$247.3725,$247.3725,$247.3725
07/29/2021,$247.3725,328,$247.00,$247.3725,$247.00
07/28/2021,$247.02,711,$246.75,$247.02,$246.50
07/27/2021,$247.00,"1,049",$247.00,$247.25,$247.00
07/26/2021,$247.00,24,$247.50,$247.50,$247.00
07/23/2021,$247.00,80,$246.75,$247.00,$246.75
07/22/2021,$247.125,206,$246.50,$247.125,$246.50
07/21/2021,$246.75,101,$246.75,$247.00,$246.75
07/20/2021,$247.0025,124,$246.75,$247.25,$246.75
07/19/2021,$247.00,"14,151",$247.25,$247.50,$246.75
07/16/2021,$247.50,129,$247.00,$247.50,$247.00
07/15/2021,$247.50,184,$247.25,$247.50,$247.00
07/14/2021,$247.25,61,$246.9825,$247.4975,$246.9825
07/13/2021,$247.25,236,$247.25,$247.25,$247.25
07/12/2021,$247.2525,80,$247.25,$247.50,$247.25
07/09/2021,$247.25,N/A,$247.25,$247.25,$247.25
07/08/2021,$247.25,45,$247.25,$247.25,$247.25
07/07/2021,$247.50,252,$247.25,$247.50,$247.25
07/06/2021,$247.25,639,$247.50,$247.50,$247.25
07/02/2021,$247.25,N/A,$247.25,$247.25,$247.25
07/01/2021,$247.25,347,$247.25,$247.375,$247.25
06/30/2021,$247.25,129,$247.25,$247.2525,$247.25
06/29/2021,$247.25,574,$247.25,$247.3125,$247.25
06/28/2021,$247.00,"1,811",$247.25,$247.25,$246.75
06/25/2021,$247.25,133,$247.25,$247.25,$247.25
06/24/2021,$247.3025,108,$247.50,$247.50,$247.25
06/23/2021,$247.2525,785,$247.50,$247.50,$247.25
06/22/2021,$247.25,282,$247.00,$247.25,$247.00
06/21/2021,$246.50,374,$246.50,$246.50,$246.50
06/18/2021,$247.50,400,$246.50,$247.50,$246.50
06/17/2021,$246.7225,4,$246.7225,$246.7225,$246.7225
06/16/2021,$246.50,426,$246.75,$246.75,$246.25
06/15/2021,$246.25,272,$246.50,$246.9375,$246.25
06/14/2021,$246.25,48,$247.50,$247.50,$246.25
06/11/2021,$247.50,311,$246.875,$247.50,$246.25
06/10/2021,$246.50,999,$247.50,$247.50,$246.00
06/09/2021,$247.25,"1,576",$246.25,$247.25,$246.00
06/08/2021,$246.25,620,$246.00,$246.50,$245.75
06/07/2021,$247.00,"2,203",$246.75,$247.00,$245.625
06/04/2021,$245.7525,17,$245.90,$245.90,$245.7525
06/03/2021,$245.7525,47,$246.25,$246.375,$245.75
06/02/2021,$246.25,"1,958",$247.50,$247.50,$245.25
06/01/2021,$245.75,779,$246.00,$246.175,$245.50
05/28/2021,$245.50,"8,279",$247.25,$247.25,$245.00
05/27/2021,$246.00,"44,874",$245.50,$246.00,$245.25
05/26/2021,$242.50,213,$244.075,$245.00,$242.50
05/25/2021,$242.50,"5,013",$243.75,$245.00,$242.25
05/24/2021,$244.25,465,$243.25,$244.25,$242.85
05/21/2021,$243.75,640,$243.625,$245.00,$242.50
05/20/2021,$245.00,N/A,$245.00,$245.00,$245.00
05/19/2021,$245.00,572,$242.75,$245.00,$242.50
05/18/2021,$243.50,N/A,$243.50,$243.50,$243.50
05/17/2021,$243.50,152,$243.75,$243.75,$242.75
05/14/2021,$243.00,9,$243.00,$243.00,$243.00
05/13/2021,$243.75,934,$243.75,$243.875,$243.75
05/12/2021,$243.75,"8,873",$243.75,$243.75,$243.50
05/11/2021,$244.25,58,$243.75,$244.25,$243.75
05/10/2021,$244.75,N/A,$244.75,$244.75,$244.75
05/07/2021,$244.75,4,$244.75,$244.75,$244.75
05/06/2021,$244.50,36,$244.585,$244.585,$244.50
05/05/2021,$244.25,97,$244.00,$244.25,$244.00
05/04/2021,$245.00,379,$244.25,$245.00,$244.25
05/03/2021,$244.25,"2,104",$244.00,$244.25,$244.00
04/30/2021,$245.00,663,$245.125,$246.00,$244.00
04/29/2021,$246.00,53,$246.00,$246.25,$246.00
04/28/2021,$246.25,N/A,$246.25,$246.25,$246.25
04/27/2021,$246.25,98,$244.825,$246.50,$244.00
04/26/2021,$246.50,98,$244.005,$246.75,$244.005
04/23/2021,$245.00,89,$247.375,$247.375,$245.00
04/22/2021,$246.00,N/A,$246.00,$246.00,$246.00
04/21/2021,$246.00,N/A,$246.00,$246.00,$246.00
04/20/2021,$246.00,48,$246.00,$246.00,$246.00
04/19/2021,$247.50,105,$247.75,$247.75,$246.00
04/16/2021,$248.75,N/A,$248.75,$248.75,$248.75
04/15/2021,$248.75,8,$248.75,$248.75,$248.75
04/14/2021,$250.00,90,$248.75,$250.00,$248.75
04/13/2021,$250.50,N/A,$250.50,$250.50,$250.50
04/12/2021,$250.50,"2,330",$249.25,$251.25,$248.75
04/09/2021,$248.75,"2,906",$247.50,$249.75,$247.50
04/08/2021,$246.75,N/A,$246.75,$246.75,$246.75
04/07/2021,$246.75,73,$246.75,$246.75,$246.75
04/06/2021,$247.25,N/A,$247.25,$247.25,$247.25
04/05/2021,$247.25,21,$247.25,$247.25,$247.25
04/01/2021,$246.25,"4,125",$245.00,$246.25,$245.00
03/31/2021,$243.7225,N/A,$243.7225,$243.7225,$243.7225
03/30/2021,$243.7225,"16,004",$240.00,$243.7225,$238.75
03/29/2021,$241.25,N/A,$241.25,$241.25,$241.25
03/26/2021,$241.25,102,$242.25,$243.75,$241.25
03/25/2021,$243.50,43,$243.50,$243.50,$243.50
03/24/2021,$242.25,N/A,$242.25,$242.25,$242.25
03/23/2021,$242.25,207,$244.25,$244.25,$242.25
03/22/2021,$246.25,N/A,$246.25,$246.25,$246.25
03/19/2021,$246.25,329,$245.00,$246.25,$245.00
03/18/2021,$245.00,N/A,$245.00,$245.00,$245.00
03/17/2021,$245.00,N/A,$245.00,$245.00,$245.00
03/16/2021,$245.00,N/A,$245.00,$245.00,$245.00
03/15/2021,$245.00,84,$245.00,$245.00,$245.00
03/12/2021,$246.25,33,$246.25,$246.25,$246.25
03/11/2021,$247.00,373,$245.4125,$247.00,$245.4125
03/10/2021,$245.25,"4,125",$246.25,$246.25,$245.00
03/09/2021,$245.00,"4,140",$247.125,$247.125,$245.00
03/08/2021,$246.9975,40,$247.00,$247.00,$246.9975
03/05/2021,$246.4575,132,$246.00,$246.7475,$245.00
03/04/2021,$246.25,238,$246.25,$246.25,$245.25
03/03/2021,$246.00,"1,101",$249.75,$250.00,$245.25
03/02/2021,$247.50,"1,951",$250.00,$250.00,$246.25
03/01/2021,$248.75,181,$250.00,$250.00,$248.75
