Date,Close,Volume,Open,High,Low
03/01/2024,$3.2499,"1,656",$3.255,$3.31,$3.20
02/29/2024,$3.22,"2,646",$3.245,$3.245,$3.10
02/28/2024,$3.23,"1,183",$3.21,$3.23,$3.21
02/27/2024,$3.22,"4,382",$3.10,$3.22,$3.08
02/26/2024,$3.11,"13,582",$3.10,$3.1732,$3.00
02/23/2024,$3.12,711,$3.20,$3.20,$3.12
02/22/2024,$3.1822,"1,538",$3.05,$3.1822,$3.05
02/21/2024,$3.13,"4,350",$3.18,$3.18,$3.11
02/20/2024,$3.1801,"3,117",$3.22,$3.22,$3.17
02/16/2024,$3.22,"4,080",$3.15,$3.24,$3.12
02/15/2024,$3.06,"14,455",$3.03,$3.12,$3.03
02/14/2024,$3.0799,"2,563",$3.02,$3.08,$3.02
02/13/2024,$3.06,"4,592",$3.04,$3.11,$3.03
02/12/2024,$3.0951,"1,391",$3.10,$3.10,$3.065
02/09/2024,$3.03,"1,024",$3.00,$3.03,$3.00
02/08/2024,$3.01,"3,764",$3.0899,$3.0899,$3.01
02/07/2024,$3.091,"2,325",$3.1751,$3.1857,$3.091
02/06/2024,$3.095,"6,051",$3.03,$3.13,$3.02
02/05/2024,$2.94,"3,057",$2.985,$3.03,$2.9102
02/02/2024,$3.00,"2,169",$3.00,$3.00,$3.00
02/01/2024,$3.16,830,$3.05,$3.16,$3.05
01/31/2024,$3.03,591,$3.03,$3.03,$3.03
01/30/2024,$3.07,"2,637",$3.1974,$3.1974,$3.02
01/29/2024,$3.2155,"1,014",$3.24,$3.24,$3.13
01/26/2024,$3.24,"4,073",$3.04,$3.24,$3.04
01/25/2024,$3.20,"1,525",$3.22,$3.22,$3.20
01/24/2024,$3.28,"1,834",$3.19,$3.28,$3.19
01/23/2024,$3.18,"1,484",$3.26,$3.26,$3.1771
01/22/2024,$3.19,"2,706",$3.12,$3.19,$3.12
01/19/2024,$3.19,"2,804",$3.1356,$3.19,$3.1356
01/18/2024,$3.13,"3,309",$3.07,$3.18,$3.05
01/17/2024,$3.03,"4,228",$3.053,$3.06,$3.01
01/16/2024,$3.10,"6,552",$3.05,$3.135,$3.05
01/12/2024,$3.1787,"1,786",$3.2338,$3.2338,$3.1657
01/11/2024,$3.13,"1,727",$3.1413,$3.1413,$3.13
01/10/2024,$3.15,"7,758",$3.18,$3.2446,$3.11
01/09/2024,$3.10,"23,993",$3.37,$3.50,$3.10
01/08/2024,$3.452,"3,058",$3.263,$3.50,$3.263
01/05/2024,$3.4101,"14,890",$3.30,$3.48,$3.277
01/04/2024,$3.38,"20,921",$3.53,$3.55,$3.33
01/03/2024,$3.5701,"2,571",$3.56,$3.62,$3.55
01/02/2024,$3.66,"3,281",$3.69,$3.69,$3.56
12/29/2023,$3.76,"18,711",$3.5418,$3.85,$3.5418
12/28/2023,$3.70,"25,613",$3.67,$3.89,$3.66
12/27/2023,$3.75,"45,890",$3.95,$4.02,$3.50
12/26/2023,$4.10,"4,961",$4.02,$4.10,$3.9068
12/22/2023,$3.89,"33,667",$3.91,$4.0777,$3.70
12/21/2023,$3.89,"10,780",$3.99,$4.06,$3.83
12/20/2023,$3.97,"9,909",$3.95,$3.97,$3.77
12/19/2023,$3.97,"11,685",$3.89,$3.99,$3.79
12/18/2023,$3.84,"26,191",$3.83,$3.91,$3.70
12/15/2023,$3.78,"9,643",$3.74,$3.85,$3.68
12/14/2023,$3.67,"10,926",$3.60,$3.78,$3.5441
12/13/2023,$3.65,"8,885",$3.74,$3.75,$3.62
12/12/2023,$3.79,"25,623",$3.59,$3.79,$3.4436
12/11/2023,$3.59,"3,164",$3.63,$3.69,$3.59
12/08/2023,$3.72,"6,182",$3.71,$3.79,$3.55
12/07/2023,$3.70,"8,371",$3.44,$3.70,$3.44
12/06/2023,$3.40,"27,639",$3.55,$3.58,$3.3946
12/05/2023,$3.60,"12,541",$3.70,$3.7004,$3.55
12/04/2023,$3.6351,"1,280",$3.65,$3.65,$3.63
12/01/2023,$3.65,"7,599",$3.68,$3.7799,$3.5783
11/30/2023,$3.65,"1,503",$3.6838,$3.6838,$3.58
11/29/2023,$3.69,"7,756",$3.90,$3.94,$3.6701
11/28/2023,$3.94,"12,253",$4.08,$4.10,$3.94
11/27/2023,$4.07,"8,295",$4.30,$4.30,$4.01
11/24/2023,$4.00,"10,753",$4.10,$4.10,$4.00
11/22/2023,$4.10,"14,631",$4.30,$4.3432,$4.06
11/21/2023,$4.28,"34,670",$4.40,$4.40,$4.28
11/20/2023,$4.39,"11,352",$4.375,$4.46,$4.37
11/17/2023,$4.37,"9,158",$4.38,$4.39,$4.37
11/16/2023,$4.38,"5,081",$4.38,$4.38,$4.36
11/15/2023,$4.38,"9,230",$4.41,$4.4562,$4.37
11/14/2023,$4.39,"14,007",$4.372,$4.41,$4.32
11/13/2023,$4.40,"11,772",$4.44,$4.4463,$4.35
11/10/2023,$4.40,"5,678",$4.37,$4.40,$4.35
11/09/2023,$4.38,"6,831",$4.44,$4.4404,$4.35
11/08/2023,$4.41,"6,659",$4.38,$4.41,$4.35
11/07/2023,$4.38,"2,435",$4.41,$4.41,$4.38
11/06/2023,$4.40,"3,794",$4.4303,$4.4303,$4.38
11/03/2023,$4.39,"7,928",$4.43,$4.43,$4.38
11/02/2023,$4.42,"2,764",$4.45,$4.45,$4.42
11/01/2023,$4.44,"17,128",$4.42,$4.44,$4.40
10/31/2023,$4.42,"3,968",$4.41,$4.45,$4.41
10/30/2023,$4.42,"15,907",$4.37,$4.48,$4.37
10/27/2023,$4.42,"11,027",$4.41,$4.48,$4.3565
10/26/2023,$4.35,"13,610",$4.47,$4.47,$4.35
10/25/2023,$4.44,"14,661",$4.37,$4.44,$4.35
10/24/2023,$4.35,"3,640",$4.38,$4.4306,$4.35
10/23/2023,$4.30,"11,889",$4.35,$4.44,$4.30
10/20/2023,$4.39,"5,164",$4.32,$4.3937,$4.3197
10/19/2023,$4.30,"3,157",$4.33,$4.4646,$4.30
10/18/2023,$4.36,"8,061",$4.40,$4.50,$4.30
10/17/2023,$4.40,"4,050",$4.5313,$4.5313,$4.40
10/16/2023,$4.40,"6,523",$4.42,$4.57,$4.40
10/13/2023,$4.42,"3,187",$4.36,$4.422,$4.36
10/12/2023,$4.37,"14,541",$4.57,$4.57,$4.36
10/11/2023,$4.47,"10,827",$4.48,$4.61,$4.40
10/10/2023,$4.45,"22,001",$4.38,$4.5478,$4.38
10/09/2023,$4.36,"2,690",$4.36,$4.395,$4.36
10/06/2023,$4.31,"9,764",$4.325,$4.43,$4.31
10/05/2023,$4.28,"28,946",$4.37,$4.60,$4.25
10/04/2023,$4.40,"3,907",$4.42,$4.425,$4.40
10/03/2023,$4.48,"7,679",$4.485,$4.5151,$4.40
10/02/2023,$4.37,"5,749",$4.36,$4.50,$4.36
09/29/2023,$4.36,"22,110",$4.47,$4.5299,$4.36
09/28/2023,$4.45,"21,987",$4.56,$4.5802,$4.45
09/27/2023,$4.51,"3,321",$4.5432,$4.5432,$4.45
09/26/2023,$4.48,"10,176",$4.41,$4.55,$4.41
09/25/2023,$4.50,"7,041",$4.40,$4.61,$4.40
09/22/2023,$4.48,"39,494",$4.3109,$4.53,$4.3109
09/21/2023,$4.38,"49,508",$4.31,$4.58,$4.30
09/20/2023,$4.30,"73,046",$4.29,$4.42,$4.27
09/19/2023,$4.28,"19,150",$4.30,$4.351,$4.20
09/18/2023,$4.35,"38,522",$4.39,$4.46,$4.23
09/15/2023,$4.22,"3,068",$4.03,$4.22,$4.03
09/14/2023,$4.00,"30,840",$4.26,$4.26,$4.00
09/13/2023,$4.15,"26,230",$4.40,$4.50,$4.135
09/12/2023,$4.49,"38,608",$4.55,$5.05,$4.41
09/11/2023,$4.55,"49,883",$4.99,$4.99,$4.55
09/08/2023,$5.00,"13,937",$5.185,$5.185,$5.00
09/07/2023,$5.10,"16,565",$5.25,$5.2926,$5.10
09/06/2023,$5.25,"31,726",$5.20,$5.41,$5.20
09/05/2023,$5.23,"8,793",$5.40,$5.40,$5.23
09/01/2023,$5.41,"29,843",$5.50,$5.53,$5.40
08/31/2023,$5.46,"32,468",$5.63,$5.65,$5.45
08/30/2023,$5.68,"105,221",$5.81,$5.81,$5.41
08/29/2023,$5.63,"10,301",$5.75,$5.75,$5.60
08/28/2023,$5.75,"3,730",$5.62,$5.75,$5.61
08/25/2023,$5.60,"10,331",$5.80,$5.80,$5.60
08/24/2023,$5.88,"6,479",$5.93,$6.1306,$5.815
08/23/2023,$5.99,"7,349",$5.716,$6.01,$5.7102
08/22/2023,$5.75,"6,042",$5.69,$5.77,$5.60
08/21/2023,$5.77,"2,777",$5.56,$5.77,$5.56
08/18/2023,$5.72,"21,343",$5.70,$5.80,$5.56
08/17/2023,$6.10,"6,153",$5.80,$6.115,$5.80
08/16/2023,$5.80,"14,702",$5.93,$5.93,$5.80
08/15/2023,$6.02,"12,767",$5.83,$6.02,$5.83
08/14/2023,$6.08,"2,575",$6.12,$6.12,$6.00
08/11/2023,$6.06,"11,828",$6.10,$6.17,$6.00
08/10/2023,$6.10,"4,810",$6.25,$6.45,$6.05
08/09/2023,$6.10,"2,281",$6.10,$6.28,$6.10
08/08/2023,$6.165,"4,446",$6.20,$6.20,$6.05
08/07/2023,$6.0903,"6,462",$5.92,$6.15,$5.92
08/04/2023,$6.07,"3,237",$5.81,$6.07,$5.81
08/03/2023,$6.00,"38,412",$6.2207,$6.2599,$6.00
08/02/2023,$6.29,"12,508",$6.29,$6.29,$6.10
08/01/2023,$6.20,"3,555",$6.27,$6.27,$6.11
07/31/2023,$6.37,"45,637",$6.70,$6.70,$6.05
07/28/2023,$6.61,"41,772",$5.93,$6.78,$5.90
07/27/2023,$5.80,"20,802",$5.70,$5.93,$5.55
07/26/2023,$5.66,"21,143",$5.40,$5.66,$5.36
07/25/2023,$5.30,"6,096",$5.34,$5.40,$5.27
07/24/2023,$5.13,"11,547",$5.20,$5.289,$5.10
07/21/2023,$5.195,"15,029",$5.32,$5.385,$5.11
07/20/2023,$5.44,"2,967",$5.326,$5.48,$5.27
07/19/2023,$5.45,"18,358",$5.20,$5.47,$5.20
07/18/2023,$5.4101,"11,370",$5.31,$5.67,$5.31
07/17/2023,$5.31,"22,441",$5.425,$5.425,$5.10
07/14/2023,$5.43,"4,717",$5.35,$5.61,$5.22
07/13/2023,$5.43,"4,049",$5.47,$5.47,$5.32
07/12/2023,$5.46,"8,644",$5.45,$5.4999,$5.20
07/11/2023,$5.27,"13,763",$5.42,$5.50,$5.20
07/10/2023,$5.41,"8,582",$5.30,$5.47,$5.30
07/07/2023,$5.31,"3,274",$5.34,$5.50,$5.31
07/06/2023,$5.38,"6,515",$5.36,$5.42,$5.30
07/05/2023,$5.42,"5,432",$5.36,$5.50,$5.32
07/03/2023,$5.32,"7,348",$5.22,$5.32,$5.21
06/30/2023,$5.18,"8,513",$4.96,$5.36,$4.96
06/29/2023,$5.03,"10,845",$5.27,$5.27,$4.90
06/28/2023,$5.27,"11,884",$4.88,$5.35,$4.8102
06/27/2023,$4.97,"10,796",$5.34,$5.34,$4.89
06/26/2023,$5.43,"19,577",$5.34,$5.73,$5.34
06/23/2023,$5.34,"22,452",$5.19,$5.40,$5.1018
06/22/2023,$5.19,"41,422",$4.74,$5.29,$4.74
06/21/2023,$4.87,"8,532",$4.69,$4.87,$4.655
06/20/2023,$4.70,"28,518",$4.47,$4.70,$4.4125
06/16/2023,$4.44,"11,239",$4.44,$4.485,$4.37
06/15/2023,$4.3363,"3,505",$4.28,$4.38,$4.27
06/14/2023,$4.32,"3,883",$4.16,$4.32,$4.16
06/13/2023,$4.24,"4,006",$4.23,$4.25,$4.23
06/12/2023,$4.25,"3,443",$4.29,$4.3216,$4.25
06/09/2023,$4.27,"4,967",$4.28,$4.34,$4.25
06/08/2023,$4.29,"4,129",$4.25,$4.318,$4.25
06/07/2023,$4.2613,"1,989",$4.279,$4.31,$4.26
06/06/2023,$4.3099,"14,105",$4.24,$4.32,$4.24
06/05/2023,$4.21,"3,381",$4.29,$4.30,$4.19
06/02/2023,$4.22,"7,170",$4.18,$4.28,$4.17
06/01/2023,$4.13,"4,935",$4.13,$4.22,$4.13
05/31/2023,$4.12,"4,324",$4.20,$4.21,$4.12
05/30/2023,$4.18,"11,641",$4.24,$4.24,$4.17
05/26/2023,$4.12,"11,273",$4.17,$4.18,$4.04
05/25/2023,$4.02,"18,250",$4.31,$4.4791,$4.02
05/24/2023,$4.32,"12,047",$4.35,$4.35,$4.26
05/23/2023,$4.37,"3,226",$4.36,$4.44,$4.35
05/22/2023,$4.40,"11,276",$4.45,$4.45,$4.36
05/19/2023,$4.45,"1,384",$4.38,$4.45,$4.38
05/18/2023,$4.41,"2,677",$4.30,$4.475,$4.30
05/17/2023,$4.45,"1,399",$4.33,$4.45,$4.33
05/16/2023,$4.41,"7,650",$4.46,$4.48,$4.40
05/15/2023,$4.51,"11,755",$4.37,$4.51,$4.20
05/12/2023,$4.38,"9,930",$4.35,$4.48,$4.3205
05/11/2023,$4.44,"2,410",$4.48,$4.48,$4.40
05/10/2023,$4.45,"6,301",$4.3802,$4.4599,$4.33
05/09/2023,$4.38,"4,741",$4.40,$4.48,$4.38
05/08/2023,$4.45,"12,002",$4.35,$4.4678,$4.35
05/05/2023,$4.35,"6,739",$4.46,$4.46,$4.35
05/04/2023,$4.41,"5,927",$4.52,$4.5301,$4.41
05/03/2023,$4.40,"4,407",$4.41,$4.48,$4.37
05/02/2023,$4.34,"5,371",$4.42,$4.4605,$4.34
05/01/2023,$4.40,"3,854",$4.38,$4.48,$4.38
04/28/2023,$4.38,"5,324",$4.335,$4.38,$4.30
04/27/2023,$4.23,"13,738",$4.38,$4.38,$4.23
04/26/2023,$4.44,"4,381",$4.47,$4.50,$4.39
04/25/2023,$4.33,"17,412",$4.26,$4.4641,$4.26
04/24/2023,$4.39,"18,774",$4.46,$4.51,$4.3177
04/21/2023,$4.53,"12,238",$4.497,$4.59,$4.42
04/20/2023,$4.53,"18,458",$4.52,$4.56,$4.40
04/19/2023,$4.52,"4,563",$4.57,$4.57,$4.52
04/18/2023,$4.57,"13,072",$4.58,$4.655,$4.55
04/17/2023,$4.55,"15,498",$4.54,$4.65,$4.52
04/14/2023,$4.57,"7,676",$4.51,$4.60,$4.51
04/13/2023,$4.55,"10,315",$4.64,$4.68,$4.55
04/12/2023,$4.55,"12,214",$4.658,$4.70,$4.52
04/11/2023,$4.73,"12,115",$4.54,$4.7842,$4.51
04/10/2023,$4.48,"5,886",$4.46,$4.62,$4.46
04/06/2023,$4.50,"12,941",$4.51,$4.63,$4.4501
04/05/2023,$4.47,"10,703",$4.52,$4.52,$4.37
04/04/2023,$4.52,"12,062",$4.65,$4.65,$4.47
04/03/2023,$4.57,"10,935",$4.55,$4.6583,$4.42
03/31/2023,$4.45,"5,574",$4.55,$4.57,$4.4401
03/30/2023,$4.48,"15,500",$4.64,$4.7199,$4.41
03/29/2023,$4.58,"13,510",$4.46,$4.63,$4.41
03/28/2023,$4.40,"14,553",$4.46,$4.46,$4.36
03/27/2023,$4.38,"4,828",$4.33,$4.4169,$4.27
03/24/2023,$4.26,"6,188",$4.34,$4.43,$4.26
03/23/2023,$4.44,"12,359",$4.42,$4.45,$4.32
03/22/2023,$4.27,"22,571",$4.35,$4.4499,$4.27
03/21/2023,$4.27,"53,767",$4.10,$4.47,$4.10
03/20/2023,$4.07,"42,235",$4.00,$4.23,$4.00
03/17/2023,$4.14,"13,645",$4.23,$4.23,$4.10
03/16/2023,$4.15,"8,803",$4.08,$4.17,$4.07
03/15/2023,$4.12,"27,683",$4.22,$4.24,$4.08
03/14/2023,$4.19,"16,669",$4.12,$4.19,$4.04
03/13/2023,$4.13,"50,877",$4.00,$4.14,$4.00
03/10/2023,$4.09,"17,879",$4.18,$4.18,$4.02
03/09/2023,$4.11,"34,852",$4.16,$4.22,$4.04
03/08/2023,$4.23,"8,954",$4.15,$4.23,$4.09
03/07/2023,$4.13,"50,067",$4.12,$4.27,$4.00
03/06/2023,$4.20,"35,119",$4.17,$4.36,$4.00
03/03/2023,$4.21,"17,010",$4.19,$4.37,$4.1293
03/02/2023,$4.23,"51,048",$4.10,$4.42,$4.10
03/01/2023,$4.14,"80,166",$4.01,$4.3139,$4.00
02/28/2023,$3.90,"63,606",$3.89,$4.28,$3.89
02/27/2023,$3.97,"24,424",$3.90,$4.05,$3.90
02/24/2023,$3.87,"46,285",$3.88,$4.03,$3.8561
02/23/2023,$3.85,"48,741",$4.01,$4.01,$3.80
02/22/2023,$4.03,"12,552",$4.00,$4.085,$3.9189
02/21/2023,$3.90,"26,289",$3.94,$4.08,$3.87
02/17/2023,$4.00,"18,160",$3.96,$4.05,$3.89
02/16/2023,$4.08,"17,601",$3.86,$4.11,$3.86
02/15/2023,$3.98,"9,363",$3.88,$4.055,$3.88
02/14/2023,$3.97,"5,019",$3.95,$4.09,$3.86
02/13/2023,$4.07,"2,915",$3.87,$4.095,$3.87
02/10/2023,$3.86,"47,784",$4.02,$4.05,$3.86
02/09/2023,$4.05,"14,965",$4.05,$4.1899,$4.04
02/08/2023,$4.02,"8,767",$4.01,$4.15,$4.01
02/07/2023,$4.08,"27,256",$4.12,$4.23,$4.03
02/06/2023,$4.01,"30,714",$4.12,$4.17,$4.00
02/03/2023,$4.19,"22,016",$4.16,$4.28,$4.16
02/02/2023,$4.34,"83,805",$4.23,$4.38,$4.14
02/01/2023,$4.27,"40,808",$4.10,$4.50,$4.10
01/31/2023,$4.13,"39,402",$4.30,$4.30,$4.08
01/30/2023,$4.28,"88,323",$4.38,$4.38,$4.0523
01/27/2023,$4.47,"48,749",$4.31,$4.7899,$4.31
01/26/2023,$4.40,"37,155",$4.25,$4.50,$4.25
01/25/2023,$4.3169,"6,540",$4.18,$4.3199,$4.18
01/24/2023,$4.27,"46,380",$4.61,$4.65,$3.955
01/23/2023,$4.65,"27,205",$4.10,$4.699,$4.10
01/20/2023,$4.15,"14,417",$4.23,$4.23,$4.06
01/19/2023,$4.03,"30,577",$3.78,$4.22,$3.78
01/18/2023,$4.05,"7,492",$4.05,$4.1821,$4.0301
01/17/2023,$4.05,"9,995",$3.94,$4.05,$3.87
01/13/2023,$3.91,"101,546",$3.715,$3.93,$3.71
01/12/2023,$3.83,"16,251",$3.81,$3.91,$3.77
01/11/2023,$3.87,"21,540",$3.89,$3.9127,$3.81
01/10/2023,$3.83,"15,592",$3.87,$3.9099,$3.81
01/09/2023,$3.88,"26,954",$3.82,$3.91,$3.7701
01/06/2023,$3.80,"20,704",$3.77,$3.85,$3.65
01/05/2023,$3.72,"40,081",$3.58,$3.82,$3.52
01/04/2023,$3.62,"97,353",$3.63,$3.68,$3.49
01/03/2023,$3.46,"55,505",$3.66,$3.7074,$3.3717
12/30/2022,$3.71,"30,988",$3.67,$3.775,$3.6101
12/29/2022,$3.82,"31,268",$3.84,$3.97,$3.75
12/28/2022,$3.71,"42,306",$3.61,$3.90,$3.61
12/27/2022,$3.92,"53,238",$3.99,$3.9999,$3.80
12/23/2022,$3.86,"37,966",$3.90,$4.0499,$3.80
12/22/2022,$3.85,"15,093",$3.62,$3.86,$3.62
12/21/2022,$3.70,"10,605",$3.52,$3.70,$3.52
12/20/2022,$3.52,"6,494",$3.47,$3.5599,$3.40
12/19/2022,$3.54,"10,225",$3.57,$3.57,$3.39
12/16/2022,$3.6755,"6,316",$3.64,$3.7599,$3.58
12/15/2022,$3.61,"14,994",$3.73,$3.80,$3.61
12/14/2022,$3.74,"4,530",$3.72,$3.81,$3.72
12/13/2022,$3.71,"38,683",$3.71,$3.865,$3.60
12/12/2022,$3.53,"19,572",$3.78,$3.78,$3.53
12/09/2022,$3.73,"23,181",$3.83,$3.89,$3.69
12/08/2022,$3.66,"48,643",$3.76,$3.86,$3.61
12/07/2022,$3.53,"15,044",$3.45,$3.57,$3.45
12/06/2022,$3.57,"28,209",$3.63,$3.75,$3.46
12/05/2022,$3.61,"45,788",$3.44,$3.71,$3.43
12/02/2022,$3.26,"18,748",$3.12,$3.51,$3.12
12/01/2022,$3.20,"22,108",$3.28,$3.36,$3.10
11/30/2022,$3.11,"54,741",$2.91,$3.14,$2.8993
11/29/2022,$2.71,"12,847",$2.54,$2.83,$2.54
11/28/2022,$2.57,"48,525",$2.6269,$2.6969,$2.55
11/25/2022,$2.72,"5,161",$2.70,$2.86,$2.6555
11/23/2022,$2.70,"9,096",$2.818,$2.83,$2.62
11/22/2022,$2.78,"2,286",$2.72,$2.86,$2.72
11/21/2022,$2.78,"6,350",$2.64,$2.78,$2.64
11/18/2022,$2.72,"16,537",$2.72,$2.8479,$2.71
11/17/2022,$2.79,"11,431",$2.75,$2.9987,$2.7101
11/16/2022,$2.75,"16,935",$2.77,$2.85,$2.6714
11/15/2022,$2.83,"20,973",$2.90,$3.00,$2.83
11/14/2022,$2.75,"41,858",$2.89,$2.94,$2.74
11/11/2022,$2.87,"38,219",$2.58,$2.93,$2.58
11/10/2022,$2.55,"14,225",$2.57,$2.59,$2.53
11/09/2022,$2.48,"7,820",$2.50,$2.52,$2.40
11/08/2022,$2.51,"15,819",$2.65,$2.65,$2.51
11/07/2022,$2.60,"16,500",$2.63,$2.67,$2.54
11/04/2022,$2.65,"19,418",$2.72,$2.78,$2.62
11/03/2022,$2.62,"9,888",$2.50,$2.658,$2.3978
11/02/2022,$2.51,"48,394",$2.50,$2.6633,$2.46
11/01/2022,$2.46,"42,631",$2.55,$2.6031,$2.45
10/31/2022,$2.45,"22,073",$2.44,$2.51,$2.32
10/28/2022,$2.43,"17,228",$2.55,$2.55,$2.40
10/27/2022,$2.55,"13,663",$2.67,$2.675,$2.55
10/26/2022,$2.69,"12,250",$2.57,$2.73,$2.5699
10/25/2022,$2.5045,"11,525",$2.45,$2.575,$2.44
10/24/2022,$2.43,"53,243",$2.70,$2.70,$2.36
10/21/2022,$2.71,"22,056",$2.74,$2.75,$2.70
10/20/2022,$2.70,"13,653",$2.72,$2.80,$2.70
10/19/2022,$2.72,"10,817",$2.86,$2.94,$2.71
10/18/2022,$2.85,"10,498",$2.95,$2.9864,$2.85
10/17/2022,$2.94,"19,466",$2.95,$3.11,$2.85
10/14/2022,$3.00,"12,636",$3.03,$3.16,$3.00
10/13/2022,$3.1281,"23,351",$2.85,$3.19,$2.85
10/12/2022,$2.99,"12,294",$3.0999,$3.1872,$2.96
10/11/2022,$2.98,"10,895",$3.03,$3.05,$2.90
10/10/2022,$3.02,"11,340",$3.10,$3.16,$3.02
10/07/2022,$3.09,"5,495",$3.26,$3.26,$3.02
10/06/2022,$3.25,"2,630",$3.23,$3.30,$3.23
10/05/2022,$3.23,"9,446",$3.39,$3.39,$3.21
10/04/2022,$3.34,"28,373",$3.13,$3.36,$3.13
10/03/2022,$3.06,"12,680",$3.39,$3.40,$3.06
09/30/2022,$3.39,"2,701",$3.455,$3.51,$3.36
09/29/2022,$3.43,"9,186",$3.388,$3.50,$3.32
09/28/2022,$3.50,"10,781",$3.55,$3.66,$3.48
09/27/2022,$3.51,"6,534",$3.68,$3.8099,$3.50
09/26/2022,$3.58,"10,309",$3.68,$3.75,$3.53
09/23/2022,$3.74,"10,121",$3.78,$3.845,$3.70
09/22/2022,$3.84,"14,923",$3.90,$4.06,$3.80
09/21/2022,$3.78,"694,013",$3.94,$4.0621,$3.78
09/20/2022,$3.89,"3,790",$3.87,$3.93,$3.87
09/19/2022,$3.92,"6,454",$3.79,$4.0592,$3.75
09/16/2022,$3.86,"16,012",$3.93,$3.995,$3.80
09/15/2022,$3.98,"9,135",$4.00,$4.055,$3.82
09/14/2022,$3.96,"24,722",$3.92,$4.0499,$3.92
09/13/2022,$3.78,"13,693",$3.99,$4.13,$3.76
09/12/2022,$4.05,"12,460",$4.06,$4.20,$4.05
09/09/2022,$4.06,"13,618",$4.09,$4.12,$4.02
09/08/2022,$3.99,"9,379",$4.14,$4.1425,$3.99
09/07/2022,$4.139,"19,449",$4.09,$4.19,$4.09
09/06/2022,$4.04,"15,917",$4.16,$4.19,$4.0163
09/02/2022,$4.15,"4,003",$4.15,$4.33,$4.15
09/01/2022,$4.15,"3,481",$4.21,$4.35,$4.15
08/31/2022,$4.21,"5,257",$4.22,$4.365,$4.21
08/30/2022,$4.23,"8,678",$4.37,$4.39,$4.21
08/29/2022,$4.37,"1,870",$4.37,$4.45,$4.37
08/26/2022,$4.47,"13,260",$4.52,$4.56,$4.40
08/25/2022,$4.39,"4,137",$4.34,$4.60,$4.34
08/24/2022,$4.44,"11,804",$4.51,$4.64,$4.3442
08/23/2022,$4.65,"38,744",$4.45,$4.65,$4.39
08/22/2022,$4.35,"10,420",$4.34,$4.35,$4.00
08/19/2022,$4.28,"4,709",$4.125,$4.29,$4.125
08/18/2022,$4.19,"8,302",$4.19,$4.25,$4.07
08/17/2022,$4.10,"40,607",$4.07,$4.35,$4.04
08/16/2022,$4.07,"2,795",$4.0274,$4.14,$4.0274
08/15/2022,$3.97,"4,573",$3.98,$4.10,$3.96
08/12/2022,$4.15,"20,384",$3.92,$4.15,$3.90
08/11/2022,$4.02,"9,976",$4.10,$4.21,$3.90
08/10/2022,$4.05,"5,561",$4.18,$4.26,$4.05
08/09/2022,$4.15,"4,032",$4.15,$4.20,$4.09
08/08/2022,$4.15,"4,806",$4.1001,$4.415,$4.1001
08/05/2022,$4.21,"10,190",$4.07,$4.325,$4.07
08/04/2022,$4.19,"9,654",$3.99,$4.2237,$3.99
08/03/2022,$3.93,"7,562",$3.94,$4.08,$3.90
08/02/2022,$4.0198,"6,327",$3.9423,$4.08,$3.80
08/01/2022,$3.92,"4,314",$3.959,$3.99,$3.86
07/29/2022,$3.93,"15,204",$4.15,$4.15,$3.80
07/28/2022,$3.98,"9,533",$3.97,$4.1099,$3.97
07/27/2022,$4.01,"16,873",$4.06,$4.14,$3.95
07/26/2022,$3.98,"7,107",$4.00,$4.04,$3.93
07/25/2022,$4.05,"22,038",$4.15,$4.15,$3.99
07/22/2022,$3.98,"25,441",$4.00,$4.14,$3.98
07/21/2022,$4.06,"22,464",$4.14,$4.14,$4.02
07/20/2022,$4.10,"4,335",$4.085,$4.15,$4.03
07/19/2022,$4.06,"14,038",$4.04,$4.12,$3.96
07/18/2022,$4.07,"22,056",$4.01,$4.12,$3.96
07/15/2022,$4.04,"4,571",$4.00,$4.08,$3.96
07/14/2022,$3.95,"5,186",$3.78,$4.03,$3.78
07/13/2022,$3.97,"6,578",$3.95,$3.98,$3.91
07/12/2022,$3.92,"13,205",$3.924,$4.12,$3.90
07/11/2022,$3.86,"29,057",$3.91,$4.1183,$3.70
07/08/2022,$4.03,"51,244",$4.00,$4.23,$3.90
07/07/2022,$4.01,"30,271",$3.87,$4.05,$3.87
07/06/2022,$3.90,"7,441",$3.93,$3.9599,$3.73
07/05/2022,$3.88,"15,671",$3.90,$4.03,$3.87
07/01/2022,$3.97,"12,403",$4.05,$4.17,$3.91
06/30/2022,$4.16,"22,670",$3.97,$4.16,$3.97
06/29/2022,$3.93,"12,492",$4.20,$4.28,$3.83
06/28/2022,$4.12,"30,873",$4.25,$4.40,$4.00
06/27/2022,$3.94,"6,544",$4.05,$4.05,$3.94
06/24/2022,$3.99,"33,263",$4.0629,$4.0629,$3.8901
06/23/2022,$4.00,"126,431",$3.97,$4.045,$3.83
06/22/2022,$3.97,"84,840",$3.72,$4.00,$3.72
06/21/2022,$3.83,"40,502",$3.57,$3.99,$3.57
06/17/2022,$3.61,"4,446",$3.6736,$3.6736,$3.50
06/16/2022,$3.61,"9,815",$3.74,$3.78,$3.51
06/15/2022,$3.74,"11,460",$3.48,$3.77,$3.48
06/14/2022,$3.5922,"17,653",$3.51,$3.68,$3.35
06/13/2022,$3.675,"18,902",$3.81,$3.8772,$3.6404
06/10/2022,$3.91,"3,947",$4.10,$4.10,$3.8201
06/09/2022,$3.94,"13,976",$3.87,$3.9971,$3.8485
06/08/2022,$4.00,"33,499",$4.01,$4.1681,$3.8301
06/07/2022,$3.97,"23,074",$4.14,$4.35,$3.91
06/06/2022,$4.21,"8,703",$3.96,$4.25,$3.96
06/03/2022,$3.84,"25,914",$3.92,$3.985,$3.78
06/02/2022,$3.92,"14,039",$4.09,$4.32,$3.92
06/01/2022,$4.00,"27,010",$4.26,$4.26,$3.91
05/31/2022,$4.29,"33,892",$4.23,$4.39,$4.20
05/27/2022,$4.04,"18,704",$4.108,$4.23,$4.01
05/26/2022,$4.21,"23,033",$4.087,$4.35,$3.98
05/25/2022,$4.28,"9,000",$3.94,$4.28,$3.90
05/24/2022,$3.96,"7,374",$4.03,$4.14,$3.96
05/23/2022,$4.11,"5,969",$4.055,$4.11,$3.99
05/20/2022,$3.97,"24,947",$3.98,$4.15,$3.79
05/19/2022,$4.00,"10,385",$3.95,$4.08,$3.95
05/18/2022,$3.99,"17,708",$3.92,$4.0399,$3.77
05/17/2022,$4.01,"14,402",$4.06,$4.1485,$3.93
05/16/2022,$4.00,"12,464",$4.00,$4.0801,$4.00
05/13/2022,$3.97,"29,780",$3.88,$4.1494,$3.76
05/12/2022,$3.94,"17,272",$4.19,$4.19,$3.92
05/11/2022,$4.03,"38,597",$3.785,$4.09,$3.7501
05/10/2022,$3.77,"26,747",$3.53,$3.87,$3.395
05/09/2022,$3.29,"29,107",$3.64,$3.64,$3.27
05/06/2022,$3.78,"20,474",$3.96,$3.96,$3.70
05/05/2022,$3.92,"26,099",$3.95,$4.04,$3.85
05/04/2022,$3.98,"36,350",$4.01,$4.21,$3.905
05/03/2022,$4.15,"24,948",$4.41,$4.47,$4.07
05/02/2022,$4.21,"3,181",$4.11,$4.24,$4.11
04/29/2022,$4.10,"8,853",$4.5876,$4.6862,$4.10
04/28/2022,$4.55,"37,932",$4.15,$4.56,$4.0506
04/27/2022,$4.02,"65,204",$3.994,$4.56,$3.87
04/26/2022,$3.90,"11,429",$3.98,$4.02,$3.85
04/25/2022,$4.09,"31,100",$4.05,$4.12,$3.95
04/22/2022,$4.09,"21,032",$4.08,$4.22,$3.9579
04/21/2022,$4.18,"40,031",$4.58,$4.58,$4.16
04/20/2022,$4.51,"25,652",$4.7318,$4.7318,$4.45
04/19/2022,$4.75,"107,320",$4.82,$4.924,$4.55
04/18/2022,$4.94,"256,244",$5.24,$5.335,$4.71
04/14/2022,$5.12,"293,419",$5.31,$5.41,$4.87
04/13/2022,$5.01,"4,292",$4.75,$5.01,$4.75
04/12/2022,$4.96,"68,714",$5.00,$5.03,$4.90
04/11/2022,$4.75,"30,525",$4.80,$5.06,$4.74
04/08/2022,$4.85,"3,978",$4.93,$5.06,$4.80
04/07/2022,$4.90,"29,003",$4.95,$4.9872,$4.75
04/06/2022,$4.91,"21,670",$5.085,$5.085,$4.84
04/05/2022,$5.09,"15,904",$5.20,$5.24,$5.03
04/04/2022,$5.18,"53,244",$5.21,$5.2499,$5.13
04/01/2022,$5.13,"32,587",$5.41,$5.49,$5.13
03/31/2022,$5.02,"79,118",$5.18,$5.3208,$5.00
03/30/2022,$5.35,"32,453",$5.28,$5.40,$5.20
03/29/2022,$5.39,"36,072",$5.24,$5.43,$5.24
03/28/2022,$5.18,"13,070",$5.17,$5.36,$5.00
03/25/2022,$5.27,"14,063",$5.38,$5.52,$5.17
03/24/2022,$5.52,"15,549",$5.37,$5.60,$5.37
03/23/2022,$5.23,"29,129",$5.15,$5.3774,$5.13
03/22/2022,$5.34,"29,964",$5.34,$5.50,$5.31
03/21/2022,$5.24,"23,167",$5.45,$5.48,$5.11
03/18/2022,$5.35,"30,426",$5.505,$5.66,$5.35
03/17/2022,$5.52,"7,854",$5.50,$5.59,$5.45
03/16/2022,$5.53,"104,431",$5.29,$5.90,$5.29
03/15/2022,$4.90,"43,091",$4.89,$4.93,$4.69
03/14/2022,$4.87,"37,837",$4.90,$4.99,$4.64
03/11/2022,$5.10,"15,769",$5.55,$5.55,$5.09
03/10/2022,$5.41,"23,633",$5.40,$5.58,$5.2815
03/09/2022,$5.62,"28,484",$5.31,$5.82,$5.31
03/08/2022,$5.28,"22,146",$5.20,$5.46,$5.165
03/07/2022,$5.24,"33,407",$5.26,$5.29,$5.16
03/04/2022,$5.33,"34,194",$5.46,$5.50,$5.20
03/03/2022,$5.58,"7,396",$5.601,$5.697,$5.46
03/02/2022,$5.58,"22,844",$5.49,$5.67,$5.4189
03/01/2022,$5.51,"28,136",$5.66,$5.77,$5.44
02/28/2022,$5.68,"25,629",$5.49,$5.82,$5.49
02/25/2022,$5.62,"22,800",$5.645,$5.645,$5.40
02/24/2022,$5.55,"51,062",$5.30,$5.57,$5.21
02/23/2022,$5.36,"33,542",$5.60,$5.61,$5.31
02/22/2022,$5.58,"41,703",$5.50,$5.657,$5.50
02/18/2022,$5.63,"40,569",$5.70,$5.7554,$5.50
02/17/2022,$5.73,"26,779",$5.78,$5.84,$5.63
02/16/2022,$5.84,"27,649",$5.911,$5.98,$5.75
02/15/2022,$5.86,"44,535",$5.54,$5.8896,$5.54
02/14/2022,$5.50,"49,928",$5.51,$5.69,$5.50
02/11/2022,$5.65,"100,249",$5.54,$6.00,$5.54
02/10/2022,$5.49,"89,058",$5.40,$5.70,$5.385
02/09/2022,$5.47,"78,297",$5.36,$5.50,$5.30
02/08/2022,$5.31,"123,624",$5.18,$5.365,$5.18
02/07/2022,$5.22,"67,668",$5.19,$5.27,$5.10
02/04/2022,$5.19,"110,050",$4.93,$5.26,$4.93
02/03/2022,$4.96,"76,930",$5.11,$5.1675,$4.93
02/02/2022,$5.17,"95,156",$5.45,$5.45,$5.13
02/01/2022,$5.49,"98,240",$5.57,$5.57,$5.40
01/31/2022,$5.53,"117,743",$5.26,$5.56,$5.19
01/28/2022,$5.22,"122,733",$5.14,$5.30,$5.07
01/27/2022,$5.25,"102,641",$5.57,$5.65,$5.20
01/26/2022,$5.51,"142,924",$5.98,$6.17,$5.51
01/25/2022,$5.97,"98,582",$6.10,$6.175,$5.88
01/24/2022,$6.21,"156,935",$6.20,$6.215,$5.90
01/21/2022,$6.72,"133,102",$6.63,$6.75,$6.50
01/20/2022,$6.70,"298,627",$6.98,$7.27,$6.70
01/19/2022,$6.82,"328,559",$6.75,$7.17,$6.69
01/18/2022,$6.75,"308,541",$7.01,$7.133,$6.69
01/14/2022,$7.21,"173,559",$7.36,$7.45,$7.02
01/13/2022,$7.44,"471,093",$8.10,$8.10,$7.00
01/12/2022,$8.38,"240,751",$8.59,$8.64,$8.31
01/11/2022,$8.53,"80,479",$8.602,$8.65,$8.44
01/10/2022,$8.53,"209,918",$8.61,$8.61,$8.20
01/07/2022,$8.59,"136,090",$8.50,$8.71,$8.50
01/06/2022,$8.43,"142,973",$8.54,$8.60,$8.40
01/05/2022,$8.46,"198,150",$8.40,$8.63,$8.34
01/04/2022,$8.33,"147,981",$8.343,$8.48,$8.30
01/03/2022,$8.42,"188,924",$8.01,$8.44,$7.95
12/31/2021,$7.92,"89,184",$8.14,$8.36,$7.92
12/30/2021,$8.19,"128,153",$7.67,$8.27,$7.48
12/29/2021,$8.08,"218,725",$8.82,$8.8579,$7.83
12/28/2021,$8.78,"236,243",$8.80,$9.1799,$8.65
12/27/2021,$8.82,"155,789",$8.47,$8.85,$8.405
12/23/2021,$8.51,"210,250",$8.25,$8.54,$8.22
12/22/2021,$8.21,"174,402",$8.05,$8.41,$7.8701
12/21/2021,$8.10,"260,283",$7.95,$8.27,$7.905
12/20/2021,$7.87,"219,320",$7.77,$7.9045,$7.76
12/17/2021,$7.94,"282,165",$7.87,$8.04,$7.80
12/16/2021,$7.95,"283,044",$7.94,$8.15,$7.8004
12/15/2021,$7.96,"209,319",$7.94,$8.15,$7.57
12/14/2021,$7.96,"221,223",$7.97,$8.28,$7.777
12/13/2021,$8.06,"424,614",$8.19,$8.25,$8.01
12/10/2021,$8.25,"155,650",$8.145,$8.372,$7.99
12/09/2021,$7.93,"128,773",$8.26,$8.32,$7.86
12/08/2021,$8.23,"136,948",$8.00,$8.45,$7.83
12/07/2021,$8.01,"154,522",$7.90,$8.176,$7.87
12/06/2021,$7.81,"80,674",$7.45,$7.93,$7.45
12/03/2021,$7.41,"190,288",$7.56,$7.56,$7.23
12/02/2021,$7.63,"167,720",$7.72,$7.835,$7.42
12/01/2021,$7.57,"228,263",$7.89,$7.90,$7.52
11/30/2021,$7.78,"390,182",$7.33,$7.869,$7.10
11/29/2021,$7.35,"97,639",$7.26,$7.45,$7.00
11/26/2021,$7.17,"121,791",$7.80,$7.81,$7.135
11/24/2021,$8.05,"291,724",$8.04,$8.5483,$7.18
11/23/2021,$8.00,"140,359",$8.94,$8.94,$8.00
11/22/2021,$8.95,"118,859",$9.03,$9.15,$8.9017
11/19/2021,$9.01,"129,608",$8.726,$9.13,$8.61
11/18/2021,$8.59,"164,619",$9.00,$9.01,$8.5596
11/17/2021,$8.97,"171,622",$8.82,$9.06,$8.65
11/16/2021,$8.81,"245,344",$8.22,$9.10,$8.055
11/15/2021,$8.29,"119,980",$8.48,$8.60,$8.21
11/12/2021,$8.45,"115,904",$8.79,$8.89,$8.28
11/11/2021,$8.80,"174,475",$8.65,$8.90,$8.56
11/10/2021,$8.54,"214,980",$8.59,$8.89,$8.52
11/09/2021,$8.60,"212,382",$8.51,$8.82,$8.46
11/08/2021,$8.60,"137,240",$8.58,$8.85,$8.35
11/05/2021,$8.54,"107,102",$8.11,$8.595,$8.11
11/04/2021,$8.11,"108,469",$8.30,$8.40,$8.05
11/03/2021,$8.28,"114,839",$8.10,$8.37,$8.05
11/02/2021,$8.12,"139,155",$8.44,$8.46,$8.05
11/01/2021,$8.57,"130,312",$8.10,$8.57,$8.01
10/29/2021,$8.07,"316,823",$8.37,$8.55,$7.98
10/28/2021,$8.37,"126,284",$8.28,$8.52,$8.10
10/27/2021,$8.27,"165,927",$8.03,$8.39,$8.00
10/26/2021,$8.12,"89,796",$8.30,$8.56,$8.09
10/25/2021,$8.26,"224,794",$8.79,$8.79,$7.77
10/22/2021,$8.70,"173,650",$8.76,$8.9916,$8.65
10/21/2021,$8.78,"216,042",$8.60,$8.87,$8.5531
10/20/2021,$8.53,"149,501",$8.61,$8.8483,$8.53
10/19/2021,$8.65,"106,856",$8.80,$8.80,$8.53
10/18/2021,$8.67,"113,683",$8.92,$8.92,$8.62
10/15/2021,$8.87,"109,146",$8.70,$8.94,$8.664
10/14/2021,$8.71,"146,116",$8.70,$8.97,$8.50
10/13/2021,$8.62,"111,387",$8.57,$8.6999,$8.3124
10/12/2021,$8.58,"182,974",$8.80,$8.92,$8.4401
10/11/2021,$8.79,"129,191",$8.74,$9.00,$8.65
10/08/2021,$8.63,"122,934",$8.41,$8.73,$8.31
10/07/2021,$8.36,"236,550",$8.16,$8.59,$8.06
10/06/2021,$8.05,"256,063",$8.06,$8.33,$7.96
10/05/2021,$8.24,"58,974",$8.21,$8.43,$7.97
10/04/2021,$8.19,"238,288",$8.40,$8.40,$7.99
10/01/2021,$8.37,"151,516",$8.13,$8.50,$8.13
09/30/2021,$8.16,"167,430",$8.07,$8.24,$7.94
09/29/2021,$7.95,"241,633",$8.11,$8.19,$7.88
09/28/2021,$8.06,"221,384",$8.39,$8.55,$7.88
09/27/2021,$8.37,"227,671",$8.24,$8.69,$8.17
09/24/2021,$8.23,"225,035",$8.08,$8.43,$7.975
09/23/2021,$8.09,"356,805",$8.21,$8.50,$8.04
09/22/2021,$8.31,"389,473",$7.59,$8.33,$7.55
09/21/2021,$7.60,"298,649",$7.70,$7.93,$7.57
09/20/2021,$7.68,"321,000",$8.17,$8.335,$7.65
09/17/2021,$8.24,"238,161",$8.25,$8.5499,$8.13
09/16/2021,$8.19,"395,083",$7.93,$8.34,$7.70
09/15/2021,$7.98,"181,535",$8.19,$8.19,$7.80
09/14/2021,$8.23,"342,125",$8.50,$8.58,$7.97
09/13/2021,$8.43,"296,053",$8.78,$8.84,$8.33
09/10/2021,$8.83,"238,925",$9.14,$9.17,$8.75
09/09/2021,$9.01,"206,108",$8.98,$9.20,$8.60
09/08/2021,$8.98,"192,674",$9.08,$9.20,$8.87
09/07/2021,$9.13,"202,255",$8.71,$9.18,$8.69
09/03/2021,$8.61,"111,730",$8.80,$9.00,$8.61
09/02/2021,$8.79,"165,383",$9.12,$9.12,$8.70
09/01/2021,$9.08,"149,985",$9.20,$9.49,$9.055
08/31/2021,$9.13,"157,903",$8.91,$9.17,$8.8255
08/30/2021,$8.85,"145,063",$8.77,$9.00,$8.59
08/27/2021,$8.76,"149,337",$8.57,$8.94,$8.46
08/26/2021,$8.65,"83,603",$8.82,$9.00,$8.54
08/25/2021,$8.92,"105,675",$9.25,$9.26,$8.63
08/24/2021,$9.24,"166,096",$8.29,$9.47,$8.29
08/23/2021,$8.25,"85,659",$8.12,$8.31,$8.10
08/20/2021,$8.09,"103,822",$8.12,$8.33,$8.05
08/19/2021,$8.16,"173,560",$8.30,$8.38,$8.05
08/18/2021,$8.43,"175,849",$8.14,$8.67,$8.10
08/17/2021,$8.13,"107,785",$8.35,$8.35,$8.05
08/16/2021,$8.38,"143,974",$8.72,$9.03,$8.34
08/13/2021,$8.81,"141,998",$8.91,$9.07,$8.75
08/12/2021,$9.02,"165,619",$9.25,$9.345,$8.81
08/11/2021,$9.23,"106,574",$9.34,$9.35,$9.10
08/10/2021,$9.32,"162,194",$9.59,$9.71,$9.30
08/09/2021,$9.64,"182,690",$9.45,$9.82,$9.42
08/06/2021,$9.54,"136,666",$9.36,$9.79,$9.24
08/05/2021,$9.39,"157,190",$9.20,$9.57,$9.09
08/04/2021,$9.32,"160,766",$9.59,$9.89,$9.20
08/03/2021,$9.49,"192,464",$9.15,$9.715,$9.065
08/02/2021,$9.23,"141,306",$9.05,$9.29,$8.80
07/30/2021,$8.95,"102,665",$9.27,$9.30,$8.95
07/29/2021,$9.36,"372,492",$9.18,$9.714,$8.95
07/28/2021,$8.58,"214,011",$8.45,$8.9899,$8.45
07/27/2021,$8.45,"317,204",$8.90,$9.15,$8.31
07/26/2021,$9.27,"359,603",$10.11,$10.30,$9.17
07/23/2021,$10.16,"92,514",$10.67,$10.70,$10.11
07/22/2021,$10.65,"224,568",$10.81,$10.93,$10.56
07/21/2021,$10.82,"252,140",$10.43,$10.91,$10.30
07/20/2021,$10.48,"144,691",$10.41,$10.60,$10.40
07/19/2021,$10.53,"150,744",$11.03,$11.12,$10.50
07/16/2021,$11.12,"203,532",$11.13,$11.23,$10.96
07/15/2021,$11.01,"175,397",$10.62,$11.09,$10.60
07/14/2021,$10.71,"137,509",$10.85,$11.02,$10.42
07/13/2021,$10.84,"230,385",$10.90,$11.21,$10.795
07/12/2021,$10.89,"162,520",$10.74,$11.04,$10.69
07/09/2021,$10.63,"127,641",$10.48,$10.79,$10.47
07/08/2021,$10.63,"74,145",$10.57,$10.75,$10.2001
07/07/2021,$10.70,"132,873",$10.90,$11.06,$10.65
07/06/2021,$11.06,"101,847",$11.05,$11.10,$10.80
07/02/2021,$11.13,"94,854",$11.10,$11.44,$10.8956
07/01/2021,$11.08,"96,700",$11.23,$11.37,$11.06
06/30/2021,$11.02,"109,438",$11.09,$11.20,$10.71
06/29/2021,$11.00,"105,494",$11.22,$11.40,$11.00
06/28/2021,$11.25,"94,309",$11.43,$11.49,$10.87
06/25/2021,$11.26,"539,114",$12.04,$12.25,$11.09
06/24/2021,$11.97,"309,577",$11.55,$12.21,$11.30
06/23/2021,$11.60,"345,532",$11.91,$12.00,$11.07
06/22/2021,$12.03,"674,640",$12.42,$12.46,$10.81
06/21/2021,$12.25,"152,697",$12.36,$12.6893,$12.11
06/18/2021,$12.38,"162,414",$12.79,$12.97,$12.22
06/17/2021,$12.74,"138,881",$12.89,$13.17,$12.705
06/16/2021,$12.84,"828,866",$14.01,$14.20,$12.67
06/15/2021,$14.10,"381,496",$15.33,$15.57,$13.89
06/14/2021,$15.28,"233,385",$15.32,$15.79,$15.20
06/11/2021,$15.29,"268,759",$14.93,$15.77,$14.70
06/10/2021,$15.00,"165,436",$14.67,$15.08,$14.585
06/09/2021,$14.53,"154,861",$14.50,$15.14,$14.50
06/08/2021,$14.55,"221,801",$15.15,$15.63,$14.51
06/07/2021,$15.22,"134,350",$15.04,$15.78,$14.90
06/04/2021,$15.02,"239,368",$16.10,$16.24,$15.00
06/03/2021,$16.11,"192,899",$15.56,$16.50,$15.40
06/02/2021,$15.57,"156,224",$14.98,$15.80,$14.98
06/01/2021,$14.94,"266,056",$14.85,$15.3499,$14.69
05/28/2021,$14.82,"174,182",$14.70,$15.1007,$14.5317
05/27/2021,$14.70,"219,942",$14.50,$15.02,$14.42
05/26/2021,$14.46,"212,646",$13.71,$14.80,$13.70
05/25/2021,$13.71,"162,974",$13.33,$13.87,$13.33
05/24/2021,$13.35,"219,199",$13.40,$14.00,$13.20
05/21/2021,$13.41,"236,031",$13.28,$13.90,$13.01
05/20/2021,$13.25,"181,608",$13.06,$13.35,$12.99
05/19/2021,$13.17,"165,196",$13.05,$13.25,$12.95
05/18/2021,$13.16,"163,292",$13.13,$13.22,$12.93
05/17/2021,$13.07,"129,811",$13.00,$13.22,$12.95
05/14/2021,$13.09,"144,667",$13.18,$13.25,$12.95
05/13/2021,$13.20,"169,233",$13.10,$13.28,$13.08
05/12/2021,$13.15,"152,323",$13.10,$13.24,$13.02
05/11/2021,$13.20,"142,285",$13.04,$13.25,$13.04
05/10/2021,$13.22,"106,171",$13.25,$13.25,$13.05
05/07/2021,$13.25,"76,997",$13.04,$13.25,$13.04
05/06/2021,$13.05,"110,927",$13.24,$13.27,$12.96
05/05/2021,$13.15,"101,937",$13.22,$13.39,$13.15
05/04/2021,$13.23,"84,005",$13.21,$13.34,$12.95
05/03/2021,$13.24,"62,477",$12.80,$13.30,$12.61
04/30/2021,$12.56,"37,955",$12.86,$13.14,$12.56
04/29/2021,$12.88,"46,444",$13.30,$13.30,$12.88
04/28/2021,$13.25,"20,887",$13.15,$13.30,$12.965
04/27/2021,$13.01,"21,577",$13.06,$13.30,$12.8643
04/26/2021,$13.01,"39,489",$13.11,$13.25,$12.81
04/23/2021,$13.11,"3,048",$13.13,$13.19,$13.11
04/22/2021,$13.20,"15,884",$13.16,$13.20,$13.13
04/21/2021,$13.16,"15,703",$12.96,$13.25,$12.96
04/20/2021,$13.17,"19,841",$13.09,$13.18,$12.91
04/19/2021,$13.05,"18,587",$12.95,$13.15,$12.8201
04/16/2021,$12.80,"9,316",$12.85,$13.20,$12.70
04/15/2021,$12.92,"134,775",$13.04,$13.17,$12.92
04/14/2021,$13.20,"48,042",$12.99,$13.227,$12.95
04/13/2021,$12.87,"17,351",$13.00,$13.15,$12.74
04/12/2021,$13.04,"9,458",$12.92,$13.04,$12.70
04/09/2021,$12.95,"8,039",$13.00,$13.064,$12.90
04/08/2021,$12.95,"10,617",$12.92,$13.15,$12.92
04/07/2021,$13.09,"6,569",$13.00,$13.09,$12.84
04/06/2021,$13.00,"14,977",$12.85,$13.135,$12.85
04/05/2021,$12.90,"16,056",$13.02,$13.20,$12.90
04/01/2021,$13.20,"36,398",$13.00,$13.20,$12.92
03/31/2021,$13.15,"11,108",$13.20,$13.20,$12.91
03/30/2021,$13.20,"13,374",$12.78,$13.20,$12.78
03/29/2021,$13.18,"21,067",$12.95,$13.20,$12.935
03/26/2021,$13.07,"16,025",$13.03,$13.08,$12.93
03/25/2021,$12.85,"29,505",$12.85,$13.09,$12.80
03/24/2021,$13.00,"21,050",$13.10,$13.10,$12.85
03/23/2021,$13.10,"27,699",$13.00,$13.10,$12.93
03/22/2021,$13.00,"10,623",$13.16,$13.16,$12.88
03/19/2021,$13.20,"6,616",$13.20,$13.20,$12.94
03/18/2021,$13.20,"8,877",$13.10,$13.20,$13.00
03/17/2021,$13.11,"15,068",$13.13,$13.20,$13.00
03/16/2021,$13.15,"3,841",$13.175,$13.175,$13.05
03/15/2021,$13.14,"15,728",$13.19,$13.20,$13.01
03/12/2021,$13.12,"11,289",$12.94,$13.12,$12.80
03/11/2021,$13.10,"17,744",$12.98,$13.12,$12.80
03/10/2021,$13.00,"14,836",$12.91,$13.07,$12.82
03/09/2021,$13.00,"20,657",$13.20,$13.20,$12.8201
03/08/2021,$13.20,"8,964",$12.99,$13.20,$12.91
03/05/2021,$13.05,"13,421",$12.961,$13.05,$12.80
03/04/2021,$13.04,"37,731",$13.20,$13.20,$12.80
03/03/2021,$13.20,"19,824",$13.50,$13.50,$13.06
03/02/2021,$13.59,"34,127",$13.15,$13.75,$13.15
03/01/2021,$13.07,"23,069",$13.05,$13.15,$13.02
02/26/2021,$13.02,"19,089",$13.00,$13.09,$12.92
02/25/2021,$13.09,"9,607",$13.10,$13.10,$12.94
02/24/2021,$13.02,"20,677",$12.80,$13.11,$12.76
02/23/2021,$12.85,"22,905",$13.00,$13.265,$12.77
02/22/2021,$13.03,"11,081",$13.18,$13.18,$13.00
02/19/2021,$13.30,"12,348",$13.30,$13.30,$13.1501
02/18/2021,$13.20,"29,802",$13.06,$13.30,$13.00
02/17/2021,$13.05,"10,019",$13.20,$13.25,$13.00
02/16/2021,$13.19,"31,309",$12.98,$13.20,$12.98
02/12/2021,$13.14,"8,466",$13.03,$13.20,$12.95
02/11/2021,$13.00,"23,598",$13.08,$13.25,$13.00
02/10/2021,$13.18,"9,358",$13.05,$13.29,$13.04
02/09/2021,$13.00,"18,830",$13.20,$13.30,$12.9749
02/08/2021,$13.27,"22,412",$13.20,$13.30,$13.1304
02/05/2021,$13.20,"37,965",$13.00,$13.28,$12.93
02/04/2021,$13.00,"14,445",$12.98,$13.09,$12.94
02/03/2021,$13.00,"17,046",$12.87,$13.10,$12.87
02/02/2021,$13.08,"14,918",$12.75,$13.08,$12.73
02/01/2021,$12.66,"30,671",$12.95,$13.0386,$12.61
01/29/2021,$12.92,"43,616",$12.97,$13.0899,$12.75
01/28/2021,$13.06,"21,457",$13.04,$13.09,$12.85
01/27/2021,$13.01,"22,145",$13.00,$13.08,$12.7501
01/26/2021,$13.00,"17,675",$12.97,$13.08,$12.85
01/25/2021,$12.95,"20,849",$13.00,$13.09,$12.82
01/22/2021,$13.14,"14,625",$13.00,$13.15,$12.82
01/21/2021,$13.15,"10,218",$13.00,$13.1555,$12.95
01/20/2021,$13.00,"13,973",$13.00,$13.24,$12.96
01/19/2021,$13.00,"34,117",$13.25,$13.25,$12.75
01/15/2021,$13.21,"9,511",$13.04,$13.2299,$12.84
01/14/2021,$13.035,"27,564",$13.30,$13.30,$12.90
01/13/2021,$13.28,"13,115",$13.17,$13.30,$12.97
01/12/2021,$13.30,"26,203",$13.09,$13.30,$12.82
01/11/2021,$13.00,"13,129",$13.20,$13.20,$12.76
01/08/2021,$13.22,"11,907",$13.00,$13.30,$12.93
01/07/2021,$13.00,"20,314",$12.75,$13.28,$12.6884
01/06/2021,$12.86,"25,504",$13.30,$13.30,$12.79
01/05/2021,$13.51,"23,446",$13.80,$13.80,$13.32
01/04/2021,$13.80,"38,375",$13.40,$13.80,$12.64
12/31/2020,$13.40,"12,410",$13.40,$13.40,$13.25
12/30/2020,$13.35,"19,397",$13.25,$13.40,$13.01
12/29/2020,$13.25,"10,349",$13.04,$13.34,$13.01
12/28/2020,$13.00,"30,681",$12.96,$13.43,$12.90
12/24/2020,$13.01,"14,671",$12.80,$13.25,$12.75
12/23/2020,$12.87,"11,197",$12.99,$12.99,$12.72
12/22/2020,$12.87,"22,424",$12.92,$13.05,$12.51
12/21/2020,$13.01,"22,199",$13.05,$13.10,$12.6011
12/18/2020,$13.10,"24,943",$13.09,$13.25,$13.00
12/17/2020,$12.99,"53,162",$13.08,$13.13,$12.90
12/16/2020,$13.14,"22,952",$13.03,$13.2499,$12.94
12/15/2020,$12.89,"29,661",$12.66,$13.03,$12.66
12/14/2020,$12.76,"51,136",$12.63,$12.97,$12.31
12/11/2020,$12.63,"31,545",$12.65,$12.73,$12.30
12/10/2020,$12.58,"19,570",$12.455,$12.79,$12.35
12/09/2020,$12.85,"54,443",$12.67,$12.85,$12.29
12/08/2020,$12.61,"23,613",$12.85,$12.93,$12.59
12/07/2020,$12.98,"49,387",$13.20,$13.22,$12.53
12/04/2020,$13.13,"79,106",$12.49,$13.29,$12.3001
12/03/2020,$12.35,"86,562",$11.98,$12.46,$11.89
12/02/2020,$12.05,"47,123",$12.10,$12.455,$11.88
12/01/2020,$12.25,"69,560",$11.94,$12.56,$11.94
11/30/2020,$11.88,"82,472",$12.45,$12.45,$11.76
11/27/2020,$12.65,"26,018",$12.45,$12.87,$12.35
11/25/2020,$12.45,"67,451",$12.89,$12.93,$12.45
11/24/2020,$13.03,"19,666",$13.17,$13.30,$12.85
11/23/2020,$13.01,"37,415",$13.42,$13.575,$12.89
11/20/2020,$13.18,"50,498",$13.50,$13.7412,$13.09
11/19/2020,$13.52,"9,660",$13.64,$13.69,$13.50
11/18/2020,$13.69,"49,561",$13.60,$13.80,$13.50
11/17/2020,$13.59,"30,285",$13.00,$13.59,$12.96
11/16/2020,$13.10,"14,597",$13.26,$13.26,$13.015
11/13/2020,$13.14,"9,543",$13.00,$13.25,$12.9333
11/12/2020,$13.25,"24,462",$13.00,$13.50,$12.90
11/11/2020,$13.25,"15,745",$13.49,$13.50,$13.20
11/10/2020,$13.50,"26,291",$13.09,$13.50,$12.87
11/09/2020,$12.86,"46,967",$12.96,$13.60,$12.86
11/06/2020,$12.75,"21,005",$12.87,$13.30,$12.75
11/05/2020,$12.94,"14,954",$12.98,$13.42,$12.93
11/04/2020,$12.94,"11,250",$12.96,$13.20,$12.85
11/03/2020,$12.79,"17,568",$13.14,$13.32,$12.76
11/02/2020,$13.08,"16,784",$13.26,$13.425,$13.08
10/30/2020,$13.26,"40,673",$13.36,$13.40,$13.18
10/29/2020,$13.42,"14,669",$13.50,$13.828,$13.38
10/28/2020,$13.60,"31,600",$13.54,$13.60,$13.10
10/27/2020,$13.58,"15,688",$13.53,$13.84,$13.50
10/26/2020,$13.58,"9,584",$13.50,$13.73,$13.30
10/23/2020,$13.61,"27,933",$13.51,$13.92,$13.50
10/22/2020,$13.49,"37,692",$13.60,$13.91,$13.37
10/21/2020,$13.80,"12,745",$13.64,$13.89,$13.27
10/20/2020,$13.56,"11,466",$13.47,$13.69,$13.13
10/19/2020,$13.25,"7,923",$13.99,$13.99,$13.01
10/16/2020,$13.80,"15,342",$13.17,$14.14,$13.17
10/15/2020,$13.24,"15,427",$13.05,$13.35,$13.00
10/14/2020,$13.10,"19,011",$13.25,$13.71,$13.10
10/13/2020,$13.39,"19,580",$13.93,$13.97,$13.29
10/12/2020,$14.07,"34,808",$14.07,$14.20,$13.79
10/09/2020,$13.82,"15,520",$13.35,$13.82,$13.25
10/08/2020,$13.45,"12,507",$13.79,$13.96,$13.10
10/07/2020,$13.59,"11,197",$13.98,$14.18,$13.5715
10/06/2020,$13.83,"17,212",$14.10,$14.10,$13.635
10/05/2020,$14.05,"20,024",$13.98,$14.07,$13.50
10/02/2020,$13.59,"13,731",$13.88,$13.88,$13.35
10/01/2020,$13.52,"24,011",$13.67,$13.67,$13.38
09/30/2020,$13.59,"26,124",$13.57,$13.77,$13.31
09/29/2020,$13.77,"30,710",$14.20,$14.20,$13.54
09/28/2020,$13.84,"47,763",$14.23,$14.395,$13.77
09/25/2020,$13.78,"69,662",$12.94,$14.00,$12.92
09/24/2020,$12.54,"28,603",$12.85,$12.88,$12.35
09/23/2020,$12.90,"20,656",$12.97,$13.28,$12.65
09/22/2020,$12.84,"14,855",$12.81,$12.97,$12.69
09/21/2020,$12.67,"28,060",$12.86,$13.0332,$12.50
09/18/2020,$13.00,"9,421",$13.10,$13.20,$12.93
09/17/2020,$13.10,"20,271",$12.85,$13.4299,$12.85
09/16/2020,$13.00,"18,843",$12.89,$13.12,$12.88
09/15/2020,$13.00,"62,852",$13.00,$13.11,$12.84
09/14/2020,$12.96,"27,292",$13.04,$13.1732,$12.88
09/11/2020,$13.04,"22,527",$13.11,$13.28,$12.91
09/10/2020,$13.18,"47,489",$13.84,$13.84,$13.11
09/09/2020,$13.61,"70,495",$13.00,$13.8114,$13.00
09/08/2020,$12.85,"24,139",$13.05,$13.16,$12.72
09/04/2020,$13.25,"39,309",$13.05,$13.31,$12.9284
09/03/2020,$13.17,"22,930",$13.30,$13.34,$13.06
09/02/2020,$13.49,"37,330",$13.36,$13.54,$13.1907
09/01/2020,$13.32,"57,543",$14.00,$14.00,$13.27
08/31/2020,$13.98,"50,668",$14.25,$14.35,$13.93
08/28/2020,$14.17,"158,256",$13.60,$14.32,$13.60
08/27/2020,$13.54,"287,681",$13.03,$13.54,$12.89
08/26/2020,$12.96,"184,312",$13.02,$13.06,$12.79
08/25/2020,$13.05,"164,338",$12.93,$13.10,$12.88
08/24/2020,$12.93,"214,016",$13.05,$13.17,$12.85
08/21/2020,$13.05,"188,300",$13.02,$13.14,$12.83
08/20/2020,$12.95,"154,420",$12.83,$13.02,$12.77
08/19/2020,$12.90,"159,134",$12.53,$13.00,$12.4998
08/18/2020,$12.53,"170,853",$12.31,$12.67,$12.26
08/17/2020,$12.43,"145,842",$12.23,$12.63,$12.16
08/14/2020,$12.35,"122,752",$12.55,$12.85,$12.06
08/13/2020,$12.71,"278,010",$13.11,$13.11,$12.56
08/12/2020,$13.10,"182,309",$12.95,$13.27,$12.61
08/11/2020,$12.92,"196,893",$12.27,$13.22,$12.21
08/10/2020,$12.26,"144,722",$12.14,$12.48,$12.02
08/07/2020,$12.11,"111,325",$12.57,$12.67,$12.05
08/06/2020,$12.76,"125,988",$13.09,$13.2316,$12.585
08/05/2020,$13.11,"142,857",$12.92,$13.22,$12.83
08/04/2020,$12.95,"130,551",$12.69,$13.04,$12.52
08/03/2020,$12.88,"164,213",$12.93,$13.47,$12.56
07/31/2020,$12.93,"165,047",$12.59,$13.06,$12.50
07/30/2020,$12.59,"115,412",$12.48,$12.74,$12.36
07/29/2020,$12.63,"129,000",$12.25,$12.72,$12.11
07/28/2020,$12.17,"107,281",$12.78,$12.78,$12.00
07/27/2020,$12.71,"78,049",$12.81,$12.99,$12.50
07/24/2020,$12.87,"37,789",$13.02,$13.13,$12.78
07/23/2020,$13.14,"24,657",$13.35,$13.48,$13.04
07/22/2020,$13.36,"101,597",$13.65,$13.65,$13.20
07/21/2020,$13.73,"62,389",$14.10,$14.10,$13.58
07/20/2020,$13.85,"115,969",$13.70,$14.07,$13.61
07/17/2020,$13.51,"34,113",$13.29,$13.65,$13.25
07/16/2020,$13.28,"35,685",$13.27,$13.46,$13.2201
07/15/2020,$13.46,"36,602",$13.22,$13.69,$13.22
07/14/2020,$13.30,"75,565",$13.15,$13.40,$12.8997
07/13/2020,$13.33,"47,728",$13.20,$13.66,$13.15
07/10/2020,$13.32,"55,300",$13.74,$13.88,$13.21
07/09/2020,$13.72,"68,909",$13.69,$13.98,$13.52
07/08/2020,$13.64,"62,773",$13.96,$14.09,$13.60
07/07/2020,$13.85,"70,312",$14.40,$14.50,$13.80
07/06/2020,$14.40,"106,525",$13.88,$14.50,$13.86
07/02/2020,$13.57,"80,293",$13.79,$13.95,$13.53
07/01/2020,$13.65,"67,043",$13.45,$13.74,$13.34
06/30/2020,$13.48,"74,159",$13.26,$13.6399,$13.26
06/29/2020,$13.24,"96,130",$13.25,$13.30,$13.05
06/26/2020,$13.23,"71,506",$13.34,$13.50,$13.06
06/25/2020,$13.37,"75,803",$13.48,$13.80,$13.20
06/24/2020,$13.64,"66,760",$14.13,$14.13,$13.51
06/23/2020,$14.14,"60,854",$14.23,$14.2537,$14.05
06/22/2020,$14.19,"77,740",$14.48,$14.50,$13.90
06/19/2020,$14.42,"94,025",$14.36,$14.50,$14.36
06/18/2020,$14.36,"101,949",$14.35,$14.54,$14.30
06/17/2020,$14.33,"78,371",$14.02,$14.51,$14.00
06/16/2020,$14.02,"87,415",$14.27,$14.4899,$13.94
06/15/2020,$14.00,"113,635",$13.40,$14.3294,$13.40
06/12/2020,$13.42,"75,579",$13.31,$13.8184,$13.31
06/11/2020,$13.36,"104,700",$13.55,$13.82,$13.24
06/10/2020,$13.71,"89,827",$13.84,$13.925,$13.5301
06/09/2020,$13.85,"82,260",$14.15,$14.2994,$13.75
06/08/2020,$14.19,"100,143",$13.13,$14.24,$13.13
06/05/2020,$13.12,"190,853",$14.39,$14.6599,$13.10
06/04/2020,$14.02,"177,746",$14.50,$14.641,$13.53
06/03/2020,$14.60,"152,172",$13.98,$14.97,$13.78
06/02/2020,$13.88,"210,603",$14.70,$15.17,$13.52
06/01/2020,$14.45,"319,725",$13.60,$14.97,$13.31
05/29/2020,$13.27,"624,899",$12.90,$13.69,$12.21
05/28/2020,$11.73,"75,590",$12.00,$12.08,$11.65
05/27/2020,$12.02,"87,579",$11.95,$12.10,$11.85
05/26/2020,$11.78,"66,790",$11.83,$12.00,$11.68
05/22/2020,$11.54,"59,548",$11.82,$11.87,$11.36
05/21/2020,$11.92,"59,994",$11.97,$12.13,$11.88
05/20/2020,$11.98,"54,441",$12.45,$12.645,$11.90
05/19/2020,$12.38,"83,394",$12.50,$13.30,$12.37
05/18/2020,$12.43,"80,431",$13.07,$13.28,$12.27
05/15/2020,$13.07,"87,495",$12.88,$13.49,$12.86
05/14/2020,$13.14,"79,675",$12.54,$13.20,$12.2538
05/13/2020,$12.79,"58,869",$12.44,$12.85,$12.25
05/12/2020,$12.44,"89,348",$12.91,$13.07,$12.42
05/11/2020,$12.81,"65,929",$12.71,$13.00,$12.33
05/08/2020,$13.00,"130,331",$12.69,$13.50,$12.60
05/07/2020,$12.69,"59,693",$12.70,$12.70,$12.37
05/06/2020,$12.56,"55,251",$12.54,$12.70,$12.31
05/05/2020,$12.50,"70,163",$12.60,$12.66,$12.40
05/04/2020,$12.60,"105,856",$12.74,$12.93,$12.40
05/01/2020,$12.62,"63,295",$12.33,$12.70,$12.08
04/30/2020,$12.44,"99,988",$12.50,$12.70,$12.01
04/29/2020,$12.47,"90,481",$12.50,$12.77,$12.10
04/28/2020,$12.33,"60,223",$12.33,$12.57,$12.16
04/27/2020,$12.19,"49,182",$12.29,$12.60,$11.94
04/24/2020,$12.27,"53,646",$12.55,$12.58,$12.08
04/23/2020,$12.35,"87,292",$12.69,$12.87,$12.30
04/22/2020,$12.84,"98,863",$12.43,$13.00,$12.16
04/21/2020,$12.21,"85,169",$11.99,$12.50,$11.6553
04/20/2020,$12.09,"80,533",$11.70,$12.25,$11.65
04/17/2020,$11.76,"76,674",$11.15,$11.88,$11.15
04/16/2020,$11.35,"127,066",$11.06,$11.46,$10.98
04/15/2020,$11.05,"114,685",$10.98,$11.20,$10.86
04/14/2020,$10.96,"97,568",$10.61,$11.08,$10.61
04/13/2020,$10.41,"92,696",$10.60,$10.60,$10.41
04/09/2020,$10.57,"50,950",$10.45,$10.64,$10.405
04/08/2020,$10.39,"54,554",$10.59,$10.59,$10.27
04/07/2020,$10.49,"82,155",$10.93,$10.95,$10.40
04/06/2020,$10.72,"67,985",$10.65,$10.91,$10.36
04/03/2020,$10.23,"90,829",$10.79,$10.8073,$10.23
04/02/2020,$10.62,"63,530",$10.86,$11.22,$10.14
04/01/2020,$10.79,"91,567",$10.65,$11.05,$10.54
03/31/2020,$10.97,"83,997",$10.96,$11.26,$10.78
03/30/2020,$10.99,"48,336",$10.77,$11.1592,$10.4835
03/27/2020,$10.71,"84,409",$10.88,$11.05,$10.61
03/26/2020,$11.14,"62,774",$11.17,$11.3458,$10.65
03/25/2020,$11.13,"94,510",$11.24,$11.68,$11.00
03/24/2020,$11.24,"120,460",$11.16,$11.54,$10.80
03/23/2020,$10.92,"88,444",$11.13,$11.22,$10.60
03/20/2020,$11.23,"183,069",$11.50,$12.43,$11.20
03/19/2020,$11.20,"202,639",$10.50,$11.37,$10.46
03/18/2020,$10.54,"162,569",$11.21,$11.21,$9.79
03/17/2020,$11.36,"157,177",$11.25,$11.68,$11.01
03/16/2020,$11.27,"171,255",$11.15,$11.52,$10.61
03/13/2020,$11.55,"166,351",$11.60,$11.69,$11.24
03/12/2020,$11.63,"181,471",$11.81,$11.81,$11.00
03/11/2020,$12.19,"190,302",$11.93,$12.30,$11.80
03/10/2020,$12.02,"139,981",$11.90,$12.30,$11.70
03/09/2020,$11.90,"204,687",$11.80,$12.10,$11.62
03/06/2020,$12.07,"144,017",$11.91,$12.12,$11.76
03/05/2020,$11.98,"211,743",$11.66,$12.027,$11.56
03/04/2020,$11.86,"155,440",$11.65,$11.86,$11.46
03/03/2020,$11.59,"141,843",$11.43,$11.71,$11.31
03/02/2020,$11.44,"159,248",$11.54,$11.69,$11.30
02/28/2020,$11.51,"178,644",$11.51,$11.59,$11.22
02/27/2020,$11.55,"161,335",$11.67,$11.89,$11.51
02/26/2020,$11.65,"166,080",$11.91,$12.03,$11.36
02/25/2020,$11.80,"155,100",$11.75,$11.95,$11.6701
02/24/2020,$11.76,"189,420",$11.63,$11.97,$11.337
02/21/2020,$11.91,"162,720",$12.13,$12.43,$11.87
02/20/2020,$12.30,"146,291",$11.88,$12.33,$11.82
02/19/2020,$12.00,"152,439",$11.35,$12.08,$11.13
02/18/2020,$11.15,"93,511",$11.94,$11.94,$11.02
02/14/2020,$11.84,"102,801",$12.00,$12.20,$11.81
02/13/2020,$12.03,"82,047",$11.84,$12.38,$11.84
02/12/2020,$12.20,"196,290",$12.50,$12.92,$12.14
02/11/2020,$12.44,"141,667",$11.67,$12.47,$11.67
02/10/2020,$11.69,"150,165",$11.55,$11.87,$11.525
02/07/2020,$11.66,"113,595",$11.85,$11.99,$11.5335
02/06/2020,$11.91,"108,477",$11.80,$11.99,$11.70
02/05/2020,$11.77,"112,345",$12.16,$12.29,$11.61
02/04/2020,$12.14,"124,251",$11.64,$12.20,$11.57
02/03/2020,$11.54,"163,290",$11.49,$11.74,$11.48
01/31/2020,$11.50,"190,309",$11.96,$12.1215,$11.33
01/30/2020,$12.02,"143,766",$11.91,$12.178,$11.5661
01/29/2020,$12.07,"77,209",$12.15,$12.22,$12.00
01/28/2020,$12.05,"81,768",$12.14,$12.1899,$11.89
01/27/2020,$12.01,"140,886",$11.08,$12.21,$10.55
01/24/2020,$12.28,"138,876",$12.70,$12.84,$12.10
01/23/2020,$12.70,"169,854",$13.10,$13.19,$12.5313
01/22/2020,$13.21,"218,151",$13.02,$13.30,$13.00
01/21/2020,$12.90,"162,568",$13.21,$13.21,$12.57
01/17/2020,$13.60,"127,754",$13.47,$13.6818,$13.40
01/16/2020,$13.50,"114,904",$13.10,$13.50,$12.94
01/15/2020,$13.10,"131,275",$13.29,$13.29,$12.88
01/14/2020,$13.29,"55,395",$13.31,$13.47,$12.96
01/13/2020,$13.38,"100,197",$13.03,$13.50,$13.02
01/10/2020,$13.01,"78,643",$12.62,$13.10,$12.62
01/09/2020,$12.60,"259,051",$12.87,$12.99,$12.588
01/08/2020,$12.75,"98,402",$12.90,$13.00,$12.73
01/07/2020,$12.77,"138,285",$13.00,$13.11,$12.72
01/06/2020,$12.95,"158,026",$12.95,$13.2488,$12.65
01/03/2020,$12.98,"137,726",$12.77,$13.0999,$12.55
01/02/2020,$13.00,"429,304",$11.10,$13.15,$11.10
12/31/2019,$11.00,"878,157",$12.00,$12.76,$10.46
12/30/2019,$11.90,"145,593",$13.05,$13.05,$11.82
12/27/2019,$13.01,"89,578",$12.50,$13.4655,$12.49
12/26/2019,$12.48,"26,191",$11.64,$12.48,$11.61
12/24/2019,$11.59,"9,499",$11.34,$11.6065,$11.34
12/23/2019,$11.36,"18,841",$11.40,$11.60,$11.21
12/20/2019,$11.41,"30,638",$10.70,$11.49,$10.70
12/19/2019,$10.65,"64,214",$10.80,$11.1619,$10.42
12/18/2019,$10.89,"40,960",$11.02,$11.39,$10.89
12/17/2019,$11.03,"30,626",$11.08,$11.31,$10.8947
12/16/2019,$11.10,"7,332",$11.00,$11.30,$11.00
12/13/2019,$11.07,"27,661",$11.2753,$11.47,$10.9756
12/12/2019,$11.20,"26,468",$11.40,$11.40,$11.0167
12/11/2019,$11.38,"30,005",$11.40,$11.53,$11.20
12/10/2019,$11.40,"35,914",$11.50,$11.50,$11.35
12/09/2019,$11.52,"18,892",$11.66,$11.7484,$11.455
12/06/2019,$11.65,"22,216",$11.30,$11.69,$11.0541
12/05/2019,$10.94,"62,567",$11.00,$11.252,$10.82
12/04/2019,$11.08,"51,163",$11.21,$11.3672,$11.00
12/03/2019,$11.00,"50,472",$10.39,$11.44,$10.39
12/02/2019,$10.40,"23,516",$10.16,$10.60,$10.15
11/29/2019,$10.11,"118,622",$10.25,$10.39,$9.98
11/27/2019,$10.40,"62,833",$10.99,$11.0039,$10.28
11/26/2019,$10.99,"27,111",$11.15,$11.15,$10.95
11/25/2019,$11.18,"33,701",$11.10,$11.2614,$10.87
11/22/2019,$11.09,"61,236",$11.50,$11.50,$11.015
11/21/2019,$11.23,"98,979",$11.10,$11.23,$11.01
11/20/2019,$11.10,"27,372",$11.10,$11.20,$10.8328
11/19/2019,$11.31,"11,170",$11.13,$11.3215,$11.10
11/18/2019,$11.11,"28,145",$11.25,$11.37,$11.10
11/15/2019,$11.25,"19,082",$11.34,$11.425,$11.05
11/14/2019,$11.47,"114,071",$11.03,$11.67,$11.00
11/13/2019,$11.27,"21,672",$10.90,$11.285,$10.90
11/12/2019,$11.01,"4,132",$11.015,$11.21,$11.00
11/11/2019,$11.50,"13,537",$10.90,$11.50,$10.90
11/08/2019,$10.995,"14,652",$11.00,$11.125,$10.89
11/07/2019,$11.03,"7,529",$10.88,$11.11,$10.86
11/06/2019,$10.76,"19,669",$10.84,$10.90,$10.64
11/05/2019,$10.96,"5,251",$10.78,$10.96,$10.65
11/04/2019,$10.87,"8,050",$10.58,$10.965,$10.50
11/01/2019,$10.53,"29,018",$10.31,$10.88,$10.19
10/31/2019,$10.21,"12,231",$10.46,$10.46,$10.05
10/30/2019,$10.24,"6,891",$10.20,$10.42,$10.04
10/29/2019,$10.20,"13,261",$10.61,$10.61,$10.20
10/28/2019,$10.61,"11,480",$10.20,$10.61,$10.20
10/25/2019,$10.09,"14,282",$10.25,$10.25,$9.94
10/24/2019,$10.25,"22,003",$10.25,$10.29,$9.97
10/23/2019,$9.96,"16,975",$10.35,$10.36,$9.96
10/22/2019,$10.35,"5,374",$10.50,$10.50,$10.35
10/21/2019,$10.25,"9,217",$10.18,$10.50,$10.18
10/18/2019,$10.16,"18,712",$10.52,$10.52,$10.09
10/17/2019,$10.65,"20,097",$10.19,$10.70,$10.19
10/16/2019,$10.15,"45,009",$11.02,$11.02,$9.98
10/15/2019,$10.95,"12,096",$10.45,$10.95,$10.45
10/14/2019,$10.31,"1,844",$10.31,$10.58,$10.31
10/11/2019,$10.28,"37,296",$10.26,$10.65,$10.24
10/10/2019,$10.25,"69,820",$10.58,$10.58,$10.10
10/09/2019,$10.39,"9,801",$10.13,$10.47,$10.13
10/08/2019,$10.08,"9,652",$10.25,$10.43,$10.08
10/07/2019,$10.33,"2,188",$10.39,$10.55,$10.30
10/04/2019,$10.37,"18,511",$10.19,$10.68,$10.19
10/03/2019,$10.25,"47,986",$9.96,$10.25,$9.38
10/02/2019,$9.84,"22,097",$10.07,$10.33,$9.76
10/01/2019,$10.28,"47,251",$10.11,$10.28,$9.61
09/30/2019,$10.00,"49,539",$10.22,$10.26,$9.76
09/27/2019,$10.07,"43,238",$10.86,$11.13,$10.06
09/26/2019,$10.88,"34,072",$10.88,$10.97,$10.61
09/25/2019,$10.86,"32,060",$10.86,$10.98,$10.60
09/24/2019,$10.85,"58,740",$10.94,$11.15,$10.72
09/23/2019,$11.01,"33,753",$10.89,$11.11,$10.89
09/20/2019,$11.04,"23,935",$11.30,$11.40,$10.97
09/19/2019,$11.25,"38,010",$11.18,$11.46,$11.18
09/18/2019,$11.18,"41,825",$11.03,$11.35,$11.01
09/17/2019,$11.04,"42,194",$10.86,$11.11,$10.85
09/16/2019,$10.92,"93,449",$11.21,$11.28,$10.65
09/13/2019,$11.25,"61,199",$11.50,$11.54,$11.17
09/12/2019,$11.25,"40,979",$11.03,$11.47,$10.90
09/11/2019,$11.02,"34,492",$11.18,$11.20,$10.98
09/10/2019,$11.06,"35,900",$10.64,$11.16,$10.56
09/09/2019,$10.52,"66,271",$10.41,$10.66,$10.35
09/06/2019,$10.41,"51,474",$10.35,$10.62,$10.30
09/05/2019,$10.48,"61,233",$10.48,$10.6299,$10.31
09/04/2019,$10.50,"21,056",$10.43,$10.63,$10.40
09/03/2019,$10.30,"17,920",$10.40,$10.67,$10.30
08/30/2019,$10.33,"22,653",$10.50,$10.725,$10.3244
08/29/2019,$10.45,"41,009",$10.55,$10.73,$10.31
08/28/2019,$10.45,"23,407",$10.573,$10.78,$10.42
08/27/2019,$10.41,"15,458",$10.50,$10.71,$10.25
08/26/2019,$10.51,"16,165",$10.70,$10.849,$10.50
08/23/2019,$10.60,"21,792",$10.76,$10.9555,$10.51
08/22/2019,$10.9686,"21,825",$11.27,$11.66,$10.83
08/21/2019,$11.49,"22,669",$11.63,$11.74,$11.15
08/20/2019,$11.59,"20,447",$11.88,$11.88,$11.3368
08/19/2019,$11.78,"40,762",$11.33,$11.88,$11.33
08/16/2019,$10.97,"68,676",$10.76,$11.50,$10.385
08/15/2019,$10.25,"15,653",$10.1802,$10.53,$10.1802
08/14/2019,$10.18,"34,274",$10.2892,$10.39,$10.0139
08/13/2019,$10.57,"40,310",$10.53,$11.00,$10.46
08/12/2019,$10.80,"16,513",$10.66,$10.85,$10.34
08/09/2019,$10.66,"8,629",$10.63,$10.97,$10.50
08/08/2019,$10.67,"14,408",$10.52,$10.69,$10.34
08/07/2019,$10.44,"30,743",$10.33,$10.64,$10.33
08/06/2019,$10.40,"46,873",$10.69,$10.74,$10.33
08/05/2019,$10.50,"60,894",$10.65,$10.84,$10.25
08/02/2019,$10.76,"63,981",$11.46,$11.46,$10.66
08/01/2019,$11.35,"52,516",$11.35,$11.60,$11.04
07/31/2019,$11.35,"198,445",$11.54,$11.98,$11.00
07/30/2019,$11.50,"30,837",$11.81,$11.87,$11.50
07/29/2019,$11.65,"25,476",$11.75,$11.96,$11.65
07/26/2019,$11.73,"31,415",$11.72,$12.03,$11.63
07/25/2019,$11.88,"42,708",$12.23,$12.44,$11.80
07/24/2019,$12.28,"12,109",$12.15,$12.52,$12.15
07/23/2019,$12.12,"38,149",$12.39,$12.55,$12.12
07/22/2019,$12.20,"44,818",$12.29,$12.50,$12.14
07/19/2019,$12.39,"18,345",$12.15,$12.49,$12.15
07/18/2019,$12.16,"24,821",$12.15,$12.20,$12.00
07/17/2019,$12.21,"23,964",$12.34,$12.54,$12.15
07/16/2019,$12.57,"18,347",$12.66,$12.84,$12.33
07/15/2019,$12.61,"4,569",$12.65,$12.65,$12.50
07/12/2019,$12.64,"11,818",$12.45,$12.64,$12.42
07/11/2019,$12.44,"16,869",$12.27,$12.5883,$12.13
07/10/2019,$12.64,"49,291",$12.70,$12.98,$12.50
07/09/2019,$12.59,"68,321",$12.50,$12.74,$12.20
07/08/2019,$12.55,"4,696",$13.11,$13.11,$12.50
07/05/2019,$13.11,"13,451",$12.85,$13.26,$12.77
07/03/2019,$13.24,"87,396",$13.34,$13.59,$13.07
07/02/2019,$13.35,"38,544",$13.32,$13.99,$13.3007
07/01/2019,$13.35,"25,237",$13.25,$13.50,$13.03
06/28/2019,$13.00,"53,498",$12.95,$13.00,$12.22
06/27/2019,$12.82,"44,628",$12.93,$12.95,$12.52
06/26/2019,$12.88,"44,658",$12.24,$12.88,$12.24
06/25/2019,$12.13,"79,858",$12.53,$12.62,$11.83
06/24/2019,$12.54,"26,786",$12.28,$12.65,$12.28
06/21/2019,$12.53,"61,549",$12.55,$12.65,$12.275
06/20/2019,$12.61,"36,590",$12.50,$12.79,$12.20
06/19/2019,$12.31,"81,871",$12.55,$12.55,$11.94
06/18/2019,$12.51,"259,749",$12.12,$12.67,$12.08
06/17/2019,$12.16,"114,774",$11.26,$12.43,$10.915
06/14/2019,$11.28,"76,945",$11.40,$11.6096,$10.88
06/13/2019,$11.45,"17,026",$11.1656,$11.56,$11.1656
06/12/2019,$11.46,"22,659",$11.56,$11.70,$11.28
06/11/2019,$11.62,"46,830",$11.72,$11.91,$11.20
06/10/2019,$11.49,"24,576",$11.42,$11.70,$11.42
06/07/2019,$11.27,"67,536",$11.22,$11.59,$11.00
06/06/2019,$11.17,"74,830",$11.50,$11.55,$11.00
06/05/2019,$11.52,"46,958",$11.96,$11.96,$11.4028
06/04/2019,$11.98,"50,681",$11.71,$12.23,$11.46
06/03/2019,$11.74,"31,113",$11.84,$12.11,$11.36
05/31/2019,$11.80,"32,905",$11.91,$12.03,$11.55
05/30/2019,$11.96,"106,662",$12.19,$12.19,$11.72
05/29/2019,$12.19,"70,317",$12.63,$12.79,$12.00
05/28/2019,$12.79,"93,694",$13.54,$13.55,$12.30
05/24/2019,$13.46,"68,078",$13.00,$13.50,$12.705
05/23/2019,$12.75,"101,627",$13.30,$13.30,$12.51
05/22/2019,$13.30,"31,285",$13.25,$13.51,$13.11
05/21/2019,$13.36,"71,945",$13.04,$13.38,$12.81
05/20/2019,$12.93,"72,282",$13.10,$13.36,$12.76
05/17/2019,$13.30,"33,410",$13.53,$13.53,$13.10
05/16/2019,$13.75,"12,788",$13.49,$13.75,$13.31
05/15/2019,$13.27,"33,859",$13.10,$13.73,$13.10
05/14/2019,$13.12,"17,511",$13.34,$13.4344,$13.08
05/13/2019,$13.21,"54,892",$13.38,$13.70,$13.10
05/10/2019,$13.65,"11,593",$13.14,$13.735,$13.14
05/09/2019,$13.23,"109,415",$13.34,$13.58,$13.08
05/08/2019,$13.49,"53,119",$13.57,$13.79,$13.295
05/07/2019,$13.60,"68,275",$14.32,$14.32,$13.525
05/06/2019,$14.55,"95,014",$14.37,$14.72,$13.50
05/03/2019,$14.70,"41,043",$15.57,$15.57,$14.3925
05/02/2019,$15.42,"62,873",$15.60,$15.99,$15.20
05/01/2019,$15.93,"23,908",$15.57,$15.935,$15.195
04/30/2019,$15.52,"33,877",$14.97,$15.77,$14.83
04/29/2019,$14.98,"35,187",$14.91,$15.304,$14.7549
04/26/2019,$14.96,"28,836",$14.76,$15.00,$14.76
04/25/2019,$14.94,"26,877",$15.00,$15.025,$14.70
04/24/2019,$15.17,"40,737",$15.79,$15.79,$15.00
04/23/2019,$15.58,"108,032",$14.51,$15.79,$14.51
04/22/2019,$14.47,"49,254",$14.48,$14.9625,$14.23
04/18/2019,$14.82,"139,392",$14.58,$15.01,$14.47
04/17/2019,$14.58,"34,624",$14.93,$15.29,$14.2585
04/16/2019,$14.90,"65,248",$14.60,$15.25,$14.60
04/15/2019,$14.60,"95,417",$14.75,$15.79,$14.21
04/12/2019,$14.71,"85,999",$14.40,$14.79,$14.154
04/11/2019,$14.28,"15,959",$14.28,$14.42,$14.00
04/10/2019,$14.38,"30,995",$14.65,$14.84,$14.30
04/09/2019,$14.70,"48,076",$14.86,$14.96,$14.33
04/08/2019,$14.80,"32,974",$14.47,$14.89,$14.33
04/05/2019,$14.50,"36,483",$14.57,$14.895,$14.37
04/04/2019,$14.50,"25,416",$14.67,$14.77,$14.33
04/03/2019,$14.65,"52,582",$14.62,$14.90,$14.38
04/02/2019,$14.47,"25,498",$14.62,$14.62,$14.2309
04/01/2019,$14.52,"205,242",$14.00,$14.93,$13.83
03/29/2019,$13.83,"61,962",$13.16,$13.90,$13.01
03/28/2019,$13.08,"25,239",$13.02,$13.28,$12.95
03/27/2019,$13.00,"43,830",$13.03,$13.17,$12.50
03/26/2019,$13.00,"74,236",$13.23,$13.35,$12.66
03/25/2019,$13.17,"28,530",$13.47,$13.47,$12.83
03/22/2019,$13.43,"44,302",$13.42,$13.49,$13.1166
03/21/2019,$13.62,"19,347",$13.62,$13.89,$13.5217
03/20/2019,$13.66,"54,642",$13.86,$13.88,$13.50
03/19/2019,$13.84,"114,588",$13.34,$13.98,$13.2821
03/18/2019,$13.34,"257,925",$13.27,$13.55,$12.67
03/15/2019,$13.22,"168,845",$13.10,$13.39,$12.86
03/14/2019,$12.77,"234,346",$12.90,$13.40,$12.40
03/13/2019,$12.80,"26,201",$12.30,$12.95,$12.30
03/12/2019,$12.27,"55,161",$12.64,$12.84,$12.22
03/11/2019,$12.86,"65,704",$12.50,$13.18,$12.32
03/08/2019,$12.50,"84,939",$12.40,$12.69,$12.18
03/07/2019,$12.50,"147,019",$12.35,$12.74,$12.1511
03/06/2019,$12.48,"352,213",$11.97,$13.00,$11.925
03/05/2019,$11.98,"117,230",$11.59,$12.10,$11.40
03/04/2019,$11.50,"193,290",$12.08,$12.23,$11.20
03/01/2019,$12.10,"256,487",$11.76,$12.40,$11.17
02/28/2019,$11.97,"302,659",$11.72,$12.365,$11.39
02/27/2019,$11.69,"146,602",$11.87,$12.05,$11.28
02/26/2019,$11.88,"153,232",$12.24,$12.42,$11.71
02/25/2019,$12.22,"233,153",$12.22,$12.79,$12.16
02/22/2019,$11.96,"63,507",$11.92,$12.56,$11.61
02/21/2019,$11.77,"56,739",$11.82,$12.06,$11.43
02/20/2019,$11.83,"68,284",$11.60,$12.03,$11.505
02/19/2019,$11.51,"105,961",$11.00,$11.85,$10.81
02/15/2019,$11.11,"52,466",$11.44,$11.765,$11.02
02/14/2019,$11.57,"55,648",$11.805,$11.94,$11.55
02/13/2019,$11.66,"43,567",$11.17,$12.07,$11.11
02/12/2019,$11.43,"91,309",$11.90,$12.24,$11.30
02/11/2019,$11.71,"5,417",$11.43,$11.78,$11.43
02/08/2019,$11.35,"30,657",$11.38,$11.57,$11.08
02/07/2019,$11.38,"12,934",$11.40,$11.61,$11.25
02/06/2019,$11.41,"22,947",$11.98,$12.01,$11.40
02/05/2019,$11.95,"38,405",$11.73,$12.23,$11.58
02/04/2019,$11.95,"19,302",$12.1916,$12.23,$11.7616
02/01/2019,$12.01,"90,416",$11.51,$12.27,$11.51
01/31/2019,$11.41,"60,054",$11.22,$11.78,$11.035
01/30/2019,$11.29,"88,572",$11.53,$11.55,$10.7391
01/29/2019,$11.52,"73,738",$12.05,$12.05,$11.44
01/28/2019,$12.12,"7,486",$12.30,$12.37,$11.98
01/25/2019,$12.14,"16,887",$12.16,$12.42,$11.91
01/24/2019,$11.95,"20,209",$12.13,$12.30,$11.91
01/23/2019,$11.91,"91,495",$12.44,$12.66,$11.69
01/22/2019,$12.50,"90,728",$12.90,$13.12,$12.50
01/18/2019,$12.94,"59,919",$12.80,$13.00,$12.47
01/17/2019,$12.59,"17,585",$12.97,$13.00,$12.44
01/16/2019,$12.99,"23,472",$12.73,$13.00,$12.64
01/15/2019,$12.65,"22,895",$12.65,$12.76,$12.48
01/14/2019,$12.58,"80,334",$12.75,$12.95,$12.40
01/11/2019,$12.74,"60,522",$12.57,$12.89,$12.28
01/10/2019,$12.63,"20,328",$12.81,$13.11,$12.63
01/09/2019,$12.80,"116,383",$13.02,$13.64,$12.545
01/08/2019,$12.85,"51,127",$13.07,$13.16,$12.37
01/07/2019,$13.00,"56,847",$12.36,$13.25,$11.98
01/04/2019,$12.25,"64,987",$11.704,$12.50,$11.704
01/03/2019,$12.05,"30,832",$12.48,$12.60,$11.81
01/02/2019,$12.54,"79,176",$12.86,$12.86,$11.97
12/31/2018,$12.99,"27,504",$12.93,$13.25,$12.91
12/28/2018,$12.92,"45,197",$13.02,$13.26,$12.805
12/27/2018,$13.00,"24,092",$12.91,$13.27,$12.90
12/26/2018,$12.98,"88,794",$12.80,$13.28,$12.80
12/24/2018,$12.935,"8,214",$12.80,$12.99,$12.80
12/21/2018,$12.89,"30,361",$13.08,$13.18,$12.80
12/20/2018,$12.95,"78,609",$12.99,$13.23,$12.87
12/19/2018,$13.06,"74,663",$13.62,$13.62,$13.00
12/18/2018,$13.96,"48,352",$13.95,$14.30,$13.73
12/17/2018,$13.80,"19,885",$14.27,$14.45,$13.7649
12/14/2018,$14.27,"39,988",$14.16,$14.42,$14.00
12/13/2018,$14.18,"35,574",$15.17,$15.17,$14.18
12/12/2018,$14.96,"75,419",$15.07,$15.1648,$14.85
12/11/2018,$14.92,"83,742",$15.00,$15.39,$14.675
12/10/2018,$14.58,"124,949",$14.51,$14.96,$14.341
12/07/2018,$14.75,"111,270",$14.90,$15.16,$14.45
12/06/2018,$14.83,"129,405",$14.80,$15.38,$14.60
12/04/2018,$15.44,"88,902",$15.52,$15.52,$14.6001
12/03/2018,$15.51,"251,884",$14.44,$15.80,$14.44
11/30/2018,$14.00,"55,683",$13.72,$14.13,$13.71
11/29/2018,$14.12,"139,251",$13.80,$14.40,$13.80
11/28/2018,$13.82,"73,774",$12.8238,$13.93,$12.8238
11/27/2018,$12.88,"20,435",$12.54,$12.94,$12.4627
11/26/2018,$12.65,"32,775",$12.25,$12.80,$12.05
11/23/2018,$12.07,"14,904",$12.43,$12.69,$12.06
11/21/2018,$12.55,"74,888",$12.25,$13.00,$11.91
11/20/2018,$12.20,"223,485",$12.66,$12.70,$11.668
11/19/2018,$12.84,"137,068",$13.00,$13.50,$12.39
11/16/2018,$12.32,"72,566",$12.30,$12.74,$12.10
11/15/2018,$12.46,"57,847",$12.2887,$12.64,$12.2887
11/14/2018,$12.50,"46,568",$12.46,$12.62,$12.20
11/13/2018,$12.50,"36,345",$12.55,$12.55,$12.30
11/12/2018,$12.55,"81,644",$12.54,$12.60,$12.2337
11/09/2018,$12.51,"31,601",$12.64,$12.67,$12.11
11/08/2018,$12.75,"110,941",$12.86,$13.20,$12.60
11/07/2018,$12.85,"92,062",$12.13,$12.85,$11.61
11/06/2018,$12.14,"49,414",$11.56,$12.25,$11.35
11/05/2018,$11.54,"105,525",$11.30,$11.57,$11.0211
11/02/2018,$11.51,"111,319",$11.23,$11.74,$11.12
11/01/2018,$11.11,"129,252",$10.05,$11.28,$9.81
10/31/2018,$10.05,"43,764",$9.78,$10.21,$9.78
10/30/2018,$9.70,"61,013",$10.00,$10.00,$9.50
10/29/2018,$9.98,"161,569",$10.33,$10.74,$9.90
10/26/2018,$10.21,"241,598",$10.15,$10.47,$9.77
10/25/2018,$10.00,"131,552",$10.05,$10.3196,$9.81
10/24/2018,$10.02,"131,367",$11.03,$11.10,$10.01
10/23/2018,$11.16,"218,382",$11.81,$11.88,$11.00
10/22/2018,$12.00,"53,165",$12.72,$12.90,$11.80
10/19/2018,$12.57,"82,813",$12.30,$12.66,$11.90
10/18/2018,$12.30,"74,392",$12.23,$12.61,$12.00
10/17/2018,$12.23,"48,003",$12.17,$12.47,$12.05
10/16/2018,$12.40,"51,284",$11.90,$12.44,$11.6727
10/15/2018,$11.76,"31,057",$11.68,$11.97,$11.48
10/12/2018,$11.74,"114,994",$11.80,$12.15,$11.68
10/11/2018,$11.65,"91,988",$11.69,$11.99,$11.37
10/10/2018,$11.71,"206,553",$11.10,$11.90,$10.97
10/09/2018,$11.10,"203,309",$11.43,$11.47,$10.80
10/08/2018,$11.49,"33,881",$12.00,$12.00,$11.285
10/05/2018,$12.00,"55,964",$12.43,$12.61,$12.00
10/04/2018,$12.55,"45,287",$12.65,$12.80,$12.37
10/03/2018,$12.70,"69,568",$12.75,$12.87,$12.65
10/02/2018,$12.65,"115,863",$12.93,$13.03,$12.42
10/01/2018,$13.03,"101,301",$12.73,$13.18,$12.64
09/28/2018,$12.70,"109,921",$12.93,$13.07,$12.49
09/27/2018,$12.95,"49,286",$12.90,$13.06,$12.78
09/26/2018,$12.89,"67,175",$12.88,$13.23,$12.68
09/25/2018,$13.00,"75,284",$13.18,$13.275,$12.62
09/24/2018,$13.21,"137,814",$12.69,$13.37,$12.35
09/21/2018,$13.01,"142,035",$13.36,$13.66,$12.84
09/20/2018,$13.50,"93,249",$12.89,$13.50,$12.59
09/19/2018,$12.86,"386,104",$12.03,$13.245,$11.73
09/18/2018,$11.60,"118,673",$12.15,$12.48,$11.60
09/17/2018,$12.30,"262,412",$11.08,$12.745,$11.06
09/14/2018,$11.09,"648,420",$10.46,$11.1599,$10.46
09/13/2018,$10.50,"375,740",$10.51,$10.82,$10.35
09/12/2018,$10.50,"255,767",$10.47,$10.70,$10.39
09/11/2018,$10.55,"107,841",$10.78,$10.79,$10.27
09/10/2018,$10.74,"244,133",$11.50,$11.50,$10.69
09/07/2018,$11.30,"63,997",$11.01,$11.3999,$11.00
09/06/2018,$11.28,"162,827",$11.47,$11.55,$10.84
09/05/2018,$11.13,"159,715",$11.42,$11.42,$11.00
09/04/2018,$11.45,"122,881",$11.86,$11.96,$11.34
08/31/2018,$12.00,"120,921",$12.19,$12.38,$11.65
08/30/2018,$12.38,"153,532",$12.30,$12.599,$12.11
08/29/2018,$12.28,"210,426",$12.30,$12.38,$12.07
08/28/2018,$12.09,"203,257",$12.75,$12.75,$11.90
08/27/2018,$12.78,"113,047",$13.25,$13.33,$12.68
08/24/2018,$12.99,"390,297",$13.75,$13.86,$12.50
08/23/2018,$13.74,"308,399",$14.22,$14.695,$13.50
08/22/2018,$14.15,"244,370",$14.15,$14.71,$14.00
08/21/2018,$14.12,"68,193",$14.281,$14.41,$14.03
08/20/2018,$14.09,"97,087",$14.66,$14.75,$14.00
08/17/2018,$14.57,"18,064",$14.58,$14.66,$14.03
08/16/2018,$14.65,"63,546",$14.06,$15.05,$14.06
08/15/2018,$14.13,"300,311",$15.75,$15.7955,$14.00
08/14/2018,$15.97,"45,086",$15.82,$16.09,$15.53
08/13/2018,$15.84,"34,570",$15.94,$15.98,$15.425
08/10/2018,$15.70,"117,941",$16.24,$16.24,$15.28
08/09/2018,$16.14,"18,279",$15.09,$16.40,$15.065
08/08/2018,$15.16,"65,505",$15.28,$16.19,$14.81
08/07/2018,$15.01,"55,096",$14.68,$15.50,$14.40
08/06/2018,$14.64,"149,422",$14.78,$14.985,$14.18
08/03/2018,$15.00,"24,208",$14.98,$15.09,$14.645
08/02/2018,$15.00,"264,215",$16.35,$16.35,$14.30
08/01/2018,$16.66,"21,961",$16.73,$16.85,$16.25
07/31/2018,$16.80,"27,659",$16.74,$16.85,$16.10
07/30/2018,$16.17,"51,107",$16.53,$16.53,$15.55
07/27/2018,$16.59,"48,914",$16.86,$16.98,$16.13
07/26/2018,$16.80,"24,586",$16.83,$17.00,$16.5394
07/25/2018,$16.69,"25,397",$16.39,$16.84,$16.39
07/24/2018,$16.39,"60,148",$17.35,$17.382,$16.28
07/23/2018,$17.38,"23,093",$17.60,$17.60,$17.25
07/20/2018,$17.49,"31,005",$17.26,$17.91,$17.26
07/19/2018,$17.22,"54,593",$17.15,$17.74,$17.1292
07/18/2018,$17.14,"24,171",$17.29,$17.41,$17.02
07/17/2018,$17.36,"53,420",$17.82,$17.91,$17.26
07/16/2018,$18.00,"54,819",$18.42,$18.89,$17.54
07/13/2018,$18.06,"23,995",$17.90,$18.13,$17.78
07/12/2018,$17.97,"138,718",$17.82,$18.81,$17.715
07/11/2018,$17.81,"103,134",$18.19,$18.33,$17.26
07/10/2018,$18.42,"41,932",$18.76,$18.77,$18.10
07/09/2018,$18.78,"80,425",$18.37,$19.26,$17.93
07/06/2018,$18.29,"59,751",$16.81,$18.52,$16.81
07/05/2018,$17.07,"148,109",$17.91,$18.07,$16.53
07/03/2018,$17.89,"84,000",$18.05,$18.39,$17.82
07/02/2018,$18.35,"49,936",$18.00,$18.45,$17.32
06/29/2018,$18.09,"70,030",$17.78,$19.05,$17.78
06/28/2018,$18.10,"129,091",$17.69,$18.68,$17.055
06/27/2018,$18.08,"88,583",$20.01,$20.01,$18.05
06/26/2018,$19.98,"78,146",$18.50,$20.28,$18.29
06/25/2018,$18.40,"96,435",$18.67,$18.78,$18.19
06/22/2018,$18.82,"102,135",$20.10,$20.26,$18.69
06/21/2018,$20.30,"134,136",$21.25,$21.412,$19.36
06/20/2018,$21.19,"173,888",$20.80,$21.36,$20.511
06/19/2018,$20.48,"210,481",$19.92,$20.67,$18.50
06/18/2018,$20.10,"398,167",$18.02,$20.43,$18.00
06/15/2018,$18.02,"557,861",$21.75,$21.75,$17.77
06/14/2018,$21.81,"197,142",$21.44,$22.4776,$21.44
06/13/2018,$21.60,"304,182",$24.21,$24.307,$20.56
06/12/2018,$24.31,"262,050",$23.62,$25.10,$23.56
06/11/2018,$23.74,"252,464",$22.50,$24.39,$22.50
06/08/2018,$22.57,"103,073",$21.88,$22.73,$21.8553
06/07/2018,$22.00,"361,392",$22.16,$23.29,$21.79
06/06/2018,$22.20,"337,915",$20.85,$22.89,$20.56
06/05/2018,$20.89,"313,332",$20.69,$21.9064,$20.06
06/04/2018,$20.77,"402,227",$21.09,$21.09,$18.77
06/01/2018,$20.83,"807,836",$19.30,$21.16,$18.75
05/31/2018,$18.72,"617,298",$18.00,$19.13,$17.81
05/30/2018,$18.02,"308,692",$17.04,$18.24,$16.94
05/29/2018,$17.03,"282,514",$17.06,$17.09,$16.64
05/25/2018,$17.03,"99,653",$16.71,$17.09,$16.6101
05/24/2018,$16.74,"312,013",$16.88,$17.30,$16.57
05/23/2018,$17.00,"215,420",$17.19,$17.30,$16.88
05/22/2018,$17.25,"206,066",$17.35,$17.80,$17.011
05/21/2018,$17.11,"372,748",$16.40,$17.87,$16.40
05/18/2018,$16.33,"338,242",$15.74,$16.50,$15.675
05/17/2018,$15.48,"1,034,745",$14.65,$15.80,$14.39
05/16/2018,$14.37,"398,496",$13.46,$14.69,$13.2348
05/15/2018,$13.54,"166,938",$13.255,$13.70,$13.255
05/14/2018,$13.23,"215,287",$13.45,$13.60,$13.065
05/11/2018,$13.49,"67,614",$13.04,$13.65,$13.00
05/10/2018,$13.01,"96,890",$13.31,$13.45,$12.72
05/09/2018,$13.25,"149,067",$12.37,$13.25,$12.06
05/08/2018,$12.11,"243,127",$11.89,$12.22,$11.855
05/07/2018,$11.86,"132,414",$11.65,$11.93,$11.44
05/04/2018,$11.52,"126,591",$11.03,$11.67,$11.00
05/03/2018,$11.01,"122,184",$11.05,$11.17,$11.00
05/02/2018,$11.05,"45,464",$11.24,$11.25,$11.0109
05/01/2018,$11.45,"22,348",$11.08,$11.45,$11.08
04/30/2018,$11.00,"186,614",$11.45,$11.45,$10.95
04/27/2018,$11.45,"11,461",$11.123,$11.50,$11.061
04/26/2018,$11.32,"450,790",$12.01,$12.18,$10.96
04/25/2018,$12.10,"56,210",$11.40,$12.10,$11.22
04/24/2018,$11.48,"279,524",$10.99,$11.60,$10.95
04/23/2018,$10.91,"263,143",$10.82,$11.5563,$10.82
04/20/2018,$10.81,"103,331",$11.91,$11.91,$10.80
04/19/2018,$11.91,"38,112",$11.91,$12.09,$11.87
04/18/2018,$11.97,"51,498",$12.33,$12.45,$11.65
04/17/2018,$12.32,"86,677",$10.88,$12.45,$10.88
04/16/2018,$10.98,"125,524",$10.93,$11.85,$10.835
04/13/2018,$11.02,"329,707",$11.23,$11.28,$10.75
04/12/2018,$11.39,"168,315",$11.90,$11.94,$11.25
04/11/2018,$11.97,"180,339",$11.91,$12.16,$11.73
04/10/2018,$12.01,"190,576",$12.48,$12.48,$11.88
04/09/2018,$12.28,"215,452",$12.68,$12.68,$11.82
04/06/2018,$12.68,"150,990",$12.49,$12.71,$12.26
04/05/2018,$12.57,"248,243",$12.90,$13.05,$12.50
04/04/2018,$12.90,"154,526",$12.84,$13.00,$12.68
04/03/2018,$12.95,"139,482",$12.90,$13.00,$12.76
04/02/2018,$12.91,"102,787",$12.72,$12.97,$12.50
03/29/2018,$12.75,"695,335",$13.04,$13.10,$12.28
03/28/2018,$13.03,"694,176",$12.90,$13.22,$12.52
03/27/2018,$13.00,"4,113,830",$14.40,$14.70,$12.78
