Date,Close,Volume,Open,High,Low
03/01/2024,$0.1006,"6,396,717",$0.1029,$0.106,$0.0955
02/29/2024,$0.107,"10,839,600",$0.1099,$0.1119,$0.1005
02/28/2024,$0.1013,"3,837,171",$0.10,$0.1049,$0.0951
02/27/2024,$0.0999,"6,768,300",$0.099,$0.1025,$0.0906
02/26/2024,$0.103,"34,467,220",$0.0946,$0.118,$0.094
02/23/2024,$0.0912,"4,094,398",$0.0941,$0.0941,$0.0861
02/22/2024,$0.0958,"7,907,633",$0.0917,$0.0975,$0.0861
02/21/2024,$0.0937,"29,511,220",$0.1025,$0.1025,$0.089
02/20/2024,$0.098,"83,907,030",$0.1262,$0.1347,$0.098
02/16/2024,$0.098,"8,620,817",$0.1089,$0.1096,$0.0913
02/15/2024,$0.1071,"4,626,474",$0.108,$0.1149,$0.1071
02/14/2024,$0.1095,"4,441,441",$0.112,$0.115,$0.108
02/13/2024,$0.1141,"6,325,050",$0.1175,$0.1175,$0.11
02/12/2024,$0.118,"18,025,520",$0.138,$0.1388,$0.1145
02/09/2024,$0.1245,"3,155,542",$0.1201,$0.129,$0.1186
02/08/2024,$0.122,"2,775,339",$0.1167,$0.125,$0.1135
02/07/2024,$0.1144,"3,350,254",$0.1248,$0.125,$0.113
02/06/2024,$0.1236,"3,289,860",$0.1211,$0.1303,$0.1185
02/05/2024,$0.1209,"2,451,044",$0.1243,$0.1274,$0.1171
02/02/2024,$0.1249,"2,487,594",$0.1262,$0.1288,$0.1221
02/01/2024,$0.129,"5,440,964",$0.134,$0.1357,$0.122
01/31/2024,$0.1448,"25,185,530",$0.1228,$0.1685,$0.1208
01/30/2024,$0.1234,"2,072,268",$0.124,$0.125,$0.1211
01/29/2024,$0.128,"2,353,588",$0.1278,$0.1321,$0.1233
01/26/2024,$0.1333,"7,736,040",$0.1298,$0.1405,$0.1202
01/25/2024,$0.1221,"7,275,371",$0.1141,$0.1289,$0.111
01/24/2024,$0.12,"2,992,945",$0.1226,$0.1253,$0.115
01/23/2024,$0.1231,"2,174,217",$0.1256,$0.1264,$0.1209
01/22/2024,$0.1279,"2,926,151",$0.127,$0.134,$0.124
01/19/2024,$0.1371,"5,190,316",$0.135,$0.14,$0.1282
01/18/2024,$0.1455,"8,021,842",$0.149,$0.15,$0.135
01/17/2024,$0.158,"47,384,470",$0.1406,$0.17,$0.1285
01/16/2024,$0.1269,"4,336,702",$0.1399,$0.1409,$0.1225
01/12/2024,$0.1399,"3,052,606",$0.1431,$0.1457,$0.1375
01/11/2024,$0.1412,"3,088,128",$0.1448,$0.1461,$0.1365
01/10/2024,$0.1469,"4,910,878",$0.1407,$0.15,$0.132
01/09/2024,$0.1391,"2,860,971",$0.1441,$0.1449,$0.1381
01/08/2024,$0.145,"4,522,194",$0.1457,$0.1514,$0.1402
01/05/2024,$0.1567,"8,227,536",$0.1466,$0.1639,$0.1386
01/04/2024,$0.1601,"44,778,090",$0.157,$0.179,$0.1502
01/03/2024,$0.1407,"8,816,313",$0.156,$0.1574,$0.137
01/02/2024,$0.1589,"14,266,560",$0.1626,$0.1735,$0.151
12/29/2023,$0.1696,"123,840,700",$0.289,$0.2948,$0.1653
12/28/2023,$0.193,"2,492,816",$0.19,$0.197,$0.176
12/27/2023,$0.18,"2,020,720",$0.1795,$0.197,$0.1746
12/26/2023,$0.1731,"571,905",$0.173,$0.1826,$0.1711
12/22/2023,$0.1761,"1,823,164",$0.181,$0.1939,$0.169
12/21/2023,$0.1839,"661,183",$0.1799,$0.19,$0.165
12/20/2023,$0.1815,"1,323,934",$0.19,$0.19,$0.16
12/19/2023,$0.1836,"1,104,033",$0.2076,$0.2081,$0.1811
12/18/2023,$0.2081,"639,594",$0.1966,$0.222,$0.19
12/15/2023,$0.198,"578,739",$0.20,$0.20,$0.183
12/14/2023,$0.20,"484,785",$0.1833,$0.2009,$0.175
12/13/2023,$0.188,"391,397",$0.1814,$0.188,$0.1687
12/12/2023,$0.187,"1,067,811",$0.1903,$0.2028,$0.165
12/11/2023,$0.1962,"1,565,113",$0.2101,$0.2118,$0.1819
12/08/2023,$0.2134,"1,501,265",$0.24,$0.24,$0.21
12/07/2023,$0.2599,"8,368,347",$0.3086,$0.329,$0.2111
12/06/2023,$0.279,"587,376",$0.29,$0.298,$0.2707
12/05/2023,$0.285,"1,324,801",$0.34,$0.34,$0.2701
12/04/2023,$0.319,"397,796",$0.3194,$0.3194,$0.3061
12/01/2023,$0.325,"769,526",$0.328,$0.3375,$0.306
11/30/2023,$0.3381,"1,538,274",$0.375,$0.38,$0.331
11/29/2023,$0.395,"5,601,452",$0.3799,$0.4961,$0.335
11/28/2023,$0.3753,"445,322",$0.3656,$0.3753,$0.315
11/27/2023,$0.3417,"269,145",$0.3521,$0.3591,$0.33
11/24/2023,$0.3504,"64,766",$0.37,$0.37,$0.3501
11/22/2023,$0.3381,"217,291",$0.3507,$0.36,$0.332
11/21/2023,$0.34,"255,581",$0.3663,$0.375,$0.338
11/20/2023,$0.3651,"671,083",$0.373,$0.3904,$0.3505
11/17/2023,$0.3659,"1,526,503",$0.3263,$0.385,$0.316
11/16/2023,$0.333,"630,764",$0.337,$0.3428,$0.3151
11/15/2023,$0.3514,"5,542,606",$0.4061,$0.4061,$0.32
11/14/2023,$0.3619,"543,240",$0.35,$0.3699,$0.34
11/13/2023,$0.3675,"946,263",$0.3682,$0.38,$0.3285
11/10/2023,$0.383,"7,412,506",$0.4127,$0.678,$0.33
11/09/2023,$0.3949,"149,804",$0.4036,$0.43,$0.3902
11/08/2023,$0.417,"171,489",$0.43,$0.4301,$0.40
11/07/2023,$0.43,"268,089",$0.44,$0.4493,$0.395
11/06/2023,$0.43,"676,037",$0.448,$0.4585,$0.3811
11/03/2023,$0.44,"985,226",$0.4317,$0.49,$0.4131
11/02/2023,$0.4111,"1,281,870",$0.508,$0.525,$0.3809
11/01/2023,$0.50,"2,162,766",$0.7105,$0.749,$0.4802
10/31/2023,$0.764,"2,472,832",$0.99,$1.11,$0.73
10/30/2023,$3.76,"34,127",$3.93,$4.00,$3.6678
10/27/2023,$4.14,"17,177",$4.20,$4.39,$4.10
10/26/2023,$4.11,"57,117",$3.83,$4.48,$3.83
10/25/2023,$3.91,"32,608",$4.316,$4.39,$3.88
10/24/2023,$4.33,"10,249",$4.43,$4.43,$4.18
10/23/2023,$4.23,"20,946",$4.15,$4.4122,$3.93
10/20/2023,$4.01,"32,924",$4.16,$4.46,$3.88
10/19/2023,$4.29,"25,385",$4.25,$4.5861,$4.2188
10/18/2023,$4.07,"29,603",$3.81,$4.19,$3.73
10/17/2023,$3.72,"14,478",$3.75,$3.90,$3.63
10/16/2023,$3.63,"25,170",$3.33,$3.7994,$3.33
10/13/2023,$3.43,"26,511",$3.82,$3.82,$3.38
10/12/2023,$3.61,"56,668",$3.54,$3.6799,$3.35
10/11/2023,$3.297,"64,649",$3.0534,$3.5599,$3.0534
10/10/2023,$3.03,"46,008",$3.50,$3.51,$3.00
10/09/2023,$3.58,"4,974",$3.59,$3.59,$3.41
10/06/2023,$3.55,"25,172",$3.6925,$3.71,$3.3301
10/05/2023,$3.61,"15,505",$3.61,$3.7956,$3.60
10/04/2023,$3.91,"13,279",$3.8909,$4.2599,$3.7129
10/03/2023,$3.87,"3,800",$4.10,$4.21,$3.87
10/02/2023,$3.875,"9,700",$4.25,$4.25,$3.75
09/29/2023,$4.04,"7,290",$4.00,$4.18,$4.00
09/28/2023,$3.98,"8,044",$4.11,$4.1765,$3.9401
09/27/2023,$4.20,"5,286",$4.20,$4.20,$4.1001
09/26/2023,$4.08,"18,776",$4.14,$4.33,$3.9528
09/25/2023,$4.24,"13,402",$4.18,$4.3704,$4.01
09/22/2023,$4.36,"13,227",$4.48,$4.48,$4.17
09/21/2023,$4.36,"35,920",$4.25,$4.44,$4.10
09/20/2023,$4.37,"22,259",$3.93,$4.38,$3.93
09/19/2023,$4.01,"13,191",$3.80,$4.16,$3.80
09/18/2023,$3.68,"15,511",$4.05,$4.1581,$3.68
09/15/2023,$4.16,"12,475",$4.315,$4.4299,$4.015
09/14/2023,$4.10,"4,050",$4.165,$4.39,$4.05
09/13/2023,$4.09,"4,179",$4.21,$4.30,$3.9941
09/12/2023,$4.22,"3,662",$4.12,$4.62,$4.12
09/11/2023,$4.01,"29,720",$4.50,$4.92,$3.96
09/08/2023,$4.47,"3,076",$4.585,$4.60,$4.32
09/07/2023,$4.41,"5,422",$4.36,$4.575,$4.23
09/06/2023,$4.37,"4,466",$4.36,$4.76,$4.36
09/05/2023,$4.39,"10,641",$4.47,$4.575,$4.36
09/01/2023,$4.43,"10,668",$4.74,$4.81,$4.41
08/31/2023,$4.55,"6,591",$4.78,$4.78,$4.5327
08/30/2023,$4.655,"18,762",$4.94,$4.99,$4.611
08/29/2023,$4.92,"48,974",$4.24,$5.00,$4.15
08/28/2023,$4.15,"48,656",$4.00,$4.50,$3.98
08/25/2023,$3.82,"16,060",$3.42,$3.9899,$3.42
08/24/2023,$3.62,"6,463",$3.64,$3.68,$3.3316
08/23/2023,$3.64,"4,373",$3.72,$3.72,$3.55
08/22/2023,$3.755,"4,605",$3.76,$3.85,$3.60
08/21/2023,$3.76,"3,958",$3.56,$3.9099,$3.56
08/18/2023,$3.53,"14,981",$3.43,$3.68,$3.2304
08/17/2023,$3.44,"2,593",$3.32,$3.44,$3.30
08/16/2023,$3.32,"14,928",$3.28,$3.55,$3.20
08/15/2023,$3.30,"5,938",$3.43,$3.4986,$3.29
08/14/2023,$3.41,"11,722",$3.51,$3.7447,$3.4077
08/11/2023,$3.56,"13,468",$3.71,$3.7299,$3.56
08/10/2023,$3.83,"15,874",$4.00,$4.07,$3.80
08/09/2023,$4.10,"8,352",$4.05,$4.22,$4.0006
08/08/2023,$4.15,"15,876",$4.01,$4.17,$4.00
08/07/2023,$4.02,"27,034",$4.01,$4.42,$4.01
08/04/2023,$4.07,"38,153",$4.09,$4.49,$4.06
08/03/2023,$4.08,"11,996",$4.25,$4.25,$4.0106
08/02/2023,$4.18,"9,947",$4.30,$4.32,$4.1479
08/01/2023,$4.20,"23,734",$4.39,$4.57,$4.20
07/31/2023,$4.45,"29,971",$4.42,$4.58,$4.3212
07/28/2023,$4.35,"19,701",$4.40,$4.6899,$4.32
07/27/2023,$4.49,"34,754",$4.70,$4.75,$4.33
07/26/2023,$4.64,"14,246",$4.61,$4.6553,$4.50
07/25/2023,$4.61,"11,750",$4.54,$4.61,$4.3101
07/24/2023,$4.33,"18,061",$4.41,$4.63,$4.33
07/21/2023,$4.47,"11,055",$4.60,$4.66,$4.37
07/20/2023,$4.52,"13,746",$4.46,$4.60,$4.46
07/19/2023,$4.63,"17,927",$4.60,$4.7999,$4.4752
07/18/2023,$4.48,"18,024",$4.28,$4.62,$4.21
07/17/2023,$4.26,"20,113",$4.60,$4.60,$4.17
07/14/2023,$4.64,"50,388",$4.97,$4.97,$4.64
07/13/2023,$4.60,"48,928",$5.05,$5.10,$4.555
07/12/2023,$4.96,"26,651",$4.90,$5.10,$4.8449
07/11/2023,$4.83,"9,616",$4.79,$4.99,$4.6479
07/10/2023,$4.6646,"36,831",$4.84,$5.1099,$4.56
07/07/2023,$5.00,"64,818",$5.15,$5.20,$4.84
07/06/2023,$5.21,"251,297",$4.23,$5.60,$4.20
07/05/2023,$4.33,"94,313",$4.18,$4.46,$4.05
07/03/2023,$4.13,"105,187",$3.73,$4.19,$3.7201
06/30/2023,$4.03,"573,282",$3.90,$4.1125,$3.30
06/29/2023,$4.21,"7,662,911",$3.38,$5.00,$3.07
06/28/2023,$2.9901,"545,108",$3.00,$3.06,$2.95
06/27/2023,$2.99,"13,870",$3.23,$3.23,$2.93
06/26/2023,$3.08,"6,400",$3.3138,$3.3138,$3.07
06/23/2023,$3.16,"13,107",$3.17,$3.3627,$3.16
06/22/2023,$3.3187,"8,033",$3.33,$3.4599,$3.13
06/21/2023,$3.34,"26,759",$3.30,$3.63,$3.29
06/20/2023,$3.4402,"30,606",$3.67,$3.67,$3.232
06/16/2023,$3.59,"3,937",$3.81,$3.81,$3.5328
06/15/2023,$3.75,"9,591",$3.83,$3.83,$3.6101
06/14/2023,$3.77,"15,863",$3.49,$3.81,$3.43
06/13/2023,$3.45,"17,998",$3.40,$3.50,$3.3111
06/12/2023,$3.40,"7,941",$3.27,$3.40,$3.13
06/09/2023,$3.34,"5,352",$3.31,$3.48,$3.31
06/08/2023,$3.38,"15,705",$3.272,$3.55,$3.2322
06/07/2023,$3.26,"28,408",$3.2096,$3.4226,$3.16
06/06/2023,$3.20,"6,220",$3.20,$3.25,$3.0003
06/05/2023,$3.17,"17,524",$3.36,$3.36,$3.12
06/02/2023,$3.47,"107,616",$3.1577,$3.98,$3.142
06/01/2023,$3.1041,"6,220",$3.00,$3.15,$3.00
05/31/2023,$3.21,"9,543",$3.10,$3.259,$3.0144
05/30/2023,$3.07,"6,264",$3.041,$3.20,$3.04
05/26/2023,$3.03,"18,305",$2.996,$3.18,$2.94
05/25/2023,$2.97,"6,955",$3.11,$3.15,$2.96
05/24/2023,$3.06,"24,305",$3.27,$3.27,$3.025
05/23/2023,$3.16,"113,060",$3.048,$3.4637,$2.84
05/22/2023,$3.05,"11,019",$2.9499,$3.0638,$2.90
05/19/2023,$2.8837,"17,940",$3.027,$3.0777,$2.83
05/18/2023,$2.975,"4,659",$2.93,$3.08,$2.89
05/17/2023,$2.91,"11,392",$2.92,$2.9602,$2.85
05/16/2023,$2.90,"13,939",$2.96,$3.18,$2.90
05/15/2023,$3.00,"7,481",$3.00,$3.155,$3.00
05/12/2023,$3.06,"7,203",$3.30,$3.30,$3.00
05/11/2023,$3.18,"25,042",$3.40,$3.40,$3.00
05/10/2023,$3.41,"14,024",$3.23,$3.52,$3.23
05/09/2023,$3.285,"18,258",$3.20,$3.54,$3.20
05/08/2023,$3.20,"21,962",$3.38,$3.4697,$3.15
05/05/2023,$3.37,"146,354",$4.01,$4.5799,$3.29
05/04/2023,$4.1014,"140,235",$3.81,$4.32,$3.62
05/03/2023,$4.36,"835,396",$2.8154,$5.98,$2.8154
05/02/2023,$2.96,"2,426",$2.9172,$2.9899,$2.885
05/01/2023,$2.89,"7,499",$2.80,$3.00,$2.80
04/28/2023,$2.77,"9,365",$2.77,$2.98,$2.75
04/27/2023,$2.8397,"10,263",$2.85,$2.99,$2.8397
04/26/2023,$2.80,"13,777",$2.95,$2.95,$2.80
04/25/2023,$2.96,"14,186",$3.05,$3.0532,$2.91
04/24/2023,$3.20,"4,926",$3.2726,$3.3199,$3.20
04/21/2023,$3.25,"10,754",$3.30,$3.4592,$3.18
04/20/2023,$3.2954,"6,768",$3.239,$3.36,$3.239
04/19/2023,$3.225,"45,323",$3.26,$3.34,$2.91
04/18/2023,$3.43,"30,363",$3.52,$3.662,$3.25
04/17/2023,$3.3899,"96,284",$2.98,$3.43,$2.86
04/14/2023,$2.839,"15,509",$2.87,$2.92,$2.70
04/13/2023,$2.87,"14,322",$2.98,$2.98,$2.85
04/12/2023,$2.85,"5,616",$3.08,$3.08,$2.85
04/11/2023,$2.91,"42,362",$3.08,$3.08,$2.91
04/10/2023,$3.08,"7,143",$3.20,$3.25,$3.06
04/06/2023,$3.23,"31,339",$3.51,$3.5609,$3.0248
04/05/2023,$3.51,"6,169",$3.745,$3.745,$3.51
04/04/2023,$3.6099,"6,554",$3.8659,$3.87,$3.5113
04/03/2023,$3.92,"2,827",$3.71,$3.92,$3.6827
03/31/2023,$3.529,"6,404",$3.51,$3.6699,$3.51
03/30/2023,$3.55,"4,667",$3.835,$3.835,$3.52
03/29/2023,$3.64,"4,908",$3.74,$3.74,$3.5401
03/28/2023,$3.63,"48,271",$3.5289,$3.97,$3.5289
03/27/2023,$3.6134,"5,883",$3.7579,$3.7599,$3.60
03/24/2023,$3.68,"2,357",$3.599,$3.68,$3.5258
03/23/2023,$3.58,"5,752",$3.70,$3.84,$3.52
03/22/2023,$3.7007,"6,231",$3.88,$4.07,$3.7001
03/21/2023,$3.95,"14,099",$3.6728,$3.95,$3.6719
03/20/2023,$3.64,"43,119",$3.73,$3.785,$3.58
03/17/2023,$3.85,"76,437",$4.40,$4.41,$3.66
03/16/2023,$4.41,"218,277",$3.33,$4.66,$3.30
03/15/2023,$3.29,"50,787",$2.82,$3.4299,$2.82
03/14/2023,$2.81,"44,837",$3.10,$3.3055,$2.81
03/13/2023,$3.10,"10,522",$2.98,$3.18,$2.90
03/10/2023,$2.98,"68,254",$3.465,$3.465,$2.80
03/09/2023,$3.41,"30,537",$3.80,$3.80,$3.41
03/08/2023,$3.73,"23,504",$3.65,$3.96,$3.60
03/07/2023,$3.85,"131,370",$4.60,$4.825,$3.62
03/06/2023,$4.635,"4,532",$4.77,$4.77,$4.60
03/03/2023,$4.72,"85,325",$4.90,$5.09,$4.61
03/02/2023,$5.02,"5,180",$4.95,$5.05,$4.7601
03/01/2023,$4.90,"11,836",$5.10,$5.10,$4.89
02/28/2023,$4.99,"3,385",$4.825,$4.995,$4.74
02/27/2023,$4.95,"7,121",$5.05,$5.05,$4.7911
02/24/2023,$5.04,"3,172",$4.85,$5.06,$4.85
02/23/2023,$4.85,"17,563",$5.053,$5.10,$4.83
02/22/2023,$5.17,"14,368",$5.60,$5.60,$5.02
02/21/2023,$5.67,"8,294",$5.9348,$5.9348,$5.3601
02/17/2023,$5.88,"4,702",$5.8598,$5.94,$5.8299
02/16/2023,$6.04,"9,003",$5.88,$6.04,$5.65
02/15/2023,$6.05,"6,299",$6.16,$6.3499,$6.00
02/14/2023,$6.16,"13,647",$6.01,$6.35,$6.01
02/13/2023,$6.10,"5,857",$6.2469,$6.2469,$6.10
02/10/2023,$6.32,"5,585",$6.25,$6.57,$6.215
02/09/2023,$6.35,"7,695",$6.27,$6.62,$6.0001
02/08/2023,$6.43,"17,123",$6.56,$6.94,$6.20
02/07/2023,$6.68,"10,360",$7.04,$7.04,$6.5349
02/06/2023,$7.05,"29,480",$6.92,$7.10,$6.60
02/03/2023,$6.84,"10,548",$7.21,$7.25,$6.6989
02/02/2023,$6.99,"13,529",$6.65,$7.2202,$6.55
02/01/2023,$6.56,"5,705",$6.45,$6.7586,$6.42
01/31/2023,$6.30,"40,829",$5.91,$6.735,$5.91
01/30/2023,$6.035,"21,607",$6.40,$6.40,$5.9895
01/27/2023,$6.56,"58,194",$6.70,$7.65,$6.2713
01/26/2023,$6.90,"62,451",$5.84,$6.91,$5.64
01/25/2023,$5.74,"12,590",$5.60,$5.89,$5.59
01/24/2023,$5.80,"15,849",$6.03,$6.1827,$5.71
01/23/2023,$6.06,"34,082",$6.49,$6.49,$5.93
01/20/2023,$6.34,"40,010",$6.40,$6.89,$6.33
01/19/2023,$6.43,"8,892",$6.32,$6.47,$5.9901
01/18/2023,$6.50,"42,340",$7.18,$7.19,$6.40
01/17/2023,$7.20,"51,373",$6.98,$7.60,$6.74
01/13/2023,$7.11,"3,580",$7.06,$7.35,$7.06
01/12/2023,$7.30,"40,262",$7.85,$7.90,$7.04
01/11/2023,$7.87,"29,376",$7.81,$7.90,$7.51
01/10/2023,$7.95,"7,887",$7.37,$7.98,$7.37
01/09/2023,$7.59,"89,211",$7.59,$8.18,$7.3274
01/06/2023,$7.82,"12,102",$8.01,$8.4777,$7.6566
01/05/2023,$8.14,"125,349",$8.24,$8.70,$7.5245
01/04/2023,$8.38,"36,727",$8.51,$8.66,$8.0257
01/03/2023,$8.43,"83,976",$7.23,$9.00,$7.10
12/30/2022,$6.89,"96,048",$6.81,$7.10,$6.46
12/29/2022,$7.00,"76,864",$7.42,$7.50,$6.78
12/28/2022,$7.61,"66,275",$7.58,$7.86,$7.25
12/27/2022,$7.71,"21,400",$8.47,$8.47,$7.62
12/23/2022,$8.48,"81,139",$8.34,$9.00,$8.16
12/22/2022,$8.51,"18,481",$8.67,$8.99,$8.34
12/21/2022,$8.90,"35,967",$8.73,$9.20,$8.60
12/20/2022,$8.64,"52,883",$8.09,$8.80,$8.09
12/19/2022,$8.34,"19,391",$8.24,$8.60,$8.0201
12/16/2022,$8.60,"183,124",$9.38,$9.38,$8.17
12/15/2022,$9.21,"514,131",$8.82,$11.00,$8.8099
12/14/2022,$8.01,"184,419",$10.63,$11.0235,$8.01
12/13/2022,$10.63,"90,781",$11.40,$12.3499,$10.5783
12/12/2022,$11.11,"171,320",$14.65,$14.6947,$11.11
12/09/2022,$14.80,"504,632",$12.35,$15.4999,$12.23
12/08/2022,$12.88,"411,895",$9.84,$13.82,$9.50
12/07/2022,$10.28,"702,856",$8.60,$10.4699,$8.31
12/06/2022,$8.45,"100,429",$8.14,$8.70,$7.81
12/05/2022,$8.47,"391,198",$7.80,$8.86,$7.51
12/02/2022,$7.70,"719,622",$9.20,$9.53,$7.3716
12/01/2022,$8.86,"3,620,130",$6.61,$10.40,$6.6018
11/30/2022,$6.70,"1,994,322",$5.71,$7.00,$5.53
11/29/2022,$5.95,"2,145,723",$4.24,$6.17,$4.2301
11/28/2022,$4.36,"9,799,196",$4.65,$4.90,$4.06
11/25/2022,$3.6875,"32,534",$3.57,$3.7399,$3.52
11/23/2022,$3.65,"228,946",$3.81,$4.25,$3.5022
11/22/2022,$3.75,"76,003",$4.20,$4.20,$3.7301
11/21/2022,$4.21,"65,987",$4.02,$4.37,$4.00
11/18/2022,$4.0074,"78,873",$3.89,$4.30,$3.7301
11/17/2022,$3.89,"46,220",$3.77,$3.9699,$3.71
11/16/2022,$3.89,"72,018",$3.98,$4.10,$3.77
11/15/2022,$3.98,"219,963",$4.49,$4.54,$3.80
11/14/2022,$4.4899,"302,017",$3.85,$4.6807,$3.67
11/11/2022,$4.205,"156,793",$4.45,$4.45,$3.76
11/10/2022,$5.205,"24,277",$4.90,$5.585,$4.60
11/09/2022,$4.54,"20,834",$4.975,$4.975,$4.405
11/08/2022,$4.78,"35,771",$5.075,$5.25,$4.505
11/07/2022,$5.01,"27,186",$5.16,$5.66,$4.825
11/04/2022,$5.32,"13,645",$5.105,$5.75,$5.105
11/03/2022,$5.25,"9,676",$5.335,$5.41,$5.025
11/02/2022,$5.18,"17,388",$5.50,$5.50,$5.05
11/01/2022,$5.39,"7,876",$5.42,$5.595,$5.25
10/31/2022,$5.385,"21,152",$5.595,$6.00,$5.245
10/28/2022,$5.535,"17,648",$5.695,$5.875,$5.42
10/27/2022,$5.875,"23,826",$5.52,$5.95,$5.31
10/26/2022,$5.26,"28,708",$5.135,$5.70,$5.135
10/25/2022,$5.285,"31,603",$5.22,$5.75,$5.10
10/24/2022,$5.15,"39,309",$5.15,$5.575,$4.755
10/21/2022,$5.16,"28,251",$5.50,$5.74,$5.125
10/20/2022,$5.745,"108,969",$5.34,$6.00,$5.00
10/19/2022,$6.035,"875,832",$7.565,$7.80,$5.60
10/18/2022,$5.005,"46,762",$5.12,$5.48,$4.75
10/17/2022,$4.70,"17,697",$4.995,$5.35,$4.675
10/14/2022,$4.76,"16,316",$5.20,$5.29,$4.675
10/13/2022,$5.055,"14,203",$5.215,$5.48,$4.50
10/12/2022,$5.005,"22,342",$5.245,$5.495,$4.585
10/11/2022,$5.00,"16,926",$5.50,$5.835,$5.00
10/10/2022,$5.505,"7,682",$5.625,$5.72,$5.30
10/07/2022,$5.505,"36,684",$6.125,$6.285,$5.50
10/06/2022,$6.37,"184,554",$5.30,$7.45,$5.30
10/05/2022,$5.16,"18,667",$5.25,$5.30,$5.01
10/04/2022,$4.965,"66,987",$5.065,$5.245,$4.845
10/03/2022,$4.845,"122,314",$5.00,$5.25,$4.35
09/30/2022,$5.40,"22,459",$5.60,$5.695,$5.35
09/29/2022,$5.695,"20,111",$5.825,$6.00,$5.455
09/28/2022,$5.605,"29,311",$5.76,$5.80,$5.375
09/27/2022,$5.49,"76,715",$7.10,$7.10,$5.25
09/26/2022,$6.82,"12,358",$6.85,$7.125,$6.705
09/23/2022,$7.00,"12,629",$7.175,$7.555,$6.73
09/22/2022,$7.105,"19,184",$7.47,$7.47,$6.83
09/21/2022,$7.325,"21,562",$7.50,$7.50,$7.00
09/20/2022,$7.50,"19,612",$7.295,$7.555,$7.00
09/19/2022,$7.285,"24,276",$7.50,$7.52,$6.80
09/16/2022,$7.50,"14,585",$8.25,$8.25,$7.35
09/15/2022,$7.925,"18,276",$8.255,$8.475,$7.67
09/14/2022,$8.00,"22,711",$7.845,$8.375,$7.725
09/13/2022,$8.065,"18,680",$8.375,$8.375,$7.70
09/12/2022,$8.055,"27,116",$8.75,$8.75,$7.615
09/09/2022,$8.43,"97,209",$7.445,$9.17,$7.135
09/08/2022,$7.30,"23,405",$7.355,$7.39,$6.795
09/07/2022,$7.375,"27,181",$7.275,$7.50,$6.955
09/06/2022,$7.35,"36,795",$7.50,$7.695,$7.05
09/02/2022,$7.70,"7,697",$7.50,$7.80,$7.3801
09/01/2022,$7.49,"29,642",$7.805,$7.84,$7.26
08/31/2022,$7.755,"15,334",$7.75,$7.87,$7.60
08/30/2022,$7.74,"21,315",$8.00,$8.00,$7.62
08/29/2022,$7.69,"27,903",$7.61,$8.28,$7.57
08/26/2022,$7.935,"32,105",$8.055,$8.40,$7.875
08/25/2022,$8.355,"66,510",$8.375,$8.75,$8.075
08/24/2022,$8.33,"35,362",$8.10,$8.4701,$8.00
08/23/2022,$8.21,"30,624",$8.135,$8.49,$8.00
08/22/2022,$8.36,"48,080",$8.085,$8.65,$7.525
08/19/2022,$8.335,"33,612",$8.75,$8.75,$8.025
08/18/2022,$8.69,"48,655",$8.74,$9.00,$8.10
08/17/2022,$8.67,"49,876",$8.95,$9.45,$8.55
08/16/2022,$9.01,"45,409",$9.455,$9.495,$8.90
08/15/2022,$9.31,"48,988",$9.50,$10.00,$9.01
08/12/2022,$9.38,"57,580",$9.61,$10.00,$9.25
08/11/2022,$9.345,"52,424",$9.00,$9.75,$9.00
08/10/2022,$9.15,"48,219",$9.10,$9.75,$9.05
08/09/2022,$9.05,"181,064",$11.00,$11.20,$8.925
08/08/2022,$10.00,"35,629",$10.10,$10.625,$9.85
08/05/2022,$10.40,"73,795",$10.40,$10.6225,$9.75
08/04/2022,$10.975,"106,270",$12.00,$12.00,$10.00
08/03/2022,$12.25,"957,900",$18.175,$20.00,$11.285
08/02/2022,$8.86,"12,171",$8.60,$9.94,$8.60
08/01/2022,$8.785,"14,080",$9.50,$9.50,$8.60
07/29/2022,$9.455,"9,510",$9.76,$10.50,$9.165
07/28/2022,$9.76,"4,386",$10.00,$10.495,$9.525
07/27/2022,$9.485,"8,642",$10.10,$10.10,$9.05
07/26/2022,$9.895,"10,003",$9.935,$10.50,$8.805
07/25/2022,$9.935,"6,922",$11.025,$11.025,$9.60
07/22/2022,$10.25,"14,526",$11.08,$11.275,$10.00
07/21/2022,$11.275,"9,501",$11.50,$11.5051,$10.50
07/20/2022,$11.145,"10,054",$11.00,$11.725,$11.00
07/19/2022,$11.00,"14,339",$11.105,$11.445,$10.18
07/18/2022,$11.13,"25,280",$11.95,$12.09,$10.76
07/15/2022,$12.295,"21,377",$12.60,$13.235,$11.625
07/14/2022,$12.495,"26,342",$12.50,$13.00,$11.505
07/13/2022,$12.36,"8,924",$12.375,$12.75,$11.40
07/12/2022,$12.35,"14,169",$13.00,$13.50,$11.60
07/11/2022,$12.94,"19,579",$13.01,$13.11,$12.50
07/08/2022,$12.505,"25,147",$12.50,$13.00,$12.005
07/07/2022,$12.25,"23,769",$11.965,$12.715,$11.965
07/06/2022,$11.935,"25,301",$12.095,$12.705,$11.50
07/05/2022,$12.425,"13,681",$12.525,$13.165,$11.66
07/01/2022,$12.75,"19,715",$13.75,$14.49,$12.50
06/30/2022,$13.90,"31,135",$13.40,$14.50,$13.10
06/29/2022,$14.75,"39,257",$14.05,$15.00,$12.50
06/28/2022,$14.10,"33,910",$15.49,$15.50,$13.745
06/27/2022,$15.495,"45,733",$15.50,$15.995,$14.50
06/24/2022,$14.25,"74,936",$15.50,$17.00,$14.25
06/23/2022,$15.04,"136,636",$12.60,$16.50,$12.60
06/22/2022,$12.60,"73,093",$11.15,$13.50,$11.15
06/21/2022,$11.875,"103,746",$10.375,$13.00,$10.375
06/17/2022,$10.00,"91,058",$11.50,$12.00,$10.00
06/16/2022,$10.385,"113,696",$11.40,$12.015,$9.9975
06/15/2022,$11.685,"905,823",$11.995,$14.40,$10.945
06/14/2022,$9.34,"51,030",$10.185,$10.185,$9.32
06/13/2022,$10.19,"21,630",$10.575,$10.975,$10.01
06/10/2022,$11.28,"26,192",$10.50,$11.37,$9.755
06/09/2022,$10.995,"89,905",$9.20,$11.35,$9.20
06/08/2022,$9.455,"30,681",$8.90,$10.00,$8.85
06/07/2022,$8.735,"39,662",$8.75,$8.90,$8.175
06/06/2022,$7.885,"62,741",$8.925,$8.925,$7.625
06/03/2022,$8.88,"39,939",$9.15,$9.25,$8.515
06/02/2022,$8.73,"18,247",$8.55,$8.875,$8.50
06/01/2022,$8.555,"26,233",$9.165,$9.35,$8.335
05/31/2022,$9.00,"34,588",$9.50,$9.50,$8.335
05/27/2022,$9.60,"43,409",$9.40,$10.00,$9.20
05/26/2022,$9.40,"85,907",$8.26,$9.40,$7.725
05/25/2022,$8.15,"36,860",$7.50,$8.45,$7.425
05/24/2022,$7.26,"31,440",$8.36,$8.36,$7.25
05/23/2022,$7.63,"47,816",$7.925,$7.925,$7.38
05/20/2022,$7.81,"57,189",$8.00,$8.00,$7.25
05/19/2022,$7.975,"30,450",$7.50,$8.00,$7.28
05/18/2022,$7.75,"54,806",$7.955,$8.15,$7.50
05/17/2022,$8.09,"32,513",$8.14,$8.29,$7.895
05/16/2022,$8.13,"93,409",$9.40,$9.545,$7.81
05/13/2022,$9.40,"182,236",$8.40,$10.20,$7.70
05/12/2022,$8.44,"165,584",$7.055,$8.78,$7.03
05/11/2022,$7.60,"32,696",$8.25,$8.50,$7.50
05/10/2022,$8.50,"65,165",$8.75,$8.995,$8.25
05/09/2022,$8.85,"60,473",$10.05,$10.05,$8.21
05/06/2022,$10.365,"76,491",$10.50,$10.50,$9.50
05/05/2022,$10.595,"122,830",$13.00,$13.35,$10.535
05/04/2022,$13.46,"65,700",$13.44,$13.68,$12.90
05/03/2022,$13.455,"73,849",$13.00,$14.00,$12.90
05/02/2022,$13.50,"92,246",$13.75,$14.08,$12.75
04/29/2022,$14.50,"88,649",$14.35,$14.50,$13.50
04/28/2022,$15.095,"93,046",$14.00,$15.245,$13.50
04/27/2022,$14.50,"372,099",$18.47,$18.565,$14.25
04/26/2022,$17.375,"188,480",$15.00,$18.00,$15.00
04/25/2022,$15.15,"61,300",$13.60,$15.17,$13.00
04/22/2022,$14.125,"29,055",$13.75,$15.00,$13.55
04/21/2022,$14.00,"18,067",$14.99,$14.99,$13.57
04/20/2022,$14.385,"17,646",$14.50,$14.50,$13.55
04/19/2022,$14.50,"23,329",$14.50,$14.835,$14.00
04/18/2022,$14.395,"28,387",$15.30,$15.495,$14.00
04/14/2022,$15.95,"35,598",$17.21,$17.50,$15.50
04/13/2022,$16.435,"55,614",$17.625,$18.00,$16.15
04/12/2022,$17.25,"126,626",$20.45,$21.75,$15.845
04/11/2022,$24.895,"588,740",$18.385,$42.00,$15.50
04/08/2022,$18.385,"2,077",$18.53,$19.65,$18.195
04/07/2022,$18.53,"3,072",$19.50,$19.75,$18.025
04/06/2022,$19.25,"3,512",$19.45,$19.945,$18.75
04/05/2022,$19.77,"13,750",$23.00,$23.00,$19.50
04/04/2022,$20.25,"2,275",$20.475,$20.475,$19.50
04/01/2022,$19.50,"4,698",$20.195,$20.745,$19.05
03/31/2022,$19.895,"7,315",$19.25,$20.75,$19.00
03/30/2022,$19.215,"5,906",$18.50,$19.7943,$18.50
03/29/2022,$18.755,"2,108",$19.32,$19.49,$18.60
03/28/2022,$18.76,"3,730",$19.50,$19.50,$18.33
03/25/2022,$19.275,"2,408",$19.06,$19.525,$19.00
03/24/2022,$19.65,"3,546",$19.95,$19.95,$19.02
03/23/2022,$19.63,"4,655",$18.975,$19.95,$18.505
03/22/2022,$18.975,"5,269",$18.50,$19.00,$18.005
03/21/2022,$18.41,"4,610",$18.00,$18.795,$16.60
03/18/2022,$18.495,"12,505",$17.50,$18.80,$17.325
03/17/2022,$17.995,"16,838",$16.95,$19.00,$16.505
03/16/2022,$16.25,"4,869",$17.00,$17.00,$15.50
03/15/2022,$15.50,"3,769",$15.40,$15.95,$15.085
03/14/2022,$15.355,"6,118",$16.95,$17.00,$15.025
03/11/2022,$16.505,"4,549",$17.25,$17.30,$16.25
03/10/2022,$17.04,"3,083",$17.485,$17.50,$16.75
03/09/2022,$17.465,"11,571",$18.48,$18.75,$16.555
03/08/2022,$17.455,"4,835",$17.00,$18.155,$16.75
03/07/2022,$16.76,"6,760",$18.495,$18.50,$16.75
03/04/2022,$18.16,"4,732",$18.75,$19.00,$18.00
03/03/2022,$18.705,"4,812",$19.005,$19.67,$18.00
03/02/2022,$19.035,"15,764",$18.74,$19.75,$17.855
03/01/2022,$17.85,"5,316",$18.50,$18.74,$17.85
02/28/2022,$18.255,"7,601",$18.095,$18.725,$17.92
02/25/2022,$18.50,"5,991",$19.35,$19.3945,$18.50
02/24/2022,$19.40,"16,408",$18.50,$19.505,$17.50
02/23/2022,$19.64,"3,911",$19.75,$20.515,$19.50
02/22/2022,$19.23,"5,608",$20.00,$20.25,$18.00
02/18/2022,$20.44,"7,883",$21.25,$22.00,$19.82
02/17/2022,$20.90,"8,757",$21.44,$21.945,$20.52
02/16/2022,$21.975,"13,768",$22.75,$23.00,$19.815
02/15/2022,$23.30,"8,956",$22.50,$23.80,$22.50
02/14/2022,$22.50,"21,733",$21.81,$23.50,$21.05
02/11/2022,$22.485,"6,736",$23.35,$23.74,$22.135
02/10/2022,$22.945,"6,674",$22.50,$23.80,$21.745
02/09/2022,$22.60,"4,436",$22.50,$23.295,$21.00
02/08/2022,$22.50,"2,661",$22.50,$22.90,$22.05
02/07/2022,$22.235,"5,672",$22.87,$22.87,$21.05
02/04/2022,$22.745,"2,851",$22.185,$22.83,$21.1151
02/03/2022,$21.685,"7,551",$21.58,$23.065,$20.655
02/02/2022,$22.25,"5,535",$23.295,$23.295,$20.235
02/01/2022,$22.40,"11,310",$21.50,$24.50,$21.3251
01/31/2022,$20.75,"10,621",$18.50,$21.76,$18.50
01/28/2022,$18.68,"9,708",$18.50,$21.00,$17.525
01/27/2022,$17.70,"7,036",$20.50,$20.50,$17.70
01/26/2022,$19.725,"8,664",$19.585,$21.50,$19.165
01/25/2022,$19.895,"10,231",$18.705,$20.10,$18.00
01/24/2022,$18.505,"19,432",$19.51,$19.86,$16.65
01/21/2022,$19.75,"20,227",$20.50,$20.89,$19.10
01/20/2022,$20.825,"12,447",$22.24,$22.485,$20.05
01/19/2022,$21.40,"8,752",$22.365,$22.83,$20.805
01/18/2022,$22.665,"7,555",$23.00,$23.55,$22.055
01/14/2022,$23.95,"11,234",$21.85,$24.05,$20.80
01/13/2022,$22.505,"11,147",$23.505,$24.40,$22.505
01/12/2022,$24.50,"69,469",$25.00,$26.50,$23.505
01/11/2022,$24.90,"11,857",$25.30,$25.85,$24.50
01/10/2022,$25.60,"10,519",$26.00,$26.075,$24.65
01/07/2022,$26.075,"10,062",$26.50,$27.00,$25.25
01/06/2022,$26.035,"7,107",$25.50,$27.485,$25.25
01/05/2022,$25.95,"16,324",$27.50,$27.985,$25.455
01/04/2022,$27.36,"9,216",$28.875,$28.875,$27.00
01/03/2022,$27.055,"7,362",$26.00,$27.45,$26.00
12/31/2021,$25.50,"21,011",$26.10,$26.50,$25.50
12/30/2021,$26.10,"15,415",$26.50,$27.50,$25.82
12/29/2021,$26.44,"9,439",$26.325,$26.815,$25.50
12/28/2021,$26.675,"27,702",$29.145,$29.225,$26.03
12/27/2021,$29.23,"22,888",$30.00,$30.725,$28.00
12/23/2021,$29.74,"8,997",$30.085,$30.29,$29.255
12/22/2021,$29.875,"6,447",$32.00,$32.00,$29.56
12/21/2021,$30.00,"10,538",$30.55,$30.75,$30.00
12/20/2021,$30.50,"12,894",$29.50,$31.00,$29.50
12/17/2021,$31.40,"15,092",$30.405,$31.955,$29.50
12/16/2021,$31.00,"10,002",$32.00,$33.1275,$30.06
12/15/2021,$31.835,"14,933",$31.50,$33.90,$29.55
12/14/2021,$32.71,"4,809",$32.10,$33.50,$32.10
12/13/2021,$33.30,"7,098",$32.55,$34.50,$32.55
12/10/2021,$32.995,"8,017",$34.195,$34.995,$32.505
12/09/2021,$34.00,"8,073",$36.50,$36.54,$33.64
12/08/2021,$35.51,"15,629",$34.54,$36.35,$32.645
12/07/2021,$32.495,"14,332",$30.00,$33.45,$29.505
12/06/2021,$30.00,"25,744",$25.75,$30.30,$25.00
12/03/2021,$28.67,"22,439",$31.50,$31.50,$28.005
12/02/2021,$31.50,"17,884",$33.00,$33.00,$30.77
12/01/2021,$32.86,"15,981",$35.00,$35.995,$32.73
11/30/2021,$35.00,"8,265",$36.00,$36.375,$34.50
11/29/2021,$36.00,"17,829",$36.525,$37.60,$35.255
11/26/2021,$37.655,"11,346",$36.98,$37.80,$35.78
11/24/2021,$38.115,"11,206",$38.00,$38.49,$36.755
11/23/2021,$37.095,"11,164",$35.755,$37.665,$35.755
11/22/2021,$36.56,"18,812",$39.50,$40.00,$36.44
11/19/2021,$38.895,"11,319",$38.00,$39.895,$37.50
11/18/2021,$38.995,"25,163",$41.00,$41.75,$38.005
11/17/2021,$40.915,"28,487",$41.255,$42.11,$39.105
11/16/2021,$42.11,"28,550",$44.55,$44.55,$41.495
11/15/2021,$43.74,"19,354",$44.165,$45.00,$43.50
11/12/2021,$44.695,"14,842",$45.28,$46.46,$44.25
11/11/2021,$45.06,"18,408",$45.00,$47.495,$44.95
11/10/2021,$44.755,"20,912",$47.00,$47.95,$44.255
11/09/2021,$47.385,"27,290",$49.50,$49.50,$46.00
11/08/2021,$48.00,"43,611",$48.50,$49.995,$47.50
11/05/2021,$47.055,"66,919",$44.50,$48.00,$44.06
11/04/2021,$44.40,"43,705",$46.495,$46.495,$43.005
11/03/2021,$46.00,"120,512",$43.35,$52.50,$42.10
11/02/2021,$43.45,"22,981",$42.885,$43.50,$41.75
11/01/2021,$42.89,"21,848",$43.96,$44.00,$42.05
10/29/2021,$43.64,"11,604",$44.425,$44.50,$42.75
10/28/2021,$43.405,"17,973",$44.00,$44.99,$42.115
10/27/2021,$42.76,"22,161",$45.44,$46.50,$42.11
10/26/2021,$44.865,"32,499",$44.10,$47.50,$43.7505
10/25/2021,$44.10,"28,312",$44.855,$45.00,$43.755
10/22/2021,$45.505,"42,860",$46.61,$46.61,$43.54
10/21/2021,$46.83,"51,987",$49.50,$51.50,$46.00
10/20/2021,$52.00,"72,049",$50.00,$52.00,$45.90
10/19/2021,$51.00,"244,769",$41.495,$55.00,$40.155
10/18/2021,$42.495,"25,315",$43.50,$46.50,$41.15
10/15/2021,$43.245,"42,709",$45.25,$47.25,$42.205
10/14/2021,$45.26,"98,888",$49.93,$50.50,$43.50
10/13/2021,$49.99,"183,845",$51.00,$54.00,$46.50
10/12/2021,$47.80,"138,259",$43.625,$49.435,$42.50
10/11/2021,$41.74,"81,385",$38.28,$43.00,$38.28
10/08/2021,$38.28,"18,148",$39.50,$40.00,$38.00
10/07/2021,$40.00,"57,888",$39.00,$41.00,$38.50
10/06/2021,$38.00,"32,543",$37.565,$39.995,$37.03
10/05/2021,$38.855,"78,390",$39.665,$41.50,$37.00
10/04/2021,$39.745,"62,698",$42.75,$43.00,$39.055
10/01/2021,$41.50,"49,579",$44.00,$44.935,$41.30
09/30/2021,$43.01,"87,377",$41.25,$45.00,$41.005
09/29/2021,$40.795,"77,759",$44.52,$44.52,$40.00
09/28/2021,$43.35,"151,787",$44.945,$48.50,$43.34
09/27/2021,$43.97,"58,374",$45.50,$45.995,$43.97
09/24/2021,$44.00,"156,197",$50.05,$50.50,$43.75
09/23/2021,$56.00,"48,968",$61.00,$63.50,$53.00
09/22/2021,$62.00,"43,794",$67.50,$76.50,$61.00
09/21/2021,$66.00,"8,473",$66.00,$68.27,$63.50
09/20/2021,$65.00,"10,206",$67.135,$69.50,$63.51
09/17/2021,$70.00,"4,264",$65.00,$70.00,$65.00
09/16/2021,$66.00,"2,515",$67.50,$67.785,$65.00
09/15/2021,$67.00,"8,228",$63.50,$68.50,$62.50
09/14/2021,$68.00,"5,373",$71.00,$72.00,$67.50
09/13/2021,$71.00,"9,629",$75.50,$76.00,$69.50
09/10/2021,$75.00,"2,975",$75.00,$76.00,$73.00
09/09/2021,$73.50,"1,911",$74.50,$75.00,$73.50
09/08/2021,$74.50,"2,981",$75.50,$76.50,$73.00
09/07/2021,$74.50,"2,153",$75.50,$77.00,$74.00
09/03/2021,$76.50,"1,716",$76.00,$77.00,$74.58
09/02/2021,$74.00,"4,786",$73.50,$78.00,$73.50
09/01/2021,$77.50,"5,918",$77.50,$79.50,$76.00
08/31/2021,$76.00,"4,770",$76.00,$77.50,$74.50
08/30/2021,$75.50,"3,340",$73.50,$77.51,$73.00
08/27/2021,$73.50,"3,701",$73.00,$75.00,$72.50
08/26/2021,$73.50,"1,132",$74.00,$74.50,$72.585
08/25/2021,$72.50,"2,489",$74.00,$75.50,$72.50
08/24/2021,$73.00,"4,529",$73.50,$74.50,$72.005
08/23/2021,$73.00,"3,753",$74.50,$77.00,$72.50
08/20/2021,$73.50,"3,389",$71.00,$75.50,$70.805
08/19/2021,$72.50,"3,688",$74.00,$74.50,$72.50
08/18/2021,$73.50,"1,288",$76.00,$76.00,$72.50
08/17/2021,$74.50,"2,611",$76.00,$76.15,$72.55
08/16/2021,$74.50,"2,784",$77.50,$77.50,$73.00
08/13/2021,$77.50,"1,217",$78.00,$78.00,$75.50
08/12/2021,$77.00,"1,121",$76.55,$78.155,$76.00
08/11/2021,$78.00,"1,004",$77.50,$78.80,$76.00
08/10/2021,$78.50,"1,396",$82.50,$82.50,$77.505
08/09/2021,$81.00,"2,027",$80.50,$81.00,$78.50
08/06/2021,$79.50,"2,149",$79.00,$80.50,$77.50
08/05/2021,$79.00,"3,977",$74.00,$80.50,$74.00
08/04/2021,$74.00,"2,434",$75.00,$77.425,$73.00
08/03/2021,$75.00,"1,668",$75.50,$77.50,$75.00
08/02/2021,$76.50,"1,619",$78.50,$80.00,$75.50
07/30/2021,$77.00,"3,963",$78.00,$78.995,$75.00
07/29/2021,$76.50,"3,099",$79.50,$80.00,$76.50
07/28/2021,$80.00,"2,214",$78.50,$82.00,$78.00
07/27/2021,$77.00,"3,343",$77.50,$79.50,$76.00
07/26/2021,$79.00,"3,931",$82.50,$82.50,$78.00
07/23/2021,$81.50,"5,875",$82.50,$84.00,$80.005
07/22/2021,$84.00,"2,453",$83.50,$84.995,$82.00
07/21/2021,$82.50,"4,273",$82.00,$84.00,$80.50
07/20/2021,$81.50,"2,024",$79.00,$82.86,$79.00
07/19/2021,$80.50,"5,336",$80.00,$81.00,$76.50
07/16/2021,$80.00,"6,300",$81.00,$85.50,$80.00
07/15/2021,$80.50,"11,027",$84.50,$86.00,$77.50
07/14/2021,$84.00,"15,495",$87.00,$90.00,$82.00
07/13/2021,$88.00,"8,802",$88.50,$90.50,$85.00
07/12/2021,$89.50,"10,090",$90.50,$93.50,$89.165
07/09/2021,$94.50,"39,941",$92.20,$101.00,$90.00
07/08/2021,$90.00,"9,891",$91.00,$92.42,$86.00
07/07/2021,$93.00,"9,110",$95.00,$98.50,$91.00
07/06/2021,$96.50,"22,070",$101.645,$103.495,$91.005
07/02/2021,$96.50,"27,114",$103.15,$107.00,$95.00
07/01/2021,$115.00,"425,938",$126.00,$142.50,$100.50
06/30/2021,$113.50,"10,111",$108.00,$114.50,$104.005
06/29/2021,$103.50,"13,518",$115.50,$117.50,$102.50
06/28/2021,$117.00,"7,654",$120.00,$122.50,$115.00
06/25/2021,$119.00,"18,927",$122.50,$124.95,$113.50
06/24/2021,$120.00,"15,878",$112.00,$120.00,$105.50
06/23/2021,$112.00,"12,105",$105.00,$112.00,$105.00
06/22/2021,$104.00,"18,812",$106.00,$108.75,$93.50
06/21/2021,$105.00,"15,857",$97.00,$105.00,$95.00
06/18/2021,$97.50,"6,870",$93.00,$98.50,$91.50
06/17/2021,$95.00,"12,001",$93.50,$95.00,$88.50
06/16/2021,$92.00,"9,686",$93.00,$94.00,$86.00
06/15/2021,$91.50,"6,084",$92.00,$93.00,$89.00
06/14/2021,$91.00,"14,593",$90.00,$95.00,$89.00
06/11/2021,$89.50,"8,169",$88.00,$91.50,$88.00
06/10/2021,$87.50,"11,133",$84.50,$88.50,$83.00
06/09/2021,$85.00,"6,970",$87.50,$89.50,$84.00
06/08/2021,$87.00,"56,913",$83.00,$96.00,$82.50
06/07/2021,$82.00,"4,795",$82.50,$84.50,$80.00
06/04/2021,$80.50,"5,867",$78.00,$81.50,$76.00
06/03/2021,$78.00,"6,116",$79.00,$82.00,$76.00
06/02/2021,$79.00,"8,900",$80.50,$84.50,$78.00
06/01/2021,$81.00,"10,377",$80.50,$82.50,$76.50
05/28/2021,$80.50,"18,305",$85.50,$86.50,$75.50
05/27/2021,$87.00,"53,167",$86.00,$87.50,$79.00
05/26/2021,$90.00,"582,239",$77.00,$111.50,$77.00
05/25/2021,$74.00,"2,934",$75.50,$77.00,$73.00
05/24/2021,$75.00,"4,409",$77.00,$79.00,$73.50
05/21/2021,$76.50,"8,196",$72.00,$78.50,$70.79
05/20/2021,$72.00,"5,332",$70.50,$72.50,$67.00
05/19/2021,$69.00,"6,252",$66.00,$71.00,$64.50
05/18/2021,$66.00,"3,033",$63.50,$67.00,$62.50
05/17/2021,$63.50,"2,642",$64.50,$65.50,$62.50
05/14/2021,$64.00,"2,792",$65.00,$67.50,$64.00
05/13/2021,$65.00,"3,251",$68.00,$69.50,$65.00
05/12/2021,$66.00,"4,712",$65.00,$67.50,$62.00
05/11/2021,$63.00,"6,132",$62.50,$65.44,$62.00
05/10/2021,$63.00,"5,848",$65.00,$67.50,$62.50
05/07/2021,$66.50,"3,122",$64.00,$67.00,$63.50
05/06/2021,$63.00,"5,310",$69.00,$69.00,$62.50
05/05/2021,$68.50,"4,221",$68.50,$68.50,$65.00
05/04/2021,$68.00,"7,712",$67.50,$68.50,$62.50
05/03/2021,$68.00,"3,344",$70.00,$71.135,$67.50
04/30/2021,$67.50,"1,894",$67.50,$69.00,$67.50
04/29/2021,$68.50,"3,290",$69.00,$70.00,$67.00
04/28/2021,$68.00,"15,820",$74.50,$74.815,$64.00
04/27/2021,$74.00,"5,542",$76.00,$79.00,$71.50
04/26/2021,$77.00,"7,437",$78.00,$80.50,$74.00
04/23/2021,$76.00,"2,975",$70.50,$78.00,$70.50
04/22/2021,$69.50,"4,851",$69.50,$72.50,$67.50
04/21/2021,$69.00,"4,807",$67.50,$69.50,$62.00
04/20/2021,$67.50,"2,381",$69.00,$69.00,$65.50
04/19/2021,$68.00,"8,719",$70.00,$70.25,$62.50
04/16/2021,$69.50,"8,137",$76.50,$77.015,$69.00
04/15/2021,$78.50,"4,771",$82.00,$82.00,$75.00
04/14/2021,$80.50,"8,898",$83.50,$83.995,$78.095
04/13/2021,$84.50,"4,058",$83.50,$88.50,$81.50
04/12/2021,$86.00,"11,256",$95.00,$97.00,$83.00
04/09/2021,$93.00,"3,068",$90.00,$94.23,$89.50
04/08/2021,$93.00,"4,783",$89.50,$93.00,$86.00
04/07/2021,$89.00,"2,778",$89.50,$89.50,$87.50
04/06/2021,$89.50,"4,412",$93.00,$94.00,$88.50
04/05/2021,$92.00,"3,830",$96.00,$96.50,$90.00
04/01/2021,$92.00,"2,748",$89.50,$93.50,$88.50
03/31/2021,$87.00,"2,579",$88.00,$92.635,$87.00
03/30/2021,$88.50,"4,270",$89.50,$91.50,$87.00
03/29/2021,$90.50,"2,272",$94.00,$96.50,$90.25
03/26/2021,$94.50,"3,858",$97.50,$99.50,$91.00
03/25/2021,$96.00,"4,576",$88.00,$96.50,$86.225
03/24/2021,$93.50,"4,510",$98.50,$102.00,$92.50
03/23/2021,$97.50,"3,893",$101.50,$103.00,$97.00
03/22/2021,$101.00,"3,813",$109.00,$109.00,$101.00
03/19/2021,$102.00,"6,593",$103.50,$108.48,$101.505
03/18/2021,$101.50,"9,835",$106.00,$109.50,$101.00
03/17/2021,$105.50,"5,867",$109.00,$112.00,$102.50
03/16/2021,$109.50,"5,798",$116.50,$116.50,$105.50
03/15/2021,$116.00,"9,107",$110.00,$116.00,$106.00
03/12/2021,$107.50,"8,716",$103.50,$107.50,$98.01
03/11/2021,$105.00,"8,802",$95.50,$105.00,$94.495
03/10/2021,$93.50,"4,772",$97.50,$97.50,$91.00
03/09/2021,$93.50,"3,392",$89.00,$94.00,$89.00
03/08/2021,$87.50,"6,581",$91.00,$93.00,$86.00
03/05/2021,$92.50,"12,296",$88.00,$93.00,$75.00
03/04/2021,$85.50,"23,002",$95.50,$96.735,$81.00
03/03/2021,$97.00,"8,895",$102.50,$104.50,$95.50
03/02/2021,$102.50,"7,211",$103.00,$107.05,$102.00
03/01/2021,$103.50,"12,594",$110.00,$112.00,$100.50
02/26/2021,$106.50,"24,636",$101.00,$110.00,$95.00
02/25/2021,$99.00,"29,206",$109.00,$110.00,$96.83
02/24/2021,$110.00,"9,195",$106.00,$110.00,$102.485
02/23/2021,$103.50,"25,157",$110.50,$113.50,$96.00
02/22/2021,$119.50,"20,666",$118.00,$126.50,$113.50
02/19/2021,$115.50,"22,922",$124.00,$124.00,$112.50
02/18/2021,$125.00,"22,081",$128.00,$129.50,$117.50
02/17/2021,$125.00,"33,857",$130.00,$131.50,$120.00
02/16/2021,$117.00,"26,407",$127.50,$128.50,$111.50
02/12/2021,$124.00,"22,159",$125.00,$127.00,$115.00
02/11/2021,$129.00,"37,616",$138.55,$140.00,$123.50
02/10/2021,$137.00,"143,732",$158.50,$167.50,$120.50
02/09/2021,$133.50,"172,915",$110.00,$140.00,$109.00
02/08/2021,$105.00,"25,345",$98.50,$105.50,$98.50
02/05/2021,$97.50,"45,287",$109.50,$109.50,$95.475
02/04/2021,$109.50,"168,901",$110.50,$124.00,$101.50
02/03/2021,$99.50,"20,928",$84.50,$100.00,$83.75
02/02/2021,$82.50,"14,032",$89.50,$90.00,$80.00
02/01/2021,$84.00,"19,173",$95.50,$97.35,$84.00
01/29/2021,$90.00,"13,543",$93.00,$98.995,$89.75
01/28/2021,$95.00,"11,610",$100.00,$100.00,$93.00
01/27/2021,$93.50,"29,139",$100.50,$103.50,$89.00
01/26/2021,$106.50,"45,788",$108.00,$125.00,$101.00
01/25/2021,$102.50,"32,982",$95.00,$109.445,$94.50
01/22/2021,$94.00,"11,437",$90.50,$95.00,$87.50
01/21/2021,$91.045,"19,564",$95.00,$95.00,$88.00
01/20/2021,$93.50,"25,813",$87.50,$94.50,$82.50
01/19/2021,$83.00,"41,839",$79.00,$89.00,$76.00
01/15/2021,$75.00,"22,677",$69.00,$79.50,$69.00
01/14/2021,$69.50,"7,865",$67.50,$71.50,$67.00
01/13/2021,$70.00,"11,441",$75.00,$75.50,$68.00
01/12/2021,$71.00,"7,203",$72.50,$74.50,$70.00
01/11/2021,$71.50,"8,581",$70.00,$72.00,$68.50
01/08/2021,$69.00,"14,808",$69.50,$70.00,$65.50
01/07/2021,$67.00,"6,152",$68.75,$69.50,$66.00
01/06/2021,$67.00,"12,108",$70.00,$71.00,$64.50
01/05/2021,$70.50,"7,068",$66.00,$71.00,$65.00
01/04/2021,$66.00,"3,916",$64.00,$66.50,$63.00
12/31/2020,$64.00,"3,797",$67.00,$67.00,$63.50
12/30/2020,$66.00,"8,211",$67.00,$68.50,$63.50
12/29/2020,$66.00,"5,154",$70.00,$70.46,$65.50
12/28/2020,$69.00,"7,716",$68.50,$72.50,$68.50
12/24/2020,$68.50,"2,925",$68.00,$70.50,$67.50
12/23/2020,$68.00,"3,389",$68.00,$69.50,$66.00
12/22/2020,$67.50,"6,819",$66.00,$68.50,$65.50
12/21/2020,$67.50,"4,627",$66.50,$69.50,$65.50
12/18/2020,$66.50,"9,786",$65.50,$72.50,$65.50
12/17/2020,$67.00,"8,298",$70.00,$70.00,$64.00
12/16/2020,$67.00,"4,028",$69.00,$69.00,$66.00
12/15/2020,$68.00,"5,903",$69.50,$70.00,$67.11
12/14/2020,$71.00,"6,659",$73.50,$73.50,$69.00
12/11/2020,$71.00,"12,926",$78.00,$78.00,$68.50
12/10/2020,$77.50,"19,650",$74.00,$80.00,$73.00
12/09/2020,$73.00,"19,792",$73.00,$79.495,$66.50
12/08/2020,$72.00,"6,854",$70.50,$73.00,$69.00
12/07/2020,$70.50,"6,904",$68.50,$73.945,$68.50
12/04/2020,$69.50,"6,841",$68.00,$74.00,$67.50
12/03/2020,$67.50,"4,688",$67.50,$72.50,$66.00
12/02/2020,$67.50,"6,329",$65.00,$67.50,$63.50
12/01/2020,$66.50,"4,601",$70.00,$70.00,$65.50
11/30/2020,$67.50,"5,309",$69.00,$71.675,$67.50
11/27/2020,$69.50,"4,670",$68.00,$70.00,$66.50
11/25/2020,$68.00,"6,280",$67.00,$68.495,$64.50
11/24/2020,$67.505,"6,935",$67.50,$75.50,$65.83
11/23/2020,$68.50,"17,648",$74.00,$74.00,$65.00
11/20/2020,$72.50,"13,095",$75.00,$75.00,$70.11
11/19/2020,$75.00,"31,779",$86.00,$86.785,$72.50
11/18/2020,$84.00,"23,619",$79.50,$90.00,$78.035
11/17/2020,$79.00,"8,814",$82.50,$82.50,$75.00
11/16/2020,$80.00,"13,654",$81.50,$84.00,$76.50
11/13/2020,$76.00,"12,483",$73.00,$81.50,$71.185
11/12/2020,$70.25,"7,323",$66.00,$71.00,$63.50
11/11/2020,$65.50,"2,927",$67.50,$67.50,$64.00
11/10/2020,$65.00,"2,553",$67.50,$67.50,$59.00
11/09/2020,$65.50,"3,617",$64.00,$65.57,$61.55
11/06/2020,$64.50,"1,588",$63.50,$65.50,$63.00
11/05/2020,$63.00,"2,201",$65.00,$67.00,$63.00
11/04/2020,$63.50,"2,254",$65.00,$67.50,$63.00
11/03/2020,$65.00,"2,511",$65.50,$65.50,$62.00
11/02/2020,$65.50,991,$66.00,$67.50,$65.00
10/30/2020,$67.50,"2,701",$68.00,$68.50,$65.50
10/29/2020,$68.75,"3,235",$66.50,$69.50,$64.00
10/28/2020,$68.00,"6,335",$68.00,$68.00,$61.50
10/27/2020,$68.00,"5,138",$70.00,$71.495,$66.00
10/26/2020,$71.50,"5,109",$75.50,$75.50,$68.00
10/23/2020,$75.50,"6,294",$73.00,$77.50,$71.50
10/22/2020,$75.00,"4,139",$76.50,$76.50,$71.50
10/21/2020,$76.00,"2,418",$75.50,$77.50,$73.50
10/20/2020,$76.00,"2,893",$76.50,$76.50,$73.50
10/19/2020,$74.50,"3,520",$75.00,$80.00,$73.50
10/16/2020,$75.00,"2,831",$75.00,$77.00,$73.505
10/15/2020,$73.50,"5,654",$75.00,$77.00,$72.50
10/14/2020,$77.00,"11,102",$82.50,$84.00,$74.00
10/13/2020,$84.50,"5,239",$79.00,$85.00,$79.00
10/12/2020,$80.50,"4,064",$81.00,$83.00,$77.00
10/09/2020,$83.00,"7,875",$84.50,$85.00,$78.50
10/08/2020,$83.50,"7,095",$88.00,$90.50,$81.00
10/07/2020,$86.00,"10,269",$82.50,$86.50,$81.25
10/06/2020,$80.50,"9,261",$77.00,$83.00,$76.50
10/05/2020,$78.00,"7,219",$79.50,$80.00,$76.50
10/02/2020,$76.00,"20,102",$76.50,$80.00,$70.00
10/01/2020,$80.00,"19,440",$69.00,$91.50,$65.525
09/30/2020,$70.00,"2,802",$74.00,$74.00,$68.00
09/29/2020,$74.50,"5,092",$74.00,$77.50,$72.00
09/28/2020,$72.00,"3,273",$72.50,$75.00,$68.00
09/25/2020,$69.50,"1,529",$66.50,$70.50,$66.50
09/24/2020,$67.00,"5,280",$61.50,$67.50,$61.00
09/23/2020,$62.00,"7,355",$67.50,$69.00,$61.00
09/22/2020,$67.75,"7,371",$69.50,$71.96,$60.50
09/21/2020,$72.50,"9,721",$75.00,$75.25,$63.00
09/18/2020,$75.00,"8,982",$76.00,$80.25,$73.00
09/17/2020,$73.50,"9,725",$81.50,$83.50,$72.00
09/16/2020,$80.00,"8,634",$85.00,$87.00,$80.00
09/15/2020,$85.00,"18,903",$86.00,$89.50,$81.50
09/14/2020,$81.00,"50,724",$82.50,$97.50,$78.005
09/11/2020,$80.00,"8,068",$78.00,$80.00,$75.00
09/10/2020,$77.50,"19,164",$77.00,$81.50,$75.00
09/09/2020,$75.00,"39,419",$66.00,$80.00,$66.00
09/08/2020,$68.00,"14,295",$64.50,$69.00,$58.50
09/04/2020,$64.00,"6,179",$65.00,$65.00,$57.50
09/03/2020,$63.00,"4,106",$64.50,$65.00,$60.50
09/02/2020,$63.50,"7,337",$59.00,$66.00,$59.00
09/01/2020,$60.00,"6,035",$61.50,$62.50,$57.50
08/31/2020,$60.00,"5,740",$57.50,$62.50,$57.50
08/28/2020,$57.50,"1,765",$55.50,$58.75,$55.01
08/27/2020,$57.005,"2,741",$57.50,$59.00,$56.00
08/26/2020,$58.50,"5,987",$61.00,$61.00,$55.50
08/25/2020,$59.00,"5,712",$53.50,$61.50,$53.50
08/24/2020,$53.25,"11,776",$56.00,$57.50,$51.50
08/21/2020,$58.50,"8,830",$60.50,$63.50,$58.00
08/20/2020,$65.00,"7,001",$69.50,$70.00,$62.00
08/19/2020,$67.00,"26,628",$61.00,$67.50,$58.50
08/18/2020,$62.50,"21,551",$58.00,$64.25,$58.00
08/17/2020,$58.00,"58,455",$64.00,$65.50,$54.665
08/14/2020,$58.00,"21,744",$59.00,$65.00,$57.25
08/13/2020,$58.00,"15,840",$57.50,$61.00,$53.50
08/12/2020,$62.00,"29,759",$64.50,$67.00,$56.00
08/11/2020,$63.00,"135,695",$61.50,$76.50,$60.00
08/10/2020,$59.00,"18,637",$55.50,$59.50,$55.00
08/07/2020,$53.00,"5,205",$52.50,$53.00,$49.65
08/06/2020,$51.50,"8,121",$52.50,$53.50,$50.00
08/05/2020,$52.00,"10,548",$46.50,$52.50,$46.50
08/04/2020,$47.50,"3,020",$47.00,$47.50,$45.005
08/03/2020,$47.09,"7,373",$46.00,$49.05,$43.05
07/31/2020,$47.685,"11,153",$51.00,$51.505,$46.50
07/30/2020,$51.50,"10,122",$51.00,$53.00,$50.00
07/29/2020,$53.00,"32,044",$51.50,$57.50,$49.10
07/28/2020,$52.50,"23,720",$50.50,$54.50,$46.50
07/27/2020,$52.00,"42,540",$47.00,$53.50,$42.61
07/24/2020,$50.25,"22,481",$47.50,$52.50,$47.50
07/23/2020,$56.00,"31,109",$62.00,$63.00,$54.00
07/22/2020,$64.00,"38,300",$67.50,$68.75,$58.50
07/21/2020,$70.00,"166,078",$57.00,$75.00,$55.50
07/20/2020,$49.47,"23,740",$47.25,$54.00,$45.00
07/17/2020,$44.00,"31,555",$38.00,$47.50,$35.50
07/16/2020,$34.95,"4,080",$35.00,$35.00,$34.00
07/15/2020,$34.50,"2,025",$34.00,$35.00,$34.00
07/14/2020,$34.00,"2,655",$34.80,$36.00,$32.4633
07/13/2020,$34.805,"3,955",$40.37,$40.37,$34.50
07/10/2020,$38.495,"4,071",$37.50,$40.00,$37.50
07/09/2020,$37.29,"3,859",$35.50,$37.495,$34.55
07/08/2020,$35.50,"2,925",$36.00,$36.30,$34.055
07/07/2020,$35.00,"4,961",$33.07,$36.45,$32.23
07/06/2020,$32.23,"2,476",$31.00,$33.50,$30.75
07/02/2020,$31.40,"6,326",$34.00,$34.50,$30.50
07/01/2020,$33.845,"4,191",$34.00,$35.395,$33.545
06/30/2020,$34.39,"4,586",$34.26,$35.15,$33.55
06/29/2020,$33.755,"5,771",$35.00,$35.50,$33.50
06/26/2020,$35.25,"11,303",$36.50,$37.42,$34.505
06/25/2020,$37.42,"5,336",$37.50,$38.90,$36.51
06/24/2020,$37.50,"14,790",$39.50,$41.42,$36.50
06/23/2020,$39.47,"38,186",$40.00,$41.50,$35.885
06/22/2020,$45.70,"44,838",$49.00,$50.00,$41.50
06/19/2020,$54.50,"9,586",$54.50,$56.50,$53.00
06/18/2020,$55.00,"10,483",$57.50,$58.00,$50.005
06/17/2020,$57.50,"10,735",$57.50,$59.00,$56.00
06/16/2020,$58.00,"12,652",$57.50,$59.00,$55.00
06/15/2020,$55.50,"12,435",$51.00,$56.50,$50.00
06/12/2020,$51.00,"9,132",$52.00,$54.50,$50.00
06/11/2020,$49.365,"17,353",$53.50,$53.685,$47.50
06/10/2020,$53.00,"117,059",$72.00,$76.50,$44.50
06/09/2020,$62.00,"23,089",$60.50,$62.50,$53.50
06/08/2020,$58.50,"26,571",$56.50,$61.50,$54.50
06/05/2020,$53.00,"31,477",$44.36,$54.00,$42.555
06/04/2020,$43.25,"10,354",$42.25,$44.00,$41.00
06/03/2020,$41.00,"8,312",$40.095,$43.00,$39.005
06/02/2020,$40.60,"7,880",$42.50,$43.285,$38.90
06/01/2020,$41.005,"31,357",$45.00,$45.00,$38.90
05/29/2020,$49.00,"14,475",$50.00,$50.50,$41.05
05/28/2020,$51.50,"15,130",$51.50,$53.50,$48.00
05/27/2020,$51.50,"43,609",$47.45,$57.50,$42.675
05/26/2020,$47.25,"14,546",$49.00,$50.00,$46.00
05/22/2020,$46.00,"12,023",$43.00,$47.25,$41.02
05/21/2020,$42.00,"12,515",$39.75,$44.50,$38.805
05/20/2020,$39.00,"11,047",$34.50,$39.75,$34.50
05/19/2020,$35.05,"7,438",$34.825,$36.50,$34.00
05/18/2020,$35.625,"12,546",$37.50,$39.50,$32.65
05/15/2020,$35.50,"14,221",$34.50,$36.855,$32.29
05/14/2020,$31.53,"5,654",$32.55,$32.945,$31.25
05/13/2020,$32.685,"10,796",$34.50,$34.82,$28.505
05/12/2020,$32.10,"18,752",$37.00,$39.06,$31.53
05/11/2020,$35.45,"15,177",$32.50,$35.975,$31.50
05/08/2020,$32.60,"17,751",$29.31,$33.00,$29.255
05/07/2020,$29.035,"7,269",$29.125,$29.50,$28.00
05/06/2020,$28.545,"9,442",$28.05,$29.995,$27.62
05/05/2020,$27.255,"10,730",$25.55,$28.50,$25.55
05/04/2020,$25.7616,615,$25.50,$26.37,$25.50
05/01/2020,$25.44,"1,077",$26.50,$26.50,$25.055
04/30/2020,$26.465,"2,214",$26.75,$27.88,$26.00
04/29/2020,$27.365,"1,029",$27.50,$28.00,$25.70
04/28/2020,$27.00,"5,590",$28.25,$28.25,$25.055
04/27/2020,$27.505,"3,526",$28.50,$29.50,$27.45
04/24/2020,$28.00,"4,344",$29.80,$30.41,$27.755
04/23/2020,$29.80,"4,067",$29.75,$30.495,$27.50
04/22/2020,$29.00,"5,813",$27.80,$30.00,$27.50
04/21/2020,$27.50,"3,288",$27.00,$27.50,$26.635
04/20/2020,$26.85,"3,526",$25.84,$27.00,$25.81
04/17/2020,$25.809,"1,636",$25.23,$27.00,$25.23
04/16/2020,$25.305,"2,620",$26.00,$27.00,$24.76
04/15/2020,$25.61,"2,525",$26.90,$26.90,$25.00
04/14/2020,$26.995,"2,530",$27.00,$27.50,$26.01
04/13/2020,$26.49,"1,920",$27.00,$27.00,$24.625
04/09/2020,$26.00,"4,359",$25.00,$27.00,$24.50
04/08/2020,$24.50,"5,281",$22.50,$27.00,$20.885
04/07/2020,$22.005,"1,874",$22.31,$22.95,$20.955
04/06/2020,$21.51,"2,234",$21.875,$22.495,$20.55
04/03/2020,$21.875,"5,563",$20.00,$24.38,$19.505
04/02/2020,$19.765,696,$19.50,$20.00,$19.18
04/01/2020,$19.505,"2,488",$19.50,$20.50,$19.15
03/31/2020,$19.912,"4,010",$20.35,$20.625,$19.15
03/30/2020,$20.1975,"1,736",$20.70,$20.70,$19.70
03/27/2020,$20.50,"2,776",$21.50,$21.50,$19.72
03/26/2020,$20.77,"2,711",$19.00,$21.70,$19.00
03/25/2020,$20.375,"3,498",$21.00,$21.00,$19.80
03/24/2020,$21.235,"3,188",$19.51,$21.87,$19.00
03/23/2020,$19.12,"1,019",$19.71,$20.00,$19.00
03/20/2020,$19.45,"1,130",$20.495,$20.50,$19.25
03/19/2020,$20.1728,871,$19.76,$21.125,$19.05
03/18/2020,$19.60,"1,933",$21.50,$21.50,$19.2225
03/17/2020,$21.505,"3,075",$22.00,$22.00,$20.00
03/16/2020,$21.65,"1,860",$20.50,$22.08,$20.00
03/13/2020,$21.875,"2,917",$22.15,$23.5773,$20.00
03/12/2020,$22.0895,"5,726",$24.75,$24.75,$20.00
03/11/2020,$25.7767,"2,644",$24.50,$26.765,$24.50
03/10/2020,$24.255,"2,618",$25.33,$25.595,$24.095
03/09/2020,$24.125,"2,411",$25.00,$25.50,$24.0765
03/06/2020,$26.19,"2,271",$26.855,$26.855,$25.00
03/05/2020,$26.855,"1,627",$27.00,$27.45,$26.00
03/04/2020,$26.50,"3,068",$26.735,$27.80,$26.10
03/03/2020,$26.08,"1,757",$26.75,$26.75,$25.175
03/02/2020,$25.7588,"2,377",$25.725,$26.495,$24.75
02/28/2020,$24.06,"4,953",$25.00,$25.005,$23.25
02/27/2020,$25.80,"5,585",$26.705,$27.00,$23.615
02/26/2020,$27.2125,"1,607",$28.25,$28.25,$26.79
02/25/2020,$27.50,"3,524",$28.00,$28.50,$26.92
02/24/2020,$28.125,"2,212",$29.345,$29.345,$27.65
02/21/2020,$28.8581,"4,861",$32.66,$32.66,$28.50
02/20/2020,$31.975,"22,980",$28.50,$34.245,$28.00
02/19/2020,$29.00,"6,346",$29.00,$29.50,$27.66
02/18/2020,$27.445,"2,439",$28.00,$28.50,$27.00
02/14/2020,$27.50,"2,888",$27.00,$28.15,$26.40
02/13/2020,$27.50,"1,616",$27.165,$27.50,$26.035
02/12/2020,$27.1025,827,$26.61,$27.50,$26.00
02/11/2020,$26.94,"1,746",$27.50,$27.50,$25.65
02/10/2020,$27.25,"1,227",$27.525,$27.76,$26.375
02/07/2020,$26.86,"2,111",$26.875,$28.25,$26.50
02/06/2020,$27.345,881,$27.00,$27.495,$26.51
02/05/2020,$27.00,"2,038",$26.97,$27.50,$25.80
02/04/2020,$26.335,"2,706",$27.00,$27.00,$25.50
02/03/2020,$25.325,"3,642",$26.84,$27.60,$25.27
01/31/2020,$26.775,"7,557",$27.50,$28.55,$25.625
01/30/2020,$28.3299,"4,867",$28.36,$29.50,$27.50
01/29/2020,$29.485,"25,424",$34.00,$35.00,$28.00
01/28/2020,$27.0642,"3,647",$26.86,$28.4827,$26.60
01/27/2020,$26.51,"1,982",$27.00,$27.495,$26.50
01/24/2020,$27.005,"7,643",$28.795,$30.00,$27.005
01/23/2020,$28.295,"9,382",$31.50,$32.00,$27.505
01/22/2020,$31.25,"4,057",$32.765,$33.65,$31.00
01/21/2020,$31.785,"6,476",$31.95,$34.50,$30.75
01/17/2020,$31.50,"6,299",$32.175,$32.81,$31.50
01/16/2020,$31.405,"4,406",$30.45,$32.401,$30.00
01/15/2020,$29.50,"3,106",$29.87,$31.25,$29.25
01/14/2020,$29.47,"3,064",$30.50,$30.80,$29.00
01/13/2020,$30.805,"3,444",$29.995,$31.745,$29.105
01/10/2020,$31.005,"4,000",$32.495,$32.90,$30.50
01/09/2020,$32.495,"8,028",$30.645,$33.50,$29.35
01/08/2020,$30.4949,"1,643",$29.35,$31.00,$29.255
01/07/2020,$30.5771,"3,906",$32.25,$32.25,$29.35
01/06/2020,$31.66,"7,211",$29.61,$33.665,$29.60
01/03/2020,$32.645,"3,467",$36.15,$36.15,$32.645
01/02/2020,$35.50,"8,692",$34.495,$36.15,$32.90
12/31/2019,$34.485,"7,193",$33.00,$35.00,$31.75
12/30/2019,$32.845,"9,056",$28.91,$33.40,$28.55
12/27/2019,$29.50,"8,690",$26.25,$30.00,$26.25
12/26/2019,$26.945,"4,171",$26.25,$27.18,$25.625
12/24/2019,$26.75,"2,510",$26.245,$28.1335,$26.1418
12/23/2019,$26.22,"1,069",$26.00,$27.30,$25.645
12/20/2019,$26.66,"3,501",$27.25,$28.125,$25.50
12/19/2019,$27.25,"1,324",$29.00,$29.00,$27.155
12/18/2019,$28.84,"7,707",$27.00,$28.895,$25.00
12/17/2019,$27.495,"4,146",$28.40,$28.40,$26.16
12/16/2019,$27.89,"5,350",$29.05,$30.25,$27.50
12/13/2019,$29.5757,"1,722",$31.00,$31.10,$29.00
12/12/2019,$30.015,"5,588",$30.11,$32.45,$28.875
12/11/2019,$30.75,"5,536",$33.50,$33.67,$30.75
12/10/2019,$32.9679,"4,656",$32.50,$33.50,$32.00
12/09/2019,$32.825,"6,967",$31.25,$33.50,$31.25
12/06/2019,$31.125,"4,361",$29.505,$32.00,$29.505
12/05/2019,$28.7858,"7,895",$32.375,$32.875,$28.4841
12/04/2019,$32.505,"6,379",$31.50,$34.00,$31.50
12/03/2019,$32.415,"8,084",$34.50,$35.50,$30.20
12/02/2019,$34.37,"6,876",$38.17,$38.17,$34.05
11/29/2019,$36.90,"3,972",$34.50,$37.39,$34.50
11/27/2019,$34.45,"14,844",$38.655,$38.655,$33.18
11/26/2019,$37.735,"22,452",$42.50,$43.70,$36.01
11/25/2019,$45.505,"97,888",$51.50,$62.50,$41.05
11/22/2019,$52.50,"62,380",$42.00,$54.50,$38.505
11/21/2019,$41.2426,"26,070",$40.00,$41.50,$35.65
11/20/2019,$39.42,"28,829",$34.25,$41.50,$34.25
11/19/2019,$34.25,"16,782",$37.50,$37.50,$30.00
11/18/2019,$37.49,"13,984",$39.99,$40.00,$35.56
11/15/2019,$38.50,"9,464",$39.95,$39.95,$37.50
11/14/2019,$39.195,"23,645",$42.50,$42.995,$36.00
11/13/2019,$40.68,"61,327",$37.00,$43.00,$35.625
11/12/2019,$36.75,"8,332",$36.00,$37.50,$34.75
11/11/2019,$36.00,"36,861",$34.00,$37.445,$32.51
11/08/2019,$34.25,"5,443",$35.00,$36.00,$33.00
11/07/2019,$35.00,"13,041",$37.00,$37.00,$30.75
11/06/2019,$36.125,"15,248",$33.50,$37.75,$33.50
11/05/2019,$34.50,"16,747",$34.95,$36.00,$33.10
11/04/2019,$33.02,"5,724",$33.00,$34.925,$32.05
11/01/2019,$32.00,"6,042",$32.35,$33.75,$31.50
10/31/2019,$33.50,"9,344",$36.50,$36.50,$31.50
10/30/2019,$35.00,"13,986",$31.40,$36.00,$30.03
10/29/2019,$31.50,"38,429",$28.84,$35.00,$28.645
10/28/2019,$28.49,"3,898",$28.715,$29.50,$28.00
10/25/2019,$28.40,"4,911",$28.80,$29.00,$27.00
10/24/2019,$28.00,"7,703",$27.165,$28.86,$26.00
10/23/2019,$26.745,"4,378",$24.50,$27.95,$24.50
10/22/2019,$24.56,"3,004",$24.435,$27.00,$24.435
10/21/2019,$24.435,"3,145",$24.97,$27.00,$24.005
10/18/2019,$24.30,"4,115",$25.90,$26.75,$24.01
10/17/2019,$25.93,"23,079",$22.295,$28.50,$22.24
10/16/2019,$22.24,"3,531",$21.325,$22.9319,$21.255
10/15/2019,$21.255,"4,062",$22.155,$22.50,$21.00
10/14/2019,$21.10,"5,661",$20.60,$22.40,$20.10
10/11/2019,$20.25,"5,863",$21.50,$21.625,$20.10
10/10/2019,$21.50,"4,102",$22.50,$23.00,$20.50
10/09/2019,$22.25,"7,424",$21.99,$23.995,$21.10
10/08/2019,$22.375,"1,207",$22.60,$23.425,$21.99
10/07/2019,$22.60,"3,778",$23.675,$24.32,$22.10
10/04/2019,$23.68,"2,516",$25.00,$26.17,$22.50
10/03/2019,$25.00,"2,501",$25.50,$26.475,$25.00
10/02/2019,$26.50,"2,972",$27.00,$28.00,$25.50
10/01/2019,$27.50,"1,549",$26.623,$28.505,$25.755
09/30/2019,$27.645,"2,250",$28.135,$28.135,$25.76
09/27/2019,$26.605,"3,798",$27.885,$28.7188,$25.565
09/26/2019,$27.885,"3,248",$31.00,$31.00,$27.55
09/25/2019,$29.25,"3,724",$29.0123,$30.00,$27.00
09/24/2019,$29.51,"3,212",$29.655,$31.00,$29.00
09/23/2019,$30.075,"2,882",$30.845,$30.945,$29.00
09/20/2019,$30.055,"1,329",$30.005,$30.99,$30.005
09/19/2019,$30.1275,"4,156",$30.90,$31.40,$30.005
09/18/2019,$30.75,"6,769",$32.08,$32.905,$29.50
09/17/2019,$32.00,"5,472",$33.975,$35.00,$31.70
09/16/2019,$32.51,"7,498",$35.75,$36.00,$32.11
09/13/2019,$35.585,"14,391",$31.60,$36.74,$31.50
09/12/2019,$31.795,"4,144",$33.50,$33.5063,$31.00
09/11/2019,$33.00,"7,012",$30.75,$33.00,$30.75
09/10/2019,$31.195,"3,432",$31.00,$32.395,$30.50
09/09/2019,$31.875,"7,321",$31.50,$33.55,$31.25
09/06/2019,$31.50,"14,299",$32.00,$33.50,$29.165
09/05/2019,$30.505,"17,034",$30.39,$33.35,$28.165
09/04/2019,$30.00,"8,829",$29.50,$30.965,$27.60
09/03/2019,$28.845,"7,368",$31.53,$32.00,$28.505
08/30/2019,$31.50,"8,485",$31.00,$32.50,$30.555
08/29/2019,$31.60,"13,303",$32.25,$32.50,$30.10
08/28/2019,$32.915,"20,562",$32.50,$34.50,$30.50
08/27/2019,$32.50,"23,147",$36.50,$37.20,$30.025
08/26/2019,$38.535,"111,876",$42.75,$45.00,$35.625
08/23/2019,$38.25,"6,381",$38.42,$39.50,$37.75
08/22/2019,$38.505,"3,343",$39.00,$39.8938,$37.63
08/21/2019,$38.51,"2,810",$38.445,$39.5825,$36.50
08/20/2019,$38.445,"6,270",$38.50,$39.415,$35.50
08/19/2019,$38.75,"9,540",$42.00,$42.105,$37.50
08/16/2019,$41.495,"7,340",$43.00,$43.72,$40.06
08/15/2019,$42.555,"9,111",$47.50,$47.50,$42.50
08/14/2019,$46.745,"47,920",$46.50,$49.50,$43.50
08/13/2019,$78.52,"79,463",$82.50,$122.50,$77.00
08/12/2019,$84.50,802,$82.00,$90.00,$80.905
08/09/2019,$84.00,"2,345",$80.50,$92.00,$80.50
08/08/2019,$80.50,"1,091",$78.00,$82.00,$78.00
08/07/2019,$79.00,933,$83.00,$83.00,$77.50
08/06/2019,$84.00,"5,434",$79.00,$85.00,$76.00
08/05/2019,$77.00,"2,216",$82.00,$82.00,$75.00
08/02/2019,$82.00,"2,331",$76.50,$82.00,$76.50
08/01/2019,$76.00,"11,051",$80.00,$88.50,$73.505
07/31/2019,$89.00,"141,012",$84.00,$129.50,$84.00
07/30/2019,$84.00,"2,456",$84.00,$85.00,$79.00
07/29/2019,$81.00,"2,459",$85.00,$89.00,$78.00
07/26/2019,$83.00,"4,508",$80.50,$86.45,$77.50
07/25/2019,$79.50,"20,685",$72.00,$85.00,$66.50
07/24/2019,$75.50,"307,323",$62.50,$133.00,$62.50
07/23/2019,$62.455,745,$64.69,$64.69,$60.50
07/22/2019,$65.00,647,$64.00,$66.50,$60.50
07/19/2019,$64.00,577,$67.00,$68.67,$62.815
07/18/2019,$67.50,"1,064",$70.00,$70.00,$65.00
07/17/2019,$67.00,"1,054",$68.50,$71.50,$65.00
07/16/2019,$68.67,793,$71.00,$74.00,$68.67
07/15/2019,$72.15,"1,549",$74.50,$74.50,$70.50
07/12/2019,$71.50,469,$73.50,$75.00,$71.50
07/11/2019,$74.00,983,$75.00,$75.00,$71.50
07/10/2019,$75.00,"1,155",$76.50,$78.465,$74.00
07/09/2019,$75.50,"1,097",$71.675,$79.105,$71.50
07/08/2019,$74.50,"1,965",$82.00,$82.00,$71.50
07/05/2019,$76.50,"2,974",$71.50,$80.76,$71.50
07/03/2019,$70.00,"1,010",$73.50,$73.50,$64.50
07/02/2019,$67.975,"1,874",$65.00,$72.00,$63.00
07/01/2019,$64.005,899,$63.50,$64.95,$61.00
06/28/2019,$64.50,"3,813",$62.50,$67.50,$61.00
06/27/2019,$63.88,"36,070",$68.00,$95.00,$61.05
06/26/2019,$59.50,"6,658",$70.50,$73.00,$59.00
06/25/2019,$71.00,"4,177",$78.00,$78.00,$68.00
06/24/2019,$78.00,"1,421",$80.55,$81.00,$77.00
06/21/2019,$77.00,"1,837",$79.50,$80.03,$76.50
06/20/2019,$80.00,837,$82.00,$82.00,$78.00
06/19/2019,$82.00,"2,264",$82.00,$82.50,$76.50
06/18/2019,$81.50,"4,609",$80.50,$83.00,$76.00
06/17/2019,$80.00,"4,510",$88.00,$88.50,$78.50
06/14/2019,$87.50,"3,820",$90.00,$90.00,$83.00
06/13/2019,$90.00,"10,430",$94.00,$99.00,$84.50
06/12/2019,$93.50,"12,660",$90.00,$96.00,$89.50
06/11/2019,$90.50,"2,829",$87.50,$92.475,$85.00
06/10/2019,$85.50,"5,104",$91.50,$93.975,$82.50
06/07/2019,$92.00,"2,435",$97.00,$97.00,$90.50
06/06/2019,$97.50,"5,807",$97.00,$101.50,$90.00
06/05/2019,$102.50,"16,290",$99.50,$104.50,$87.50
06/04/2019,$99.00,"6,605",$102.00,$108.50,$93.50
06/03/2019,$102.50,"39,385",$122.50,$122.50,$91.50
05/31/2019,$204.00,"108,051",$85.00,$287.50,$85.00
05/30/2019,$84.50,418,$81.00,$89.00,$77.00
05/29/2019,$82.50,"1,436",$85.00,$92.25,$80.005
05/28/2019,$91.00,634,$102.50,$106.50,$75.50
05/24/2019,$93.00,"3,371",$100.00,$104.495,$82.50
05/23/2019,$112.50,"4,180",$135.00,$138.825,$111.00
05/22/2019,$139.50,"8,182",$127.50,$149.50,$110.50
05/21/2019,$126.00,"4,976",$107.50,$138.00,$105.045
05/20/2019,$103.50,"2,175",$112.50,$116.00,$93.50
05/17/2019,$117.50,662,$125.50,$125.50,$112.50
05/16/2019,$122.00,"1,873",$129.00,$129.00,$113.005
05/15/2019,$110.50,"2,696",$134.00,$135.00,$110.00
05/14/2019,$134.00,614,$138.815,$139.365,$129.00
05/13/2019,$129.50,"5,702",$140.00,$144.00,$117.50
05/10/2019,$144.00,"2,491",$167.00,$173.00,$144.00
05/09/2019,$169.50,"4,983",$169.00,$179.50,$165.00
05/08/2019,$167.00,"7,168",$175.00,$193.50,$154.50
05/07/2019,$189.20,"1,031",$195.00,$195.00,$182.50
05/06/2019,$187.70,240,$190.80,$197.45,$183.55
05/03/2019,$181.75,288,$175.00,$190.00,$175.00
05/02/2019,$180.00,192,$185.00,$187.50,$180.00
05/01/2019,$185.00,711,$190.00,$197.35,$175.05
04/30/2019,$196.4615,665,$177.05,$198.45,$175.00
04/29/2019,$181.35,258,$179.50,$182.45,$170.50
04/26/2019,$175.1835,193,$179.00,$181.25,$167.75
04/25/2019,$175.05,302,$165.75,$185.00,$165.50
04/24/2019,$165.00,618,$195.00,$195.00,$165.00
04/23/2019,$199.55,"1,283",$171.50,$210.00,$163.65
04/22/2019,$171.35,"1,070",$181.50,$184.20,$157.45
04/18/2019,$183.10,746,$185.00,$186.00,$155.55
04/17/2019,$179.90,298,$182.25,$188.50,$175.55
04/16/2019,$183.50,335,$180.00,$183.50,$175.05
04/15/2019,$173.75,927,$182.00,$186.00,$170.00
04/12/2019,$175.00,144,$183.75,$189.80,$170.00
04/11/2019,$175.00,88,$182.95,$185.00,$170.00
04/10/2019,$175.05,448,$175.00,$183.75,$165.50
04/09/2019,$183.40,"1,020",$200.00,$209.90,$163.75
04/08/2019,$200.05,142,$212.50,$212.50,$195.15
04/05/2019,$212.90,146,$210.00,$222.30,$205.05
04/04/2019,$207.50,429,$225.00,$225.00,$205.00
04/03/2019,$225.00,767,$200.00,$225.35,$195.00
04/02/2019,$217.00,"1,897",$235.00,$235.00,$180.00
04/01/2019,$245.566,544,$250.00,$250.00,$225.00
03/29/2019,$245.00,295,$230.00,$250.00,$229.8825
03/28/2019,$228.50,389,$235.00,$245.00,$225.00
03/27/2019,$233.50,"4,832",$284.95,$314.55,$220.00
03/26/2019,$275.00,"2,354",$260.00,$285.15,$253.50
03/25/2019,$259.75,325,$250.00,$265.00,$245.55
03/22/2019,$248.95,524,$252.55,$252.55,$230.05
03/21/2019,$252.50,734,$245.00,$256.25,$210.00
03/20/2019,$247.40,"2,517",$259.60,$275.00,$240.05
03/19/2019,$235.00,"2,754",$185.00,$255.00,$175.00
03/18/2019,$179.50,812,$161.00,$185.00,$160.00
03/15/2019,$169.50,315,$165.50,$169.50,$160.00
03/14/2019,$164.50,130,$176.00,$176.50,$160.00
03/13/2019,$165.00,774,$155.00,$170.00,$150.15
03/12/2019,$160.05,344,$159.90,$169.65,$155.00
03/11/2019,$160.00,381,$176.00,$176.00,$152.00
03/08/2019,$160.75,387,$147.00,$160.75,$141.60
03/07/2019,$145.00,229,$157.50,$157.50,$140.50
03/06/2019,$151.60,289,$157.50,$157.50,$150.00
03/05/2019,$153.65,113,$160.00,$160.00,$153.15
03/04/2019,$152.55,625,$160.40,$167.45,$150.00
03/01/2019,$164.50,131,$160.55,$167.50,$160.00
02/28/2019,$162.15,228,$165.00,$167.50,$156.00
02/27/2019,$166.00,841,$156.10,$172.50,$156.10
02/26/2019,$159.50,181,$159.50,$170.00,$156.00
02/25/2019,$159.50,392,$170.15,$170.15,$155.50
02/22/2019,$166.00,532,$175.00,$176.15,$160.00
02/21/2019,$166.00,417,$177.30,$177.45,$161.00
02/20/2019,$169.30,716,$200.00,$200.00,$166.50
02/19/2019,$196.00,156,$192.25,$210.00,$192.00
02/15/2019,$199.80,105,$195.00,$200.00,$190.20
02/14/2019,$195.00,144,$190.15,$199.85,$190.15
02/13/2019,$192.85,127,$190.00,$199.85,$186.55
02/12/2019,$195.00,86,$200.00,$200.00,$182.60
02/11/2019,$191.25,170,$199.00,$206.45,$186.30
02/08/2019,$206.55,202,$200.00,$210.00,$185.00
02/07/2019,$203.5625,82,$200.65,$210.00,$200.00
02/06/2019,$206.10,75,$200.00,$208.25,$175.75
02/05/2019,$200.00,161,$195.00,$205.00,$189.05
02/04/2019,$189.05,87,$175.00,$190.00,$175.00
02/01/2019,$168.50,258,$185.00,$190.05,$165.00
01/31/2019,$180.70,159,$179.55,$192.00,$179.00
01/30/2019,$171.00,143,$175.00,$189.95,$170.00
01/29/2019,$174.95,607,$195.00,$200.00,$165.00
01/28/2019,$197.55,26,$200.00,$204.00,$195.00
01/25/2019,$200.00,314,$207.50,$219.00,$190.65
01/24/2019,$207.00,84,$205.00,$219.95,$195.00
01/23/2019,$205.00,99,$220.00,$222.50,$205.00
01/22/2019,$214.05,113,$206.00,$224.55,$205.05
01/18/2019,$209.4615,202,$220.00,$230.00,$204.75
01/17/2019,$207.00,61,$215.00,$224.00,$205.00
01/16/2019,$215.00,38,$205.00,$219.00,$200.00
01/15/2019,$205.00,34,$223.60,$223.60,$190.00
01/14/2019,$215.00,47,$221.60,$221.60,$210.00
01/11/2019,$212.20,160,$206.00,$232.45,$185.00
01/10/2019,$196.22,260,$210.00,$235.00,$175.50
01/09/2019,$225.00,190,$240.00,$240.00,$210.00
01/08/2019,$229.95,221,$240.00,$240.00,$200.00
01/07/2019,$205.00,226,$180.00,$234.00,$177.55
01/04/2019,$179.90,80,$170.00,$180.00,$170.00
01/03/2019,$167.50,111,$175.00,$176.20,$167.50
01/02/2019,$175.55,32,$179.45,$179.45,$165.85
12/31/2018,$170.95,314,$160.00,$180.00,$160.00
12/28/2018,$183.00,319,$172.50,$183.00,$160.50
12/27/2018,$175.00,445,$172.50,$183.00,$160.05
12/26/2018,$170.05,314,$167.00,$172.50,$160.05
12/24/2018,$159.901,206,$165.00,$167.00,$155.00
12/21/2018,$160.35,456,$167.00,$167.00,$155.00
12/20/2018,$166.65,316,$180.00,$194.00,$165.50
12/19/2018,$177.50,192,$185.00,$207.95,$175.05
12/18/2018,$195.10,65,$200.05,$215.00,$195.05
12/17/2018,$195.147,320,$230.55,$237.50,$190.05
12/14/2018,$225.05,358,$250.00,$250.00,$225.05
12/13/2018,$231.50,68,$230.05,$255.00,$225.00
12/12/2018,$230.05,226,$249.95,$249.95,$230.00
12/11/2018,$247.311,112,$242.35,$250.00,$241.15
12/10/2018,$241.60,116,$255.00,$255.00,$241.20
12/07/2018,$257.752,80,$255.00,$258.00,$250.00
12/06/2018,$248.55,148,$260.00,$260.00,$241.35
12/04/2018,$248.40,34,$253.00,$259.95,$248.40
12/03/2018,$248.40,103,$254.10,$259.00,$242.60
11/30/2018,$242.00,410,$245.70,$270.00,$240.00
11/29/2018,$235.05,365,$235.05,$250.00,$230.05
11/28/2018,$240.05,68,$250.50,$255.00,$240.05
11/27/2018,$250.2485,377,$255.05,$268.383,$221.00
11/26/2018,$263.5325,743,$280.00,$299.00,$255.05
11/23/2018,$277.50,70,$275.85,$284.00,$265.05
11/21/2018,$276.25,200,$302.50,$318.75,$265.05
11/20/2018,$300.05,930,$295.05,$340.00,$295.05
11/19/2018,$305.00,215,$300.00,$325.00,$290.00
11/16/2018,$315.00,75,$300.00,$315.00,$300.00
11/15/2018,$300.4485,51,$315.00,$318.30,$300.4485
11/14/2018,$305.00,143,$320.00,$320.00,$290.00
11/13/2018,$310.00,115,$300.00,$320.00,$290.10
11/12/2018,$300.00,25,$280.10,$303.05,$280.10
11/09/2018,$288.1085,38,$310.00,$310.00,$280.10
11/08/2018,$304.95,165,$305.00,$310.00,$280.05
11/07/2018,$313.75,157,$320.00,$325.00,$300.00
11/06/2018,$312.55,80,$320.00,$339.00,$280.05
11/05/2018,$310.00,55,$310.00,$310.00,$281.00
11/02/2018,$291.45,48,$285.00,$300.00,$280.20
11/01/2018,$294.95,113,$300.00,$317.75,$286.10
10/31/2018,$282.40,72,$294.00,$300.00,$280.00
10/30/2018,$280.00,38,$282.00,$300.00,$280.00
10/29/2018,$280.00,147,$310.00,$310.00,$275.00
10/26/2018,$307.035,82,$307.50,$320.00,$280.05
10/25/2018,$307.50,75,$308.30,$325.00,$307.50
10/24/2018,$315.05,107,$347.50,$347.50,$305.05
10/23/2018,$340.00,94,$345.00,$350.00,$301.25
10/22/2018,$340.00,91,$330.00,$340.00,$315.00
10/19/2018,$334.95,115,$335.00,$335.00,$310.00
10/18/2018,$325.00,177,$295.00,$325.00,$290.65
10/17/2018,$317.50,59,$325.00,$325.00,$295.15
10/16/2018,$325.00,20,$303.60,$325.00,$301.60
10/15/2018,$301.60,117,$310.00,$316.8085,$300.05
10/12/2018,$323.95,67,$340.00,$340.00,$295.05
10/11/2018,$324.00,121,$345.00,$345.00,$300.00
10/10/2018,$305.00,149,$340.00,$345.00,$270.00
10/09/2018,$325.00,185,$335.00,$350.00,$325.00
10/08/2018,$350.00,79,$350.00,$360.00,$330.30
10/05/2018,$353.25,154,$358.95,$360.00,$345.00
10/04/2018,$359.05,107,$345.50,$370.00,$345.50
10/03/2018,$360.05,246,$375.05,$384.00,$345.05
10/02/2018,$366.05,72,$360.00,$389.50,$360.00
10/01/2018,$375.00,58,$375.00,$385.00,$361.05
09/28/2018,$363.75,159,$390.00,$398.10,$360.00
09/27/2018,$376.00,59,$368.00,$395.00,$368.00
09/26/2018,$377.50,130,$404.10,$404.10,$365.00
09/25/2018,$397.50,344,$410.00,$411.15,$365.00
09/24/2018,$410.00,492,$410.00,$425.00,$380.00
09/21/2018,$401.8195,677,$390.00,$409.50,$380.10
09/20/2018,$388.05,348,$375.00,$390.00,$370.05
09/19/2018,$370.00,345,$350.00,$390.00,$330.40
09/18/2018,$350.00,213,$350.00,$350.00,$325.00
09/17/2018,$363.20,144,$375.00,$375.00,$350.00
09/14/2018,$373.35,351,$375.00,$375.00,$328.75
09/13/2018,$365.00,288,$367.40,$367.40,$335.00
09/12/2018,$349.95,332,$330.00,$355.00,$330.00
09/11/2018,$330.00,703,$295.00,$370.00,$295.00
09/10/2018,$294.55,80,$280.00,$294.55,$267.50
09/07/2018,$279.8515,303,$268.35,$280.00,$262.55
09/06/2018,$270.063,51,$282.50,$282.50,$265.05
09/05/2018,$278.50,304,$262.55,$280.00,$262.55
09/04/2018,$265.05,164,$287.25,$292.5895,$261.75
08/31/2018,$273.60,95,$258.00,$273.60,$258.00
08/30/2018,$269.995,232,$270.00,$274.35,$265.30
08/29/2018,$272.50,273,$269.50,$275.00,$266.555
08/28/2018,$269.45,180,$270.00,$270.00,$265.65
08/27/2018,$269.90,423,$275.00,$275.00,$260.00
08/24/2018,$258.155,291,$265.00,$270.00,$255.15
08/23/2018,$262.50,286,$270.00,$272.55,$256.35
08/22/2018,$262.50,215,$275.00,$278.70,$260.05
08/21/2018,$278.70,195,$270.00,$278.75,$252.505
08/20/2018,$259.90,211,$260.00,$260.00,$246.094
08/17/2018,$252.00,287,$250.10,$260.00,$235.65
08/16/2018,$246.35,257,$222.50,$265.00,$222.50
08/15/2018,$224.50,141,$225.00,$225.00,$210.05
08/14/2018,$220.05,315,$230.00,$230.00,$200.05
08/13/2018,$223.75,919,$255.05,$264.35,$162.85
08/10/2018,$257.5755,160,$260.05,$265.00,$254.00
08/09/2018,$265.15,121,$278.60,$281.541,$265.15
08/08/2018,$275.00,81,$286.05,$286.05,$256.60
08/07/2018,$282.40,105,$275.00,$293.55,$275.00
08/06/2018,$280.10,190,$303.75,$303.75,$280.10
08/03/2018,$299.2585,299,$288.95,$304.00,$281.55
08/02/2018,$281.95,141,$275.00,$283.75,$270.15
08/01/2018,$274.95,176,$259.35,$275.00,$252.15
07/31/2018,$257.55,347,$271.40,$275.00,$233.731
07/30/2018,$270.00,316,$290.00,$294.4275,$265.00
07/27/2018,$287.50,287,$304.95,$310.00,$287.50
07/26/2018,$304.15,73,$300.50,$311.65,$300.50
07/25/2018,$313.15,178,$324.95,$325.00,$295.00
07/24/2018,$317.65,133,$325.00,$325.00,$316.00
07/23/2018,$317.50,147,$330.00,$334.3795,$315.00
07/20/2018,$325.2955,190,$319.65,$330.00,$316.25
07/19/2018,$320.665,268,$310.00,$327.45,$310.00
07/18/2018,$307.50,125,$320.00,$340.00,$307.50
07/17/2018,$320.45,331,$328.00,$335.00,$316.00
07/16/2018,$337.50,37,$326.35,$345.00,$326.35
07/13/2018,$332.50,379,$350.00,$354.00,$304.00
07/12/2018,$337.20,276,$350.40,$354.00,$330.00
07/11/2018,$350.00,267,$355.00,$355.00,$332.50
07/10/2018,$345.00,615,$365.00,$365.00,$330.05
07/09/2018,$345.50,567,$343.75,$350.00,$332.9955
07/06/2018,$340.05,403,$325.00,$343.75,$324.50
07/05/2018,$324.55,231,$325.00,$335.35,$321.00
07/03/2018,$335.70,93,$350.00,$350.00,$325.70
07/02/2018,$340.00,199,$349.95,$349.95,$336.195
06/29/2018,$341.50,325,$350.00,$354.95,$340.00
06/28/2018,$348.00,463,$340.00,$349.00,$335.00
06/27/2018,$340.95,794,$350.00,$359.95,$335.00
06/26/2018,$347.45,"1,045",$345.00,$350.00,$320.00
06/25/2018,$328.00,"1,333",$350.00,$355.75,$327.50
06/22/2018,$349.95,"1,057",$375.00,$380.00,$327.50
06/21/2018,$376.25,"1,298",$407.00,$412.25,$371.50
06/20/2018,$407.60,346,$425.00,$425.00,$405.00
06/19/2018,$419.85,174,$420.00,$429.4595,$412.60
06/18/2018,$420.05,515,$417.50,$422.50,$410.05
06/15/2018,$424.00,330,$425.00,$428.912,$415.943
06/14/2018,$428.95,156,$425.00,$429.00,$422.55
06/13/2018,$429.00,"1,199",$445.00,$445.00,$419.00
06/12/2018,$434.7895,505,$448.95,$448.95,$430.00
06/11/2018,$450.00,185,$465.00,$465.00,$440.50
06/08/2018,$450.00,561,$465.00,$467.00,$449.95
06/07/2018,$447.55,210,$440.00,$453.00,$435.05
06/06/2018,$437.55,254,$445.10,$460.00,$435.80
06/05/2018,$445.3895,295,$435.00,$463.8135,$435.00
06/04/2018,$449.95,423,$442.80,$457.1735,$435.05
06/01/2018,$446.35,373,$454.15,$460.00,$442.80
05/31/2018,$445.00,65,$450.00,$459.4405,$443.65
05/30/2018,$450.00,881,$477.15,$484.25,$440.00
05/29/2018,$467.2765,210,$475.00,$476.25,$460.35
05/25/2018,$467.50,261,$490.00,$490.00,$467.50
05/24/2018,$475.00,205,$480.00,$484.65,$472.60
05/23/2018,$477.45,261,$490.00,$490.00,$474.95
05/22/2018,$490.00,326,$484.90,$495.00,$470.05
05/21/2018,$491.25,351,$490.00,$497.50,$480.05
05/18/2018,$495.00,83,$498.55,$498.55,$477.875
05/17/2018,$486.00,184,$475.00,$505.00,$475.00
05/16/2018,$485.00,747,$520.00,$520.00,$470.05
05/15/2018,$520.00,463,$470.00,$525.00,$470.00
05/14/2018,$480.05,211,$470.00,$492.125,$470.00
05/11/2018,$472.50,160,$470.00,$477.50,$465.00
05/10/2018,$482.85,206,$490.00,$491.60,$465.00
05/09/2018,$484.95,134,$490.00,$490.00,$470.00
05/08/2018,$475.00,157,$490.00,$490.00,$465.00
05/07/2018,$487.50,121,$495.00,$495.00,$472.40
05/04/2018,$473.75,130,$477.50,$477.50,$470.50
05/03/2018,$470.00,116,$477.50,$477.50,$465.00
05/02/2018,$472.55,192,$479.45,$484.00,$472.04
05/01/2018,$472.50,112,$470.00,$478.50,$460.00
04/30/2018,$470.00,204,$500.00,$500.00,$456.00
04/27/2018,$485.00,211,$460.00,$500.00,$460.00
04/26/2018,$458.25,220,$475.00,$475.00,$450.00
04/25/2018,$455.00,404,$470.00,$484.802,$455.00
04/24/2018,$472.65,372,$485.00,$489.90,$465.00
04/23/2018,$481.50,320,$520.00,$520.00,$475.05
04/20/2018,$515.00,201,$515.00,$520.00,$500.00
04/19/2018,$500.00,445,$520.00,$535.00,$495.00
04/18/2018,$520.00,552,$550.00,$570.00,$515.00
04/17/2018,$550.00,"3,250",$535.00,$690.00,$510.00
04/16/2018,$530.00,228,$550.00,$550.00,$485.00
04/13/2018,$531.60,411,$490.25,$550.00,$490.25
04/12/2018,$490.05,233,$465.00,$506.80,$460.05
04/11/2018,$465.00,101,$470.00,$475.00,$455.35
04/10/2018,$470.00,207,$450.00,$470.00,$450.00
04/09/2018,$447.40,134,$450.00,$464.649,$440.05
04/06/2018,$459.90,63,$469.80,$469.80,$450.00
04/05/2018,$458.70,204,$475.00,$475.00,$449.95
04/04/2018,$468.55,167,$455.00,$479.90,$450.00
04/03/2018,$460.00,167,$455.00,$490.00,$455.00
04/02/2018,$458.00,302,$475.00,$475.00,$450.50
03/29/2018,$470.00,88,$470.00,$480.80,$470.00
03/28/2018,$470.00,126,$482.00,$483.60,$470.00
03/27/2018,$481.60,515,$510.00,$510.00,$465.00
03/26/2018,$492.50,353,$493.15,$525.00,$490.00
03/23/2018,$490.05,253,$505.00,$519.60,$490.05
03/22/2018,$495.00,610,$530.00,$531.90,$490.00
03/21/2018,$515.00,125,$515.00,$527.40,$510.00
03/20/2018,$510.00,277,$520.00,$524.95,$505.70
03/19/2018,$515.00,625,$535.00,$545.00,$510.00
03/16/2018,$539.50,176,$536.00,$555.00,$530.00
03/15/2018,$540.00,179,$535.00,$550.00,$535.00
03/14/2018,$540.00,227,$540.00,$550.00,$515.00
03/13/2018,$540.00,336,$550.00,$550.00,$540.00
03/12/2018,$550.00,432,$585.00,$585.00,$540.00
03/09/2018,$570.00,395,$600.00,$609.50,$570.00
03/08/2018,$605.00,417,$605.00,$615.00,$590.00
03/07/2018,$605.00,327,$580.00,$610.00,$575.00
03/06/2018,$585.00,566,$605.00,$609.10,$580.00
03/05/2018,$605.00,514,$610.00,$615.00,$580.00
03/02/2018,$615.00,418,$600.00,$625.00,$584.45
03/01/2018,$610.00,540,$585.00,$635.00,$565.00
02/28/2018,$575.00,"1,148",$600.00,$629.95,$550.00
02/27/2018,$585.00,"9,773",$505.00,$690.00,$505.00
02/26/2018,$515.00,224,$535.00,$535.00,$515.00
02/23/2018,$525.00,548,$495.00,$535.00,$475.005
02/22/2018,$484.55,714,$475.00,$500.00,$450.00
02/21/2018,$490.00,880,$495.00,$509.95,$480.00
02/20/2018,$485.00,"1,295",$525.00,$550.00,$480.00
02/16/2018,$530.00,"1,014",$600.00,$600.00,$525.00
02/15/2018,$570.00,"3,001",$670.00,$670.00,$520.00
02/14/2018,$680.00,310,$665.00,$685.00,$650.00
02/13/2018,$665.00,309,$640.00,$680.00,$630.50
02/12/2018,$649.95,326,$645.00,$650.00,$615.00
02/09/2018,$610.00,725,$650.00,$650.00,$590.00
02/08/2018,$645.00,636,$655.00,$660.00,$630.00
02/07/2018,$660.00,510,$665.00,$673.35,$655.00
02/06/2018,$675.00,464,$655.00,$709.50,$640.50
02/05/2018,$685.00,715,$720.00,$720.00,$655.00
02/02/2018,$730.00,796,$765.00,$765.00,$680.00
02/01/2018,$755.00,"1,841",$710.00,$795.00,$695.00
01/31/2018,$725.00,"2,140",$655.00,$785.00,$625.70
01/30/2018,$660.00,775,$690.00,$690.00,$640.00
01/29/2018,$695.00,512,$710.00,$710.00,$675.00
01/26/2018,$705.00,664,$680.00,$720.00,$670.00
01/25/2018,$685.00,398,$690.00,$699.50,$670.00
01/24/2018,$690.00,454,$710.00,$715.05,$675.00
01/23/2018,$710.00,468,$715.00,$725.00,$680.00
01/22/2018,$725.00,512,$715.00,$727.50,$675.00
01/19/2018,$700.00,460,$655.00,$715.00,$655.00
01/18/2018,$655.00,"2,217",$700.00,$705.00,$610.00
01/17/2018,$710.00,"2,039",$800.00,$800.00,$700.00
01/16/2018,$775.00,"1,021",$780.00,$800.00,$770.00
01/12/2018,$785.00,669,$805.00,$809.50,$762.05
01/11/2018,$795.00,"1,537",$755.00,$810.00,$755.00
01/10/2018,$775.00,"1,943",$790.00,$809.95,$730.00
01/09/2018,$790.00,"3,166",$830.00,$850.00,$725.00
01/08/2018,$830.00,"4,889",$830.00,$909.70,$820.00
01/05/2018,$837.50,"5,716",$715.00,$875.00,$700.00
01/04/2018,$725.00,"2,583",$715.00,$750.00,$640.00
01/03/2018,$711.65,"8,402",$640.00,$775.00,$630.00
01/02/2018,$615.00,"3,899",$550.00,$620.00,$545.00
12/29/2017,$545.00,"2,907",$535.00,$550.00,$510.00
12/28/2017,$530.00,"3,145",$525.00,$545.00,$480.00
12/27/2017,$525.05,"4,349",$550.00,$575.00,$505.00
12/26/2017,$550.00,"24,354",$590.00,$595.00,$499.00
12/22/2017,$410.05,821,$407.50,$420.00,$399.90
12/21/2017,$407.55,336,$407.50,$423.20,$407.50
12/20/2017,$410.00,418,$410.00,$418.25,$405.00
12/19/2017,$410.00,"2,299",$415.00,$435.00,$404.75
12/18/2017,$410.00,459,$410.00,$417.50,$401.00
12/15/2017,$409.25,883,$418.80,$440.00,$400.50
12/14/2017,$415.00,602,$401.50,$419.00,$401.50
12/13/2017,$401.50,376,$404.50,$420.00,$400.00
12/12/2017,$415.00,940,$422.50,$425.10,$400.00
12/11/2017,$412.50,626,$425.50,$440.00,$409.50
12/08/2017,$430.10,214,$430.00,$447.00,$425.25
12/07/2017,$425.60,542,$430.00,$439.10,$425.00
12/06/2017,$440.00,725,$440.00,$454.25,$430.00
12/05/2017,$441.50,632,$455.50,$466.55,$440.00
12/04/2017,$464.15,926,$476.50,$476.50,$448.70
12/01/2017,$462.75,614,$475.00,$477.40,$440.00
11/30/2017,$472.35,955,$477.35,$489.00,$460.00
11/29/2017,$484.00,"1,576",$495.00,$505.00,$470.50
11/28/2017,$463.70,"1,365",$454.10,$480.00,$434.60
11/27/2017,$457.50,"1,945",$460.00,$460.05,$427.50
11/24/2017,$465.00,"2,029",$505.00,$510.00,$455.80
11/22/2017,$490.00,"17,385",$570.00,$600.00,$485.00
11/21/2017,$480.00,"6,215",$415.00,$485.00,$410.50
11/20/2017,$424.60,722,$445.00,$445.00,$407.50
11/17/2017,$431.30,"2,639",$419.55,$435.00,$411.50
11/16/2017,$400.50,408,$402.50,$409.55,$400.05
11/15/2017,$402.55,346,$420.00,$425.00,$392.75
11/14/2017,$418.50,798,$400.00,$425.00,$390.00
11/13/2017,$403.35,"1,069",$405.00,$421.65,$390.00
11/10/2017,$419.50,635,$398.75,$420.00,$398.75
11/09/2017,$396.15,611,$410.00,$415.05,$390.00
11/08/2017,$411.90,906,$415.00,$417.20,$395.00
11/07/2017,$415.00,418,$420.00,$424.90,$410.00
11/06/2017,$421.50,826,$425.00,$435.00,$420.00
11/03/2017,$435.00,631,$425.00,$439.45,$420.70
11/02/2017,$427.50,880,$430.00,$447.20,$425.00
11/01/2017,$425.15,"1,183",$450.00,$450.00,$425.00
10/31/2017,$442.55,"5,644",$510.00,$510.00,$440.00
10/30/2017,$444.50,497,$430.00,$450.00,$427.15
10/27/2017,$435.00,633,$425.00,$444.00,$420.05
10/26/2017,$425.00,418,$422.50,$433.35,$420.00
10/25/2017,$428.50,769,$450.00,$459.6585,$417.55
10/24/2017,$436.85,"3,074",$415.90,$475.00,$415.00
10/23/2017,$419.95,"1,247",$435.00,$435.00,$412.50
10/20/2017,$431.95,738,$444.45,$447.00,$425.00
10/19/2017,$439.95,476,$442.50,$449.70,$430.00
10/18/2017,$442.50,"1,116",$455.00,$465.00,$440.00
10/17/2017,$465.00,"2,411",$441.00,$494.50,$440.00
10/16/2017,$450.00,579,$440.00,$460.00,$439.00
10/13/2017,$438.00,"1,520",$465.00,$465.00,$430.00
10/12/2017,$461.50,"1,206",$495.00,$495.00,$455.00
10/11/2017,$480.00,"2,201",$510.00,$510.50,$475.00
10/10/2017,$497.50,"8,020",$470.00,$520.00,$462.50
10/09/2017,$464.90,"1,351",$440.00,$467.60,$430.00
10/06/2017,$442.00,977,$450.00,$464.25,$430.50
10/05/2017,$440.00,"1,794",$450.00,$460.00,$411.35
10/04/2017,$446.20,"1,461",$445.00,$450.00,$416.455
10/03/2017,$450.00,"5,061",$475.00,$485.00,$435.55
10/02/2017,$430.00,713,$423.00,$441.00,$415.00
09/29/2017,$420.00,"1,202",$420.00,$450.00,$415.00
09/28/2017,$422.50,"1,678",$441.00,$449.991,$415.00
09/27/2017,$449.90,973,$470.00,$480.00,$430.80
09/26/2017,$470.00,"4,254",$420.00,$495.00,$400.00
09/25/2017,$427.75,"2,280",$450.00,$450.00,$410.00
09/22/2017,$440.10,"3,602",$490.00,$490.00,$430.00
09/21/2017,$490.00,"9,948",$530.00,$535.00,$475.00
09/20/2017,$535.00,"62,941",$900.00,"$1,145.00",$475.20
09/19/2017,$559.70,554,$550.00,$600.00,$525.00
09/18/2017,$545.00,712,$625.00,$649.50,$540.00
09/15/2017,$554.85,270,$585.00,$590.00,$530.00
09/14/2017,$585.00,112,$610.00,$610.00,$580.00
09/13/2017,$605.00,60,$630.00,$686.85,$605.00
09/12/2017,$645.00,55,$660.00,$660.00,$626.00
09/11/2017,$629.50,346,$615.00,$744.95,$575.00
09/08/2017,$590.00,25,$610.00,$610.00,$575.00
09/07/2017,$615.00,80,$575.00,$625.00,$565.00
09/06/2017,$575.00,224,$640.00,$650.00,$575.00
09/05/2017,$640.00,24,$645.00,$650.00,$612.55
09/01/2017,$645.00,87,$650.00,$650.00,$625.00
08/31/2017,$640.00,94,$625.00,$665.00,$625.00
08/30/2017,$625.00,137,$680.00,$680.00,$600.00
08/29/2017,$680.00,87,$625.00,$695.00,$625.00
08/28/2017,$635.00,73,$675.00,$710.00,$635.00
08/25/2017,$680.00,41,$675.00,$700.00,$675.00
08/24/2017,$675.00,35,$685.00,$700.00,$666.00
08/23/2017,$660.00,100,$675.00,$715.00,$650.00
08/22/2017,$690.00,98,$705.00,$730.00,$685.50
08/21/2017,$690.00,119,$720.00,$720.00,$645.00
08/18/2017,$700.00,263,$630.00,$717.45,$625.05
08/17/2017,$630.00,75,$630.00,$650.00,$630.00
08/16/2017,$640.00,120,$650.00,$667.25,$625.00
08/15/2017,$660.00,149,$700.00,$700.00,$645.00
08/14/2017,$700.00,171,$725.00,$750.00,$630.00
08/11/2017,$725.00,80,$755.00,$795.00,$725.00
08/10/2017,$780.00,157,$825.00,$825.00,$755.00
08/09/2017,$840.00,135,$865.00,$902.35,$793.10
08/08/2017,$860.00,346,$965.00,$975.00,$850.00
08/07/2017,$965.00,190,"$1,030.00","$1,030.05",$940.25
08/04/2017,"$1,047.40",81,"$1,050.00","$1,053.45","$1,025.00"
08/03/2017,"$1,050.00",59,"$1,045.00","$1,060.00","$1,030.05"
08/02/2017,"$1,045.00",109,"$1,065.00","$1,065.00","$1,020.00"
08/01/2017,"$1,042.95",623,"$1,080.00","$1,080.00","$1,005.00"
07/31/2017,"$1,090.00",184,"$1,060.00","$1,125.00","$1,030.00"
07/28/2017,"$1,040.00",66,"$1,060.00","$1,080.00","$1,030.00"
07/27/2017,"$1,060.00",67,"$1,051.60","$1,077.90","$1,025.05"
07/26/2017,"$1,050.00",262,"$1,050.00","$1,125.00","$1,040.00"
07/25/2017,"$1,050.00",193,"$1,040.00","$1,050.00","$1,000.00"
07/24/2017,"$1,045.00",485,"$1,055.00","$1,142.90","$1,000.00"
07/21/2017,"$1,040.00","4,076","$1,000.00","$1,420.00","$1,000.00"
07/20/2017,$985.00,34,"$1,020.00","$1,025.00",$980.00
07/19/2017,"$1,010.00",34,$990.00,"$1,015.00",$975.00
07/18/2017,$985.00,43,"$1,005.00","$1,025.00",$965.00
07/17/2017,$980.00,145,"$1,025.00","$1,040.00",$965.00
07/14/2017,"$1,035.00",33,"$1,030.00","$1,047.80","$1,000.00"
07/13/2017,"$1,030.00",75,"$1,015.00","$1,040.00","$1,005.00"
07/12/2017,"$1,015.00",143,"$1,055.00","$1,100.00","$1,000.00"
07/11/2017,"$1,068.90",166,"$1,047.50","$1,110.00","$1,025.00"
07/10/2017,"$1,030.00",32,"$1,040.00","$1,090.00","$1,025.00"
07/07/2017,"$1,055.00",30,"$1,080.30","$1,094.50","$1,025.00"
07/06/2017,"$1,075.05",27,"$1,085.00","$1,097.50","$1,075.00"
07/05/2017,"$1,087.50",71,"$1,090.00","$1,150.00","$1,050.05"
07/03/2017,"$1,085.00",135,"$1,145.00","$1,295.00","$1,077.40"
06/30/2017,"$1,145.00",88,"$1,203.55","$1,203.55","$1,135.00"
06/29/2017,"$1,166.30",465,"$1,200.00","$1,294.50","$1,085.05"
06/28/2017,"$1,180.00",422,"$1,000.00","$1,200.00",$950.00
06/27/2017,"$1,014.55",130,"$1,090.00","$1,090.00","$1,000.00"
06/26/2017,"$1,090.00",194,"$1,125.00","$1,125.00","$1,060.00"
06/23/2017,"$1,105.00",366,"$1,135.00","$1,170.00",$975.00
06/22/2017,"$1,130.00","4,948",$975.00,"$1,365.00",$975.00
06/21/2017,$925.00,131,$901.50,$950.00,$830.00
06/20/2017,$910.00,34,$942.00,$950.00,$900.00
06/19/2017,$945.00,84,$895.00,$950.00,$880.00
06/16/2017,$900.00,79,$930.00,$990.00,$880.00
06/15/2017,$905.00,72,$880.00,$915.00,$865.00
06/14/2017,$880.00,52,$925.00,$925.00,$845.00
06/13/2017,$915.00,91,$930.00,$935.00,$885.00
06/12/2017,$937.40,70,$950.00,$950.00,$905.00
06/09/2017,$975.00,152,"$1,000.00","$1,000.00",$935.00
06/08/2017,"$1,000.00",51,"$1,080.00","$1,080.00","$1,000.00"
06/07/2017,"$1,050.05",98,"$1,030.00","$1,100.00","$1,025.00"
06/06/2017,"$1,020.00",210,"$1,075.00","$1,078.00",$975.00
06/05/2017,"$1,080.00",52,"$1,105.00","$1,105.00","$1,072.20"
06/02/2017,"$1,115.00",63,"$1,125.00","$1,125.00","$1,090.00"
06/01/2017,"$1,112.95",12,"$1,105.00","$1,120.00","$1,076.65"
05/31/2017,"$1,100.00",91,"$1,040.00","$1,120.00","$1,031.30"
05/30/2017,"$1,075.00",33,"$1,100.00","$1,120.00","$1,037.05"
05/26/2017,"$1,100.00",123,"$1,148.30","$1,148.30","$1,075.00"
05/25/2017,"$1,150.00",23,"$1,193.35","$1,193.35","$1,125.00"
05/24/2017,"$1,195.00",34,"$1,175.00","$1,219.95","$1,164.65"
05/23/2017,"$1,160.00",24,"$1,218.80","$1,218.80","$1,140.00"
05/22/2017,"$1,190.00",27,"$1,216.50","$1,220.00","$1,125.00"
05/19/2017,"$1,195.00",59,"$1,160.00","$1,215.00","$1,120.00"
05/18/2017,"$1,210.00",67,"$1,210.00","$1,210.00","$1,110.00"
05/17/2017,"$1,155.00",70,"$1,215.00","$1,225.00","$1,125.00"
05/16/2017,"$1,215.00",47,"$1,220.00","$1,225.00","$1,150.00"
05/15/2017,"$1,200.00",63,"$1,223.50","$1,225.00","$1,155.00"
05/12/2017,"$1,180.00",61,"$1,185.00","$1,200.00","$1,153.05"
05/11/2017,"$1,190.00",75,"$1,050.00","$1,190.00","$1,050.00"
05/10/2017,"$1,135.00",165,"$1,150.00","$1,150.00","$1,065.90"
05/09/2017,"$1,145.00",113,"$1,125.00","$1,150.00","$1,050.00"
05/08/2017,"$1,120.00",56,"$1,155.80","$1,155.80","$1,095.00"
05/05/2017,"$1,125.00",138,"$1,195.00","$1,220.00","$1,100.00"
05/04/2017,"$1,205.00",104,"$1,290.00","$1,300.00","$1,150.00"
05/03/2017,"$1,290.00",73,"$1,285.00","$1,290.00","$1,200.00"
05/02/2017,"$1,275.00",95,"$1,275.00","$1,320.00","$1,275.00"
05/01/2017,"$1,290.00",79,"$1,340.00","$1,352.60","$1,265.00"
04/28/2017,"$1,340.00",147,"$1,365.00","$1,376.25","$1,290.00"
04/27/2017,"$1,325.00",166,"$1,360.00","$1,410.00","$1,297.35"
04/26/2017,"$1,370.00",88,"$1,370.00","$1,415.00","$1,350.05"
04/25/2017,"$1,395.00",155,"$1,325.00","$1,425.00","$1,305.85"
04/24/2017,"$1,350.00",130,"$1,380.00","$1,410.00","$1,318.80"
04/21/2017,"$1,400.00",245,"$1,425.00","$1,425.00","$1,360.00"
04/20/2017,"$1,424.95",159,"$1,490.00","$1,490.00","$1,375.00"
04/19/2017,"$1,490.00",484,"$1,440.00","$1,525.00","$1,341.70"
04/18/2017,"$1,440.00",206,"$1,345.00","$1,469.15","$1,310.00"
04/17/2017,"$1,345.00",271,"$1,525.00","$1,595.00","$1,260.00"
04/13/2017,"$1,520.00","1,196","$1,500.00","$1,600.00","$1,475.00"
04/12/2017,"$2,035.00",78,"$2,190.00","$2,190.00","$2,005.00"
04/11/2017,"$2,075.00",52,"$2,110.00","$2,225.00","$2,025.50"
04/10/2017,"$2,100.00",76,"$2,115.00","$2,210.00","$2,100.00"
04/07/2017,"$2,090.00",58,"$2,115.00","$2,140.00","$2,090.00"
04/06/2017,"$2,160.00",59,"$2,125.00","$2,160.00","$2,095.00"
04/05/2017,"$2,145.00",61,"$2,125.00","$2,200.00","$2,105.00"
04/04/2017,"$2,135.00",57,"$2,115.00","$2,155.00","$2,095.00"
04/03/2017,"$2,125.00",6,"$2,145.00","$2,145.00","$2,110.00"
03/31/2017,"$2,100.00",12,"$2,200.00","$2,200.00","$2,100.00"
03/30/2017,"$2,155.00",91,"$2,085.00","$2,275.00","$2,085.00"
03/29/2017,"$2,045.00",98,"$2,175.00","$2,180.00","$1,985.00"
03/28/2017,"$2,090.00",84,"$2,045.00","$2,175.00","$2,000.00"
03/27/2017,"$2,015.00",39,"$2,055.00","$2,055.00","$2,000.00"
03/24/2017,"$2,000.00",21,"$2,045.00","$2,115.00","$1,940.00"
03/23/2017,"$2,050.00",3,"$2,062.60","$2,062.60","$2,050.00"
03/22/2017,"$2,040.00",15,"$2,135.00","$2,135.00","$2,035.00"
03/21/2017,"$2,090.00",113,"$2,388.85","$2,388.85","$2,090.00"
03/20/2017,"$2,130.00",63,"$2,250.00","$2,600.00","$2,040.00"
03/17/2017,"$2,125.00",15,"$2,050.00","$2,265.85","$2,050.00"
03/16/2017,"$2,115.00",40,"$2,155.00","$2,155.00","$2,050.00"
03/15/2017,"$2,140.00",22,"$2,120.00","$2,150.00","$2,120.00"
03/14/2017,"$2,125.00",13,"$2,190.00","$2,200.00","$2,125.00"
03/13/2017,"$2,190.00",29,"$2,175.00","$2,340.00","$2,170.00"
03/10/2017,"$2,145.00",39,"$2,191.10","$2,204.80","$2,140.00"
03/09/2017,"$2,237.70",12,"$2,245.00","$2,249.95","$2,225.00"
03/08/2017,"$2,240.00",50,"$2,230.00","$2,250.00","$2,224.50"
03/07/2017,"$2,230.00",29,"$2,320.05","$2,370.00","$2,227.30"
03/06/2017,"$2,270.00",67,"$2,330.00","$2,330.00","$2,250.00"
03/03/2017,"$2,300.00",65,"$2,380.00","$2,400.00","$2,260.00"
03/02/2017,"$2,315.00",53,"$2,350.00","$2,350.00","$2,250.00"
03/01/2017,"$2,324.65",43,"$2,305.00","$2,350.00","$2,220.00"
02/28/2017,"$2,295.00",3,"$2,285.00","$2,300.00","$2,285.00"
02/27/2017,"$2,280.00",18,"$2,280.00","$2,335.00","$2,280.00"
02/24/2017,"$2,315.00",34,"$2,415.00","$2,450.00","$2,305.00"
02/23/2017,"$2,395.00",63,"$2,325.00","$2,410.00","$2,300.00"
02/22/2017,"$2,355.00",7,"$2,455.00","$2,455.00","$2,355.00"
02/21/2017,"$2,450.00",73,"$2,450.00","$2,550.00","$2,360.00"
02/17/2017,"$2,475.00",33,"$2,575.00","$2,575.00","$2,386.50"
02/16/2017,"$2,570.00",8,"$2,580.00","$2,580.00","$2,530.00"
02/15/2017,"$2,535.00",14,"$2,600.00","$2,600.00","$2,530.00"
02/14/2017,"$2,500.00",55,"$2,540.00","$2,694.95","$2,448.20"
02/13/2017,"$2,550.00",30,"$2,500.00","$2,550.00","$2,275.05"
02/10/2017,"$2,365.00",7,"$2,225.00","$2,365.00","$2,225.00"
02/09/2017,"$2,225.00",70,"$2,350.00","$2,375.00","$2,185.00"
02/08/2017,"$2,405.00",68,"$2,500.00","$2,500.00","$2,357.90"
02/07/2017,"$2,510.00",57,"$2,500.00","$2,515.00","$2,450.05"
02/06/2017,"$2,515.00",80,"$2,490.00","$2,632.50","$2,490.00"
02/03/2017,"$2,530.00",99,"$2,625.00","$2,625.00","$2,405.00"
02/02/2017,"$2,620.00",104,"$2,505.00","$2,639.90","$2,505.00"
02/01/2017,"$2,575.80",246,"$2,380.00","$2,600.00","$2,300.00"
01/31/2017,"$2,345.00",96,"$2,170.00","$2,400.00","$2,155.55"
01/30/2017,"$2,150.00",46,"$2,080.00","$2,225.00","$2,080.00"
01/27/2017,"$2,070.00",32,"$2,000.00","$2,075.00","$2,000.00"
01/26/2017,"$2,075.00",122,"$2,000.00","$2,075.00","$1,956.60"
01/25/2017,"$1,950.00",63,"$1,865.00","$1,950.00","$1,860.00"
01/24/2017,"$1,855.00",29,"$1,865.00","$1,865.00","$1,800.00"
01/23/2017,"$1,860.00",86,"$1,725.00","$1,889.95","$1,725.00"
01/20/2017,"$1,745.00",229,"$1,785.00","$1,895.00","$1,665.00"
01/19/2017,"$1,795.00",71,"$1,630.00","$1,860.00","$1,630.00"
01/18/2017,"$1,615.00",54,"$1,607.50","$1,675.00","$1,600.00"
01/17/2017,"$1,625.50",73,"$1,635.00","$1,694.50","$1,590.00"
01/13/2017,"$1,660.00",48,"$1,649.95","$1,704.50","$1,649.95"
01/12/2017,"$1,645.00",10,"$1,670.00","$1,670.00","$1,645.00"
01/11/2017,"$1,645.00",69,"$1,655.00","$1,715.00","$1,625.00"
01/10/2017,"$1,680.00",21,"$1,695.00","$1,700.00","$1,668.80"
01/09/2017,"$1,650.00",30,"$1,670.00","$1,717.45","$1,635.20"
01/06/2017,"$1,625.00",251,"$1,675.00","$1,715.00","$1,605.00"
01/05/2017,"$1,680.00",150,"$1,620.00","$1,735.00","$1,610.00"
01/04/2017,"$1,615.00",263,"$1,655.00","$1,680.00","$1,440.00"
01/03/2017,"$1,665.00",85,"$1,580.50","$1,765.00","$1,505.00"
12/30/2016,"$1,594.50",156,"$1,675.00","$1,825.00","$1,500.00"
12/29/2016,"$1,665.00",76,"$1,750.00","$1,828.20","$1,660.00"
12/28/2016,"$1,805.00",93,"$1,820.00","$1,820.00","$1,755.00"
12/27/2016,"$1,850.00",47,"$1,864.00","$1,864.00","$1,765.00"
12/23/2016,"$1,855.00",9,"$1,870.00","$1,870.00","$1,842.10"
12/22/2016,"$1,875.00",17,"$1,940.00","$1,940.00","$1,840.00"
12/21/2016,"$1,955.00",23,"$1,940.00","$1,959.50","$1,875.00"
12/20/2016,"$1,902.30",3,"$1,930.00","$1,930.00","$1,805.00"
12/19/2016,"$1,922.50",41,"$1,940.00","$1,970.00","$1,910.00"
12/16/2016,"$1,950.05",30,"$1,920.00","$1,970.00","$1,920.00"
12/15/2016,"$1,910.00",112,"$1,940.00","$1,980.00","$1,805.05"
12/14/2016,"$1,875.00",170,"$1,875.00","$1,964.65","$1,725.00"
12/13/2016,"$1,740.00",106,"$1,935.00","$1,935.00","$1,719.40"
12/12/2016,"$1,875.00",82,"$1,836.00","$1,972.80","$1,740.00"
12/09/2016,"$1,775.00",26,"$1,775.00","$1,846.00","$1,750.00"
12/08/2016,"$1,870.00",284,"$1,895.00","$1,899.50","$1,630.00"
12/07/2016,"$1,900.00",15,"$1,905.00","$1,925.00","$1,900.00"
12/06/2016,"$1,985.05",33,"$1,950.00","$2,000.00","$1,940.00"
12/05/2016,"$1,965.00",28,"$1,903.80","$1,975.00","$1,903.80"
12/02/2016,"$1,950.00",157,"$2,087.50","$2,087.50","$1,895.00"
12/01/2016,"$2,030.00",9,"$2,026.10","$2,055.00","$2,026.10"
11/30/2016,"$2,020.00",3,"$2,000.00","$2,043.25","$2,000.00"
11/29/2016,"$2,015.00",14,"$1,985.00","$2,024.75","$1,985.00"
11/28/2016,"$2,000.00",38,"$2,040.00","$2,047.45","$2,000.00"
11/25/2016,"$2,047.15",3,"$2,044.55","$2,047.15","$2,040.00"
11/23/2016,"$2,040.00",11,"$2,051.20","$2,132.90","$2,040.00"
11/22/2016,"$2,063.75",22,"$2,018.55","$2,075.00","$2,018.55"
11/21/2016,"$2,045.30",4,"$2,059.20","$2,069.80","$2,045.30"
11/18/2016,"$2,040.00",12,"$2,015.85","$2,075.00","$2,015.85"
11/17/2016,"$2,015.00",28,"$2,070.00","$2,250.00","$2,015.00"
11/16/2016,"$2,110.00",46,"$2,015.00","$2,325.00","$2,015.00"
11/15/2016,"$2,020.00",14,"$2,005.00","$2,323.75","$2,005.00"
11/14/2016,"$2,032.50",38,"$2,095.00","$2,095.00","$2,005.95"
11/11/2016,"$2,120.00",26,"$2,040.50","$2,120.00","$2,000.00"
11/10/2016,"$2,050.00",110,"$2,065.00","$2,110.00","$2,000.00"
11/09/2016,"$2,050.00",18,"$2,005.00","$2,180.00","$2,005.00"
11/08/2016,"$2,030.00",44,"$2,040.00","$2,100.00","$2,000.00"
11/07/2016,"$2,030.00",4,"$2,147.00","$2,147.00","$2,025.00"
11/04/2016,"$2,000.00",50,"$2,115.00","$2,150.00","$2,000.00"
11/03/2016,"$2,105.00",25,"$2,100.00","$2,165.00","$2,100.00"
11/02/2016,"$2,090.00",276,"$2,225.00","$2,420.00","$2,090.00"
11/01/2016,"$2,220.00",56,"$2,250.00","$2,435.00","$2,180.00"
10/31/2016,"$2,330.00",308,"$2,320.00","$2,505.00","$2,110.00"
10/28/2016,"$2,405.00",397,"$2,365.00","$2,625.00","$2,365.00"
10/27/2016,"$2,430.00",55,"$2,388.50","$2,455.00","$2,350.00"
10/26/2016,"$2,500.00",28,"$2,525.00","$2,525.00","$2,403.60"
10/25/2016,"$2,525.00",114,"$2,776.00","$2,806.00","$2,355.00"
10/24/2016,"$2,610.00",175,"$2,625.00","$2,850.00","$2,565.00"
10/21/2016,"$2,625.00",63,"$2,780.00","$2,810.00","$2,625.00"
10/20/2016,"$2,745.00",87,"$2,800.00","$2,865.00","$2,745.00"
10/19/2016,"$2,780.00",265,"$2,730.00","$2,885.00","$2,725.00"
10/18/2016,"$2,745.00",32,"$2,755.00","$2,785.00","$2,705.00"
10/17/2016,"$2,735.00",32,"$2,755.00","$2,760.00","$2,629.45"
10/14/2016,"$2,795.00",279,"$2,675.00","$2,795.00","$2,575.00"
10/13/2016,"$2,675.00",27,"$2,815.00","$2,815.00","$2,655.00"
10/12/2016,"$2,770.00",13,"$2,805.00","$2,805.00","$2,750.00"
10/11/2016,"$2,760.00",283,"$2,860.00","$2,985.00","$2,755.00"
10/10/2016,"$2,895.00",21,"$2,910.00","$2,950.00","$2,835.00"
10/07/2016,"$2,885.00",23,"$2,999.95","$3,000.00","$2,885.00"
10/06/2016,"$2,936.95",42,"$2,875.00","$2,940.00","$2,805.00"
10/05/2016,"$2,929.95",181,"$2,867.80","$2,929.95","$2,730.00"
10/04/2016,"$2,730.00",71,"$3,000.00","$3,000.00","$2,730.00"
10/03/2016,"$3,025.00",7,"$2,985.00","$3,050.00","$2,985.00"
09/30/2016,"$3,025.00",35,"$3,032.50","$3,035.00","$2,885.05"
09/29/2016,"$3,000.00",62,"$2,910.00","$3,045.00","$2,880.00"
09/28/2016,"$2,900.00",48,"$3,030.00","$3,030.00","$2,880.00"
09/27/2016,"$3,090.00",36,"$3,085.00","$3,110.80","$3,005.00"
09/26/2016,"$3,005.00",90,"$3,200.00","$3,295.00","$2,760.00"
09/23/2016,"$3,175.00",23,"$3,255.00","$3,300.00","$3,175.00"
09/22/2016,"$3,260.00",15,"$3,335.00","$3,396.75","$3,255.00"
09/21/2016,"$3,325.00",14,"$3,360.00","$3,408.70","$3,300.00"
09/20/2016,"$3,355.00",267,"$3,350.00","$3,450.00","$3,285.00"
09/19/2016,"$3,375.00",25,"$3,465.00","$3,465.00","$3,260.00"
09/16/2016,"$3,435.00",30,"$3,475.00","$3,475.00","$3,155.00"
09/15/2016,"$3,475.00",73,"$3,170.00","$3,490.00","$3,150.00"
09/14/2016,"$3,201.00",72,"$3,260.00","$3,352.50","$3,125.00"
09/13/2016,"$3,310.00",86,"$3,505.00","$3,534.40","$3,200.00"
09/12/2016,"$3,520.00",16,"$3,550.00","$3,632.50","$3,505.00"
09/09/2016,"$3,550.00",31,"$3,595.00","$3,640.00","$3,540.00"
09/08/2016,"$3,575.00",83,"$3,655.00","$3,670.00","$3,550.00"
09/07/2016,"$3,700.00",151,"$3,581.50","$3,750.00","$3,475.00"
09/06/2016,"$3,580.00",102,"$3,630.00","$3,660.00","$3,500.00"
09/02/2016,"$3,660.00",28,"$3,660.00","$3,660.00","$3,535.15"
09/01/2016,"$3,660.00",116,"$3,570.00","$3,695.00","$3,475.00"
08/31/2016,"$3,670.00",84,"$3,625.00","$3,770.00","$3,515.00"
08/30/2016,"$3,625.00",64,"$3,500.00","$3,625.00","$3,450.00"
08/29/2016,"$3,525.00",79,"$3,490.00","$3,680.00","$3,383.00"
08/26/2016,"$3,425.00",234,"$3,275.00","$3,505.00","$3,275.00"
08/25/2016,"$3,440.00",178,"$3,280.00","$3,440.00","$3,100.00"
08/24/2016,"$3,150.00",89,"$3,235.00","$3,415.00","$3,100.00"
08/23/2016,"$3,244.95",40,"$3,270.00","$3,295.00","$3,150.00"
08/22/2016,"$3,274.95",12,"$3,275.00","$3,275.00","$3,150.00"
08/19/2016,"$3,265.00",14,"$3,290.00","$3,290.00","$3,125.50"
08/18/2016,"$3,146.25",37,"$3,185.00","$3,200.00","$3,100.00"
08/17/2016,"$3,175.00",59,"$3,145.00","$3,295.80","$3,050.00"
08/16/2016,"$3,224.50",114,"$3,185.00","$3,424.95","$3,065.00"
08/15/2016,"$3,274.80",70,"$3,468.80","$3,515.00","$3,145.00"
08/12/2016,"$3,410.00",83,"$3,360.00","$3,515.00","$3,345.00"
08/11/2016,"$3,415.00",45,"$3,300.00","$3,470.00","$3,170.00"
08/10/2016,"$3,275.00",57,"$3,125.00","$3,734.50","$3,125.00"
08/09/2016,"$3,165.00",59,"$3,325.00","$3,340.55","$3,125.00"
08/08/2016,"$3,300.00",29,"$3,375.00","$3,463.80","$3,275.00"
08/05/2016,"$3,475.00",21,"$3,605.00","$3,687.35","$3,467.50"
08/04/2016,"$3,650.00",35,"$3,825.00","$3,940.95","$3,625.00"
08/03/2016,"$3,705.00",41,"$3,900.00","$3,959.00","$3,705.00"
08/02/2016,"$3,715.00",56,"$3,695.00","$3,920.00","$3,610.80"
08/01/2016,"$3,510.00",34,"$3,250.00","$3,570.00","$3,250.00"
07/29/2016,"$3,290.00",46,"$3,415.00","$3,424.95","$3,290.00"
07/28/2016,"$3,450.00",40,"$3,555.05","$3,639.95","$3,450.00"
07/27/2016,"$3,525.00",22,"$3,515.00","$3,653.30","$3,505.00"
07/26/2016,"$3,675.00",134,"$4,005.00","$4,005.00","$3,370.00"
07/25/2016,"$4,040.00",13,"$4,075.00","$4,075.00","$4,021.80"
07/22/2016,"$4,050.00",14,"$4,042.90","$4,050.00","$4,005.05"
07/21/2016,"$4,070.00",9,"$4,075.00","$4,075.00","$4,055.00"
07/20/2016,"$4,075.00",21,"$4,100.00","$4,116.50","$4,015.00"
07/19/2016,"$4,150.00",46,"$4,400.00","$4,400.00","$4,123.50"
07/18/2016,"$4,400.00",58,"$4,397.50","$4,400.00","$4,200.00"
07/15/2016,"$4,400.00",15,"$4,595.00","$4,595.00","$4,325.05"
07/14/2016,"$4,550.00",141,"$4,640.00","$4,779.95","$4,155.00"
07/13/2016,"$4,655.00",67,"$4,675.00","$4,717.00","$4,575.00"
07/12/2016,"$4,700.00",97,"$4,875.00","$4,950.00","$4,650.05"
07/11/2016,"$4,690.00",158,"$4,600.00","$4,825.00","$4,545.00"
07/08/2016,"$4,525.00",80,"$4,498.00","$4,670.00","$4,495.00"
07/07/2016,"$4,490.00",13,"$4,500.00","$4,500.00","$4,480.00"
07/06/2016,"$4,500.00",66,"$4,550.00","$4,740.00","$4,480.00"
07/05/2016,"$4,500.00",89,"$4,125.00","$4,600.00","$4,125.00"
07/01/2016,"$4,110.00",11,"$3,975.00","$4,110.00","$3,975.00"
06/30/2016,"$3,925.00",30,"$4,050.00","$4,110.00","$3,900.00"
06/29/2016,"$4,025.00",32,"$3,885.00","$4,025.00","$3,830.00"
06/28/2016,"$3,850.00",41,"$3,850.00","$3,990.00","$3,750.00"
06/27/2016,"$3,750.00",38,"$3,895.00","$3,895.00","$3,550.00"
06/24/2016,"$3,750.00",27,"$3,570.00","$3,750.00","$3,500.00"
06/23/2016,"$3,650.00",22,"$3,650.00","$3,725.00","$3,550.00"
06/22/2016,"$3,600.00",32,"$3,550.00","$3,675.00","$3,535.00"
06/21/2016,"$3,550.00",55,"$3,350.00","$3,570.00","$3,275.00"
06/20/2016,"$3,595.00",51,"$3,650.00","$3,825.00","$3,280.00"
06/17/2016,"$3,700.00",45,"$3,875.00","$3,875.00","$3,475.00"
06/16/2016,"$3,975.00",421,"$4,200.00","$4,250.00","$2,700.00"
06/15/2016,"$4,500.00",336,"$5,350.00","$5,435.00","$4,255.00"
06/14/2016,"$5,075.00",228,"$4,685.00","$5,125.00","$4,685.00"
06/13/2016,"$4,575.00",225,"$4,250.00","$4,700.00","$4,195.00"
06/10/2016,"$4,110.00",136,"$3,800.00","$4,160.00","$3,700.00"
06/09/2016,"$3,800.00",114,"$3,650.00","$3,850.00","$3,625.00"
06/08/2016,"$3,650.00",48,"$3,650.00","$3,675.00","$3,600.00"
06/07/2016,"$3,620.00",86,"$3,550.00","$3,645.00","$3,500.00"
06/06/2016,"$3,525.00",128,"$3,525.00","$3,575.00","$3,380.00"
06/03/2016,"$3,450.00",93,"$3,215.00","$3,495.00","$3,215.00"
06/02/2016,"$3,200.00",29,"$3,175.00","$3,225.00","$3,135.00"
06/01/2016,"$3,175.00",22,"$3,152.50","$3,185.00","$3,135.00"
05/31/2016,"$3,165.00",38,"$3,116.50","$3,175.00","$3,112.50"
05/27/2016,"$3,120.00",14,"$3,100.00","$3,145.00","$3,100.00"
05/26/2016,"$3,145.00",20,"$3,145.00","$3,150.00","$3,100.00"
05/25/2016,"$3,140.00",72,"$3,100.00","$3,155.00","$3,025.00"
05/24/2016,"$3,080.00",12,"$3,075.00","$3,080.00","$3,005.00"
05/23/2016,"$3,005.00",48,"$2,800.00","$3,125.00","$2,800.00"
05/20/2016,"$2,705.00",13,"$3,000.00","$3,000.00","$2,675.00"
05/19/2016,"$2,800.00",29,"$2,820.00","$2,820.00","$2,672.00"
05/18/2016,"$2,780.00",15,"$2,660.00","$2,780.00","$2,600.00"
05/17/2016,"$2,600.00",12,"$2,680.00","$2,700.00","$2,550.00"
05/16/2016,"$2,600.00",48,"$2,480.00","$2,780.00","$2,480.00"
05/13/2016,"$2,700.00",21,"$2,840.00","$2,840.00","$2,560.00"
05/12/2016,"$2,840.00",62,"$2,940.00","$3,000.00","$2,699.80"
05/11/2016,"$2,800.00",30,"$2,600.00","$2,800.00","$2,590.00"
05/10/2016,"$2,580.00",9,"$2,600.00","$2,660.00","$2,500.00"
05/09/2016,"$2,600.00",10,"$2,700.00","$2,700.00","$2,500.00"
05/06/2016,"$2,660.00",17,"$2,740.00","$2,800.00","$2,660.00"
05/05/2016,"$2,700.00",38,"$2,400.00","$2,700.00","$2,340.00"
05/04/2016,"$2,340.00",6,"$2,320.00","$2,340.00","$2,280.00"
05/03/2016,"$2,320.00",6,"$2,260.00","$2,340.00","$2,220.00"
05/02/2016,"$2,280.00",5,"$2,340.00","$2,340.00","$2,280.00"
04/29/2016,"$2,380.00",5,"$2,360.00","$2,400.00","$2,340.00"
04/28/2016,"$2,440.00",23,"$2,560.00","$2,600.00","$2,320.00"
04/27/2016,"$2,560.00",4,"$2,650.00","$2,650.00","$2,560.00"
04/26/2016,"$2,640.00",41,"$2,500.00","$2,700.00","$2,500.00"
04/25/2016,"$2,600.00",61,"$2,640.00","$2,680.00","$2,320.00"
04/22/2016,"$2,620.00",15,"$2,640.00","$2,640.00","$2,560.00"
04/21/2016,"$2,560.00",23,"$2,800.00","$2,800.00","$2,540.00"
04/20/2016,"$2,540.00",11,"$2,600.00","$2,680.00","$2,539.80"
04/19/2016,"$2,560.00",39,"$2,700.00","$2,740.00","$2,520.00"
04/18/2016,"$2,680.00",15,"$2,661.60","$2,684.60","$2,630.00"
04/15/2016,"$2,600.00",28,"$2,680.00","$2,740.00","$2,560.00"
04/14/2016,"$2,640.00",14,"$2,720.00","$2,740.00","$2,630.00"
04/13/2016,"$2,700.00",137,"$2,980.00","$3,000.00","$2,280.00"
04/12/2016,"$2,960.00",104,"$2,740.00","$2,980.00","$2,740.00"
04/11/2016,"$2,660.20",63,"$2,460.00","$2,680.00","$2,460.00"
04/08/2016,"$2,500.00",48,"$2,320.00","$2,540.00","$2,320.00"
04/07/2016,"$2,380.00",17,"$2,300.00","$2,380.00","$2,280.00"
04/06/2016,"$2,300.00",56,"$2,220.00","$2,320.00","$2,130.00"
04/05/2016,"$2,180.00",67,"$2,100.00","$2,280.00","$2,095.40"
04/04/2016,"$2,080.00",27,"$1,840.00","$2,080.00","$1,820.00"
04/01/2016,"$1,980.00",24,"$1,780.00","$1,980.00","$1,760.00"
03/31/2016,"$1,720.00",22,"$1,620.00","$1,780.00","$1,620.00"
03/30/2016,"$1,640.00",37,"$1,680.00","$1,759.80","$1,540.00"
03/29/2016,"$1,640.00",15,"$1,640.00","$1,680.00","$1,640.00"
03/28/2016,"$1,740.00",15,"$1,652.00","$1,759.60","$1,652.00"
03/24/2016,"$1,600.00",11,"$1,540.00","$1,759.80","$1,530.20"
03/23/2016,"$1,659.80",9,"$1,700.00","$1,700.00","$1,520.60"
03/22/2016,"$1,700.00",1,"$1,700.00","$1,713.60","$1,700.00"
03/21/2016,"$1,630.00",9,"$1,760.00","$1,760.00","$1,630.00"
03/18/2016,"$1,750.80",4,"$1,740.00","$1,839.60","$1,650.20"
03/17/2016,"$1,800.00",32,"$1,550.00","$1,839.80","$1,524.00"
03/16/2016,"$1,540.00",11,"$1,600.00","$1,620.00","$1,540.00"
03/15/2016,"$1,550.00",20,"$1,700.00","$1,700.00","$1,500.00"
03/14/2016,"$1,700.00",11,"$1,700.00","$1,700.00","$1,600.00"
03/11/2016,"$1,680.00",14,"$1,740.00","$1,740.00","$1,520.60"
03/10/2016,"$1,740.00",5,"$1,620.00","$1,740.00","$1,620.00"
03/09/2016,"$1,680.00",3,"$1,586.00","$1,680.00","$1,586.00"
03/08/2016,"$1,660.00",N/A,"$1,660.00","$1,660.00","$1,660.00"
03/07/2016,"$1,660.00",1,"$1,660.00","$1,660.00","$1,660.00"
03/04/2016,"$1,680.00",2,"$1,680.00","$1,680.00","$1,532.00"
03/03/2016,"$1,730.00",N/A,"$1,730.00","$1,730.00","$1,730.00"
03/02/2016,"$1,730.00",1,"$1,740.00","$1,740.00","$1,730.00"
03/01/2016,"$1,700.00",8,"$1,740.00","$1,740.00","$1,700.00"
02/29/2016,"$1,740.00",3,"$1,600.00","$1,740.00","$1,599.80"
02/26/2016,"$1,538.50",2,"$1,599.80","$1,599.80","$1,538.50"
02/25/2016,"$1,500.00",18,"$1,580.00","$1,580.00","$1,500.00"
02/24/2016,"$1,540.00",1,"$1,540.00","$1,540.00","$1,540.00"
02/23/2016,"$1,580.00",N/A,"$1,580.00","$1,580.00","$1,580.00"
02/22/2016,"$1,580.00",2,"$1,580.00","$1,580.00","$1,520.00"
02/19/2016,"$1,520.00",7,"$1,540.00","$1,560.00","$1,500.20"
02/18/2016,"$1,540.00",1,"$1,556.00","$1,556.00","$1,540.00"
02/17/2016,"$1,540.00",8,"$1,630.00","$1,630.00","$1,540.00"
02/16/2016,"$1,619.80",17,"$1,579.80","$1,630.00","$1,500.00"
02/12/2016,"$1,540.00",8,"$1,630.00","$1,630.00","$1,500.00"
02/11/2016,"$1,630.00",6,"$1,580.00","$1,740.00","$1,580.00"
02/10/2016,"$1,580.00",7,"$1,520.00","$1,580.00","$1,520.00"
02/09/2016,"$1,560.00",8,"$1,520.00","$1,560.00","$1,500.00"
02/08/2016,"$1,560.00",6,"$1,520.00","$1,574.00","$1,520.00"
02/05/2016,"$1,560.00",7,"$1,630.00","$1,700.00","$1,540.00"
02/04/2016,"$1,600.00",18,"$1,560.00","$1,640.00","$1,520.00"
02/03/2016,"$1,640.00",6,"$1,680.00","$1,680.00","$1,540.00"
02/02/2016,"$1,679.80",13,"$1,660.00","$1,679.80","$1,560.00"
02/01/2016,"$1,660.20",7,"$1,660.00","$1,740.00","$1,660.00"
01/29/2016,"$1,660.00",13,"$1,660.00","$1,700.00","$1,660.00"
01/28/2016,"$1,660.00",10,"$1,780.00","$1,780.00","$1,660.00"
01/27/2016,"$1,780.00",6,"$1,680.00","$1,780.00","$1,680.00"
01/26/2016,"$1,670.00",31,"$1,760.00","$1,790.00","$1,660.00"
01/25/2016,"$1,760.00",1,"$1,760.00","$1,800.00","$1,760.00"
01/22/2016,"$1,838.00",2,"$1,731.60","$1,838.00","$1,720.00"
01/21/2016,"$1,819.80",3,"$1,700.20","$1,819.80","$1,700.20"
01/20/2016,"$1,820.00",6,"$1,740.00","$1,838.00","$1,740.00"
01/19/2016,"$1,840.00",13,"$1,800.00","$1,890.00","$1,700.00"
01/15/2016,"$1,880.00",13,"$1,900.40","$1,900.592","$1,840.00"
01/14/2016,"$1,940.00",7,"$1,959.80","$1,959.80","$1,940.00"
01/13/2016,"$1,900.00",8,"$1,820.00","$1,900.00","$1,820.00"
01/12/2016,"$1,840.00",8,"$1,960.00","$1,960.00","$1,820.00"
01/11/2016,"$1,960.00",7,"$1,900.20","$2,000.00","$1,900.20"
01/08/2016,"$2,000.00",23,"$2,020.00","$2,100.00","$1,920.00"
01/07/2016,"$2,040.00",6,"$2,222.00","$2,222.00","$2,040.00"
01/06/2016,"$2,240.00",16,"$2,020.00","$2,260.00","$2,020.00"
01/05/2016,"$2,180.00",14,"$1,976.00","$2,180.00","$1,976.00"
01/04/2016,"$1,760.00",18,"$1,860.00","$1,960.00","$1,760.00"
12/31/2015,"$1,880.00",7,"$1,870.00","$1,880.00","$1,860.00"
12/30/2015,"$1,870.00",17,"$1,860.00","$1,870.00","$1,800.00"
12/29/2015,"$1,930.00",12,"$1,980.00","$2,000.00","$1,930.00"
12/28/2015,"$1,940.00",4,"$2,000.00","$2,000.00","$1,940.00"
12/24/2015,"$1,960.00",3,"$1,970.00","$2,000.00","$1,960.00"
12/23/2015,"$2,000.00",47,"$2,080.00","$2,080.00","$1,700.00"
12/22/2015,"$2,100.00",10,"$2,160.00","$2,160.00","$2,060.00"
12/21/2015,"$2,160.00",11,"$2,200.00","$2,200.00","$2,040.00"
12/18/2015,"$2,140.00",9,"$2,100.00","$2,320.00","$2,080.00"
12/17/2015,"$2,120.00",6,"$2,180.00","$2,220.00","$2,120.00"
12/16/2015,"$2,140.00",74,"$2,200.00","$2,210.00","$2,020.00"
12/15/2015,"$2,220.00",9,"$2,320.00","$2,400.00","$2,200.00"
12/14/2015,"$2,320.00",8,"$2,420.00","$2,420.00","$2,320.00"
12/11/2015,"$2,420.00",3,"$2,460.00","$2,460.00","$2,380.00"
12/10/2015,"$2,460.00",1,"$2,460.00","$2,460.00","$2,460.00"
12/09/2015,"$2,500.00",37,"$2,500.00","$2,580.00","$2,420.00"
12/08/2015,"$2,600.00",24,"$2,640.00","$2,640.00","$2,500.00"
12/07/2015,"$2,640.00",10,"$2,540.00","$2,660.00","$2,520.00"
12/04/2015,"$2,680.00",25,"$2,760.00","$2,760.00","$2,540.00"
12/03/2015,"$2,760.00",16,"$2,880.00","$2,880.00","$2,640.00"
12/02/2015,"$2,800.00",40,"$2,960.00","$2,960.00","$2,800.00"
12/01/2015,"$2,880.00",14,"$2,900.00","$2,900.00","$2,800.00"
11/30/2015,"$2,880.00",32,"$3,040.00","$3,040.00","$2,800.00"
11/27/2015,"$3,040.00",12,"$3,000.00","$3,060.00","$2,900.00"
11/25/2015,"$3,020.00",23,"$3,000.00","$3,020.00","$2,920.00"
11/24/2015,"$2,960.00",103,"$2,860.00","$3,040.00","$2,800.00"
11/23/2015,"$2,840.00",113,"$2,680.00","$2,900.00","$2,660.00"
11/20/2015,"$2,680.00",90,"$2,480.00","$2,680.00","$2,420.00"
11/19/2015,"$2,480.00",28,"$2,360.00","$2,480.00","$2,360.00"
11/18/2015,"$2,460.00",322,"$2,560.00","$2,560.00","$2,100.00"
11/17/2015,"$2,600.00",105,"$2,540.00","$2,780.00","$2,520.00"
11/16/2015,"$2,720.00",45,"$2,780.00","$2,880.00","$2,680.00"
11/13/2015,"$2,800.00",94,"$2,800.00","$2,820.00","$2,600.00"
11/12/2015,"$2,780.00",46,"$2,740.00","$2,800.00","$2,700.00"
11/11/2015,"$2,760.00",75,"$2,740.00","$2,760.00","$2,640.00"
11/10/2015,"$2,720.00",80,"$2,560.00","$2,760.00","$2,560.00"
11/09/2015,"$2,540.00",102,"$2,440.00","$2,560.00","$2,400.00"
11/06/2015,"$2,460.00",47,"$2,520.00","$2,520.00","$2,340.00"
11/05/2015,"$2,480.00",81,"$2,440.00","$2,540.00","$2,380.00"
11/04/2015,"$2,440.00",119,"$2,460.00","$2,500.00","$2,380.00"
11/03/2015,"$2,400.00",119,"$2,380.00","$2,400.00","$2,300.00"
11/02/2015,"$2,360.00",84,"$2,220.00","$2,360.00","$2,200.00"
10/30/2015,"$2,280.00",114,"$2,100.00","$2,280.00","$2,100.00"
10/29/2015,"$2,100.00",77,"$2,010.00","$2,100.00","$2,000.00"
10/28/2015,"$2,000.00",42,"$1,952.00","$2,000.00","$1,880.00"
10/27/2015,"$1,880.00",58,"$1,730.00","$1,930.00","$1,670.00"
10/26/2015,"$1,720.00",25,"$1,650.00","$1,760.00","$1,650.00"
10/23/2015,"$1,650.00",56,"$1,700.00","$1,780.00","$1,620.00"
10/22/2015,"$1,706.20",28,"$1,689.80","$1,710.00","$1,640.00"
10/21/2015,"$1,690.00",28,"$1,630.00","$1,690.00","$1,620.00"
10/20/2015,"$1,660.00",2,"$1,600.00","$1,660.00","$1,600.00"
10/19/2015,"$1,660.00",16,"$1,620.00","$1,669.80","$1,580.00"
10/16/2015,"$1,620.00",11,"$1,600.00","$1,620.00","$1,570.00"
10/15/2015,"$1,640.00",3,"$1,640.00","$1,640.00","$1,600.00"
10/14/2015,"$1,679.80",26,"$1,660.00","$1,679.80","$1,600.00"
10/13/2015,"$1,680.00",7,"$1,640.20","$1,699.80","$1,600.00"
10/12/2015,"$1,760.00",15,"$1,700.00","$1,760.00","$1,630.00"
10/09/2015,"$1,700.00",25,"$1,700.00","$1,700.00","$1,630.00"
10/08/2015,"$1,738.00",26,"$1,550.00","$1,760.00","$1,550.00"
10/07/2015,"$1,540.00",8,"$1,550.00","$1,560.00","$1,500.00"
10/06/2015,"$1,550.00",10,"$1,540.00","$1,550.00","$1,480.00"
10/05/2015,"$1,550.00",4,"$1,520.00","$1,550.00","$1,500.00"
10/02/2015,"$1,550.00",39,"$1,420.00","$1,550.00","$1,420.00"
10/01/2015,"$1,500.00",6,"$1,535.00","$1,540.00","$1,500.00"
09/30/2015,"$1,535.00",18,"$1,440.00","$1,535.00","$1,380.00"
09/29/2015,"$1,500.00",3,"$1,500.00","$1,500.00","$1,500.00"
09/28/2015,"$1,440.00",15,"$1,480.00","$1,480.00","$1,400.00"
09/25/2015,"$1,480.00",26,"$1,480.00","$1,520.00","$1,400.00"
09/24/2015,"$1,480.00",14,"$1,470.00","$1,480.00","$1,440.00"
09/23/2015,"$1,470.00",14,"$1,500.00","$1,500.00","$1,420.00"
09/22/2015,"$1,500.00",33,"$1,580.00","$1,580.00","$1,400.00"
09/21/2015,"$1,580.00",54,"$1,540.00","$1,700.00","$1,500.20"
09/18/2015,"$1,650.00",37,"$1,660.00","$1,700.00","$1,600.00"
09/17/2015,"$1,660.00",68,"$1,676.00","$1,740.00","$1,640.00"
09/16/2015,"$1,660.00",72,"$1,540.00","$1,670.00","$1,500.00"
09/15/2015,"$1,540.00",141,"$1,360.00","$1,540.00","$1,300.00"
09/14/2015,"$1,360.00",36,"$1,240.00","$1,360.00","$1,240.00"
09/11/2015,"$1,260.00",50,"$1,300.00","$1,300.00","$1,180.00"
09/10/2015,"$1,200.00",16,"$1,200.00","$1,260.00","$1,140.20"
09/09/2015,"$1,140.00",19,"$1,140.00","$1,200.00","$1,140.00"
09/08/2015,"$1,120.00",33,"$1,060.00","$1,299.00","$1,060.00"
09/04/2015,"$1,070.00",26,"$1,020.00","$1,100.00","$1,020.00"
09/03/2015,$980.00,38,"$1,030.00","$1,040.00",$959.80
09/02/2015,"$1,020.00",2,"$1,000.00","$1,020.00","$1,000.00"
09/01/2015,$960.00,3,$960.00,"$1,020.00",$960.00
08/31/2015,"$1,000.00",3,$900.20,"$1,020.00",$900.20
08/28/2015,"$1,020.00",75,$950.00,"$1,020.00",$880.00
08/27/2015,$860.00,16,$940.00,$960.00,$860.00
08/26/2015,$960.00,7,"$1,000.00","$1,020.00",$960.00
08/25/2015,"$1,040.00",8,"$1,020.00","$1,040.00","$1,000.00"
08/24/2015,"$1,020.00",5,"$1,020.00","$1,020.00","$1,020.00"
08/21/2015,$941.00,12,"$1,000.00","$1,000.00",$941.00
08/20/2015,"$1,000.00",1,"$1,020.00","$1,020.00","$1,000.00"
08/19/2015,"$1,040.00",3,$980.00,"$1,040.00",$980.00
08/18/2015,"$1,060.00",8,"$1,040.00","$1,060.00",$951.80
08/17/2015,"$1,060.00",6,"$1,040.00","$1,060.00","$1,040.00"
08/14/2015,"$1,100.00",2,"$1,060.00","$1,100.00","$1,060.00"
08/13/2015,"$1,040.00",9,"$1,042.00","$1,042.00","$1,040.00"
08/12/2015,"$1,040.00",7,"$1,040.00","$1,040.00","$1,040.00"
08/11/2015,"$1,060.00",6,"$1,100.00","$1,100.00","$1,060.00"
08/10/2015,"$1,060.00",10,"$1,100.00","$1,139.60","$1,060.00"
08/07/2015,"$1,100.00",6,"$1,100.00","$1,100.00","$1,100.00"
08/06/2015,"$1,040.00",N/A,"$1,040.00","$1,040.00","$1,040.00"
08/05/2015,"$1,040.00",7,$980.00,"$1,040.00",$980.00
08/04/2015,"$1,060.00",N/A,"$1,060.00","$1,060.00","$1,060.00"
08/03/2015,"$1,060.00",22,"$1,040.00","$1,060.00","$1,000.00"
07/31/2015,"$1,040.00",20,"$1,040.00","$1,139.80","$1,040.00"
07/30/2015,"$1,099.80",32,"$1,140.00","$1,140.00","$1,022.00"
07/29/2015,"$1,140.00",7,"$1,140.00","$1,199.80","$1,136.00"
07/28/2015,"$1,140.00",5,"$1,100.20","$1,159.80","$1,100.20"
07/27/2015,"$1,249.80",15,"$1,140.00","$1,250.00","$1,120.40"
07/24/2015,"$1,169.80",15,"$1,173.80","$1,179.80","$1,120.20"
07/23/2015,"$1,170.00",1,"$1,179.80","$1,179.80","$1,170.00"
07/22/2015,"$1,140.00",1,"$1,159.80","$1,159.80","$1,044.40"
07/21/2015,"$1,044.40",15,"$1,212.00","$1,212.00","$1,040.00"
07/20/2015,"$1,140.00",23,"$1,220.00","$1,276.00","$1,100.00"
07/17/2015,"$1,220.00",13,"$1,239.00","$1,239.00","$1,160.00"
07/16/2015,"$1,188.00",35,"$1,148.00","$1,199.80","$1,100.00"
07/15/2015,"$1,156.00",18,"$1,200.00","$1,200.00","$1,079.60"
07/14/2015,"$1,020.00",47,"$1,180.00","$1,180.00",$944.00
07/13/2015,"$1,180.00",2,"$1,180.00","$1,180.00","$1,180.00"
07/10/2015,"$1,180.00",28,"$1,280.00","$1,280.00","$1,140.00"
07/09/2015,"$1,200.00",23,"$1,300.00","$1,300.00","$1,199.80"
07/08/2015,"$1,260.00",5,"$1,320.00","$1,340.00","$1,260.00"
07/07/2015,"$1,400.00",19,"$1,360.00","$1,490.00","$1,300.00"
07/06/2015,"$1,300.00",14,"$1,400.00","$1,499.80","$1,251.00"
07/02/2015,"$1,379.80",35,"$1,340.00","$1,400.00","$1,220.00"
07/01/2015,"$1,310.00",4,"$1,300.00","$1,340.00","$1,300.00"
06/30/2015,"$1,294.00",9,"$1,340.00","$1,340.00","$1,280.00"
06/29/2015,"$1,380.00",3,"$1,300.00","$1,380.00","$1,290.00"
06/26/2015,"$1,356.00",8,"$1,340.00","$1,356.00","$1,320.00"
06/25/2015,"$1,320.00",12,"$1,500.00","$1,500.00","$1,320.00"
06/24/2015,"$1,499.80",14,"$1,329.80","$1,499.80","$1,290.00"
06/23/2015,"$1,320.00",18,"$1,380.00","$1,380.00","$1,300.00"
06/22/2015,"$1,380.00",1,"$1,380.00","$1,380.00","$1,380.00"
06/19/2015,"$1,380.00",3,"$1,372.00","$1,380.00","$1,343.20"
06/18/2015,"$1,360.00",N/A,"$1,360.00","$1,360.00","$1,360.00"
06/17/2015,"$1,360.00",N/A,"$1,360.00","$1,360.00","$1,360.00"
06/16/2015,"$1,360.00",6,"$1,360.00","$1,400.00","$1,360.00"
06/15/2015,"$1,388.00",13,"$1,400.00","$1,400.00","$1,388.00"
06/12/2015,"$1,400.00",1,"$1,360.00","$1,400.00","$1,360.00"
06/11/2015,"$1,400.00",5,"$1,360.00","$1,400.00","$1,360.00"
06/10/2015,"$1,342.20",10,"$1,440.00","$1,440.00","$1,322.20"
06/09/2015,"$1,440.00",1,"$1,458.00","$1,458.00","$1,440.00"
06/08/2015,"$1,540.00",1,"$1,440.20","$1,580.00","$1,440.20"
06/05/2015,"$1,500.00",14,"$1,600.00","$1,600.00","$1,500.00"
06/04/2015,"$1,500.00",3,"$1,500.00","$1,500.00","$1,500.00"
06/03/2015,"$1,600.00",10,"$1,480.00","$1,600.00","$1,480.00"
06/02/2015,"$1,480.00",7,"$1,390.00","$1,480.00","$1,390.00"
06/01/2015,"$1,390.00",10,"$1,380.40","$1,500.00","$1,380.40"
05/29/2015,"$1,420.80",15,"$1,500.00","$1,500.00","$1,420.80"
05/28/2015,"$1,480.00",3,"$1,560.00","$1,560.00","$1,443.40"
05/27/2015,"$1,442.20",3,"$1,560.00","$1,560.00","$1,442.20"
05/26/2015,"$1,600.00",2,"$1,530.00","$1,600.00","$1,530.00"
05/22/2015,"$1,620.00",4,"$1,600.00","$1,620.00","$1,600.00"
05/21/2015,"$1,540.00",18,"$1,619.80","$1,620.00","$1,540.00"
05/20/2015,"$1,530.80",22,"$1,440.00","$1,600.00","$1,440.00"
05/19/2015,"$1,498.00",25,"$1,459.20","$1,500.00","$1,420.20"
05/18/2015,"$1,480.00",35,"$1,270.00","$1,480.00","$1,270.00"
05/15/2015,"$1,420.00",46,"$1,499.80","$1,499.80","$1,301.80"
05/14/2015,"$1,400.00",111,"$1,439.00","$1,479.80","$1,290.00"
05/13/2015,"$1,438.80",41,"$1,480.00","$1,500.00","$1,420.20"
05/12/2015,"$1,480.00",36,"$1,540.00","$1,620.00","$1,460.00"
05/11/2015,"$1,540.00",9,"$1,520.00","$1,550.00","$1,490.00"
05/08/2015,"$1,720.00",23,"$1,484.00","$1,720.00","$1,484.00"
05/07/2015,"$1,484.00",14,"$1,592.00","$1,592.20","$1,482.00"
05/06/2015,"$1,592.00",10,"$1,592.40","$1,592.40","$1,480.00"
05/05/2015,"$1,592.40",19,"$1,700.00","$1,720.00","$1,592.40"
05/04/2015,"$1,600.00",2,"$1,719.80","$1,719.80","$1,600.00"
05/01/2015,"$1,600.00",16,"$1,700.00","$1,700.00","$1,592.80"
04/30/2015,"$1,700.00",5,"$1,522.40","$1,700.00","$1,522.40"
04/29/2015,"$1,522.00",1,"$1,699.80","$1,699.80","$1,522.00"
04/28/2015,"$1,600.00",41,"$1,560.00","$1,690.00","$1,540.00"
04/27/2015,"$1,520.00",6,"$1,680.00","$1,680.00","$1,520.00"
04/24/2015,"$1,680.00",10,"$1,684.00","$1,690.00","$1,600.00"
04/23/2015,"$1,530.00",15,"$1,640.00","$1,700.00","$1,461.20"
04/22/2015,"$1,699.80",16,"$1,799.60","$1,799.60","$1,600.00"
04/21/2015,"$1,680.00",28,"$1,800.00","$1,800.20","$1,680.00"
04/20/2015,"$1,780.00",43,"$1,720.00","$1,780.00","$1,600.00"
04/17/2015,"$1,640.00",2,"$1,570.10","$1,640.00","$1,570.10"
04/16/2015,"$1,560.00",29,"$1,599.80","$1,599.80","$1,560.00"
04/15/2015,"$1,599.80",18,"$1,539.80","$1,619.80","$1,500.00"
04/14/2015,"$1,440.00",5,"$1,440.00","$1,440.00","$1,440.00"
04/13/2015,"$1,440.00",5,"$1,500.00","$1,500.00","$1,440.00"
04/10/2015,"$1,410.00",34,"$1,450.00","$1,500.00","$1,380.00"
04/09/2015,"$1,460.00",7,"$1,540.00","$1,540.00","$1,460.00"
04/08/2015,"$1,520.00",9,"$1,440.00","$1,520.00","$1,420.00"
04/07/2015,"$1,420.00",11,"$1,420.00","$1,499.80","$1,415.00"
04/06/2015,"$1,499.80",23,"$1,617.20","$1,617.20","$1,400.20"
04/02/2015,"$1,617.40",2,"$1,619.80","$1,619.80","$1,462.40"
04/01/2015,"$1,589.80",7,"$1,520.00","$1,619.80","$1,462.20"
03/31/2015,"$1,600.00",2,"$1,560.00","$1,600.00","$1,560.00"
03/30/2015,"$1,500.00",3,"$1,520.00","$1,560.00","$1,462.20"
03/27/2015,"$1,560.00",4,"$1,600.00","$1,600.00","$1,560.00"
03/26/2015,"$1,600.00",1,"$1,558.00","$1,600.00","$1,558.00"
03/25/2015,"$1,520.00",17,"$1,540.00","$1,540.00","$1,462.00"
03/24/2015,"$1,600.00",3,"$1,640.00","$1,640.00","$1,540.00"
03/23/2015,"$1,600.00",31,"$1,660.00","$1,700.00","$1,580.00"
03/20/2015,"$1,700.00",24,"$1,740.00","$1,780.00","$1,660.20"
03/19/2015,"$1,760.00",1,"$1,780.00","$1,780.00","$1,760.00"
03/18/2015,"$1,760.00",7,"$1,700.00","$1,760.00","$1,700.00"
03/17/2015,"$1,760.00",13,"$1,720.00","$1,780.00","$1,700.00"
03/16/2015,"$1,776.02",8,"$1,799.80","$1,799.80","$1,700.00"
03/13/2015,"$1,680.00",11,"$1,640.20","$1,800.00","$1,640.20"
03/12/2015,"$1,740.00",9,"$1,760.00","$1,760.00","$1,700.00"
03/11/2015,"$1,800.00",7,"$1,940.00","$1,940.00","$1,760.00"
03/10/2015,"$1,880.00",16,"$1,800.00","$1,880.00","$1,740.00"
03/09/2015,"$1,740.00",16,"$1,980.00","$1,980.00","$1,640.20"
03/06/2015,"$1,940.00",41,"$1,880.00","$1,980.00","$1,800.00"
03/05/2015,"$1,740.00",44,"$1,640.00","$1,980.00","$1,524.00"
03/04/2015,"$1,640.00",16,"$1,560.00","$1,640.00","$1,560.00"
03/03/2015,"$1,560.00",1,"$1,560.00","$1,560.00","$1,560.00"
03/02/2015,"$1,500.00",14,"$1,578.00","$1,578.00","$1,400.00"
02/27/2015,"$1,580.00",16,"$1,560.00","$1,580.00","$1,500.00"
02/26/2015,"$1,540.00",14,"$1,559.60","$1,559.80","$1,540.00"
02/25/2015,"$1,560.00",6,"$1,450.00","$1,560.00","$1,450.00"
02/24/2015,"$1,450.00",8,"$1,460.00","$1,460.00","$1,450.00"
02/23/2015,"$1,440.00",1,"$1,460.00","$1,460.00","$1,440.00"
02/20/2015,"$1,460.00",175,"$1,460.00","$1,500.00","$1,390.00"
02/19/2015,"$1,480.00",19,"$1,480.00","$1,560.00","$1,420.00"
02/18/2015,"$1,500.00",24,"$1,590.00","$1,590.00","$1,500.00"
02/17/2015,"$1,560.00",186,"$1,400.00","$1,569.80","$1,340.00"
02/13/2015,"$1,400.00",9,"$1,410.00","$1,410.00","$1,310.20"
02/12/2015,"$1,365.00",29,"$1,400.00","$1,489.40","$1,365.00"
02/11/2015,"$1,365.00",9,"$1,400.00","$1,400.00","$1,365.00"
02/10/2015,"$1,420.00",16,"$1,400.80","$1,440.00","$1,400.00"
02/09/2015,"$1,400.80",13,"$1,400.80","$1,480.00","$1,400.80"
02/06/2015,"$1,530.00",8,"$1,450.00","$1,530.00","$1,401.00"
02/05/2015,"$1,480.00",9,"$1,390.20","$1,520.00","$1,390.20"
02/04/2015,"$1,390.20",N/A,"$1,400.00","$1,400.00","$1,390.20"
02/03/2015,"$1,420.00",7,"$1,440.00","$1,440.00","$1,420.00"
02/02/2015,"$1,404.00",31,"$1,400.00","$1,620.00","$1,400.00"
01/30/2015,"$1,400.00",36,"$1,360.00","$1,400.00","$1,300.00"
01/29/2015,"$1,342.20",8,"$1,420.00","$1,420.00","$1,310.20"
01/28/2015,"$1,380.00",5,"$1,380.00","$1,380.00","$1,370.00"
01/27/2015,"$1,380.00",4,"$1,400.00","$1,400.00","$1,300.20"
01/26/2015,"$1,400.00",2,"$1,400.00","$1,400.00","$1,400.00"
01/23/2015,"$1,419.40",N/A,"$1,419.60","$1,419.60","$1,419.40"
01/22/2015,"$1,419.60",26,"$1,300.20","$1,420.00","$1,280.00"
01/21/2015,"$1,420.00",32,"$1,460.00","$1,460.00","$1,400.00"
01/20/2015,"$1,491.00",15,"$1,520.40","$1,600.00","$1,491.00"
01/16/2015,"$1,520.80",4,"$1,600.00","$1,600.00","$1,520.80"
01/15/2015,"$1,600.00",6,"$1,620.00","$1,620.00","$1,600.00"
01/14/2015,"$1,620.00",2,"$1,620.00","$1,620.00","$1,530.20"
01/13/2015,"$1,620.00",16,"$1,530.00","$1,620.00","$1,500.00"
01/12/2015,"$1,501.00",40,"$1,700.00","$1,700.00","$1,500.20"
01/09/2015,"$1,700.00",2,"$1,717.80","$1,717.80","$1,660.00"
01/08/2015,"$1,717.80",6,"$1,759.80","$1,759.80","$1,640.00"
01/07/2015,"$1,759.80",5,"$1,678.00","$1,779.80","$1,620.20"
01/06/2015,"$1,620.00",2,"$1,779.80","$1,779.80","$1,620.00"
01/05/2015,"$1,740.00",3,"$1,779.80","$1,779.80","$1,600.20"
01/02/2015,"$1,700.00",5,"$1,700.00","$1,700.00","$1,700.00"
12/31/2014,"$1,620.00",5,"$1,797.80","$1,797.80","$1,600.00"
12/30/2014,"$1,600.00",1,"$1,600.00","$1,600.00","$1,600.00"
12/29/2014,"$1,600.00",12,"$1,600.00","$1,620.00","$1,600.00"
12/26/2014,"$1,600.00",26,"$1,700.00","$1,740.00","$1,600.00"
12/24/2014,"$1,872.00",N/A,"$1,872.00","$1,872.00","$1,872.00"
12/23/2014,"$1,740.00",9,"$1,800.00","$1,879.60","$1,740.00"
12/22/2014,"$1,740.00",28,"$1,780.00","$1,880.00","$1,710.00"
12/19/2014,"$1,798.00",9,"$1,639.80","$1,799.40","$1,620.00"
12/18/2014,"$1,644.00",7,"$1,800.00","$1,800.00","$1,642.40"
12/17/2014,"$1,700.00",9,"$1,777.80","$1,800.00","$1,600.20"
12/16/2014,"$1,580.00",3,"$1,600.00","$1,600.00","$1,580.00"
12/15/2014,"$1,580.00",30,"$1,820.00","$1,820.00","$1,560.00"
12/12/2014,"$1,700.00",2,"$1,640.00","$1,700.00","$1,640.00"
12/11/2014,"$1,740.00",N/A,"$1,740.00","$1,740.00","$1,740.00"
12/10/2014,"$1,740.00",9,"$1,799.20","$1,799.20","$1,700.00"
12/09/2014,"$1,799.60",34,"$1,879.80","$1,960.00","$1,602.00"
12/08/2014,"$1,720.40",19,"$1,720.60","$1,899.80","$1,720.40"
12/05/2014,"$1,720.40",27,"$1,879.80","$1,920.00","$1,720.40"
12/04/2014,"$1,800.20",7,"$1,838.00","$1,880.00","$1,740.20"
12/03/2014,"$1,700.00",14,"$1,860.00","$1,860.00","$1,700.00"
12/02/2014,"$1,760.00",23,"$1,880.00","$1,980.00","$1,760.00"
12/01/2014,"$1,720.00",11,"$1,780.00","$1,780.00","$1,720.00"
11/28/2014,"$1,820.00",2,"$1,980.00","$1,980.00","$1,820.00"
11/26/2014,"$1,820.00",14,"$1,880.00","$1,880.00","$1,820.00"
11/25/2014,"$1,880.00",8,"$1,920.00","$1,920.00","$1,880.00"
11/24/2014,"$1,802.00",15,"$1,940.00","$1,980.00","$1,800.00"
11/21/2014,"$1,880.00",16,"$1,780.00","$1,980.00","$1,780.00"
11/20/2014,"$1,780.00",3,"$1,800.00","$1,896.00","$1,780.00"
11/19/2014,"$1,858.20",2,"$1,880.00","$1,880.00","$1,760.20"
11/18/2014,"$1,780.20",4,"$1,980.00","$1,980.00","$1,780.20"
11/17/2014,"$1,900.00",15,"$1,880.80","$1,980.00","$1,762.00"
11/14/2014,"$1,880.80",10,"$1,960.00","$1,980.00","$1,880.80"
11/13/2014,"$1,900.00",7,"$1,882.00","$1,900.00","$1,840.00"
11/12/2014,"$1,900.00",8,"$1,980.00","$1,980.00","$1,882.00"
11/11/2014,"$1,980.00",33,"$1,980.00","$1,980.00","$1,900.00"
11/10/2014,"$1,882.00",24,"$1,900.00","$1,980.00","$1,860.00"
11/07/2014,"$1,860.00",52,"$2,020.00","$2,040.00","$1,800.00"
11/06/2014,"$2,040.00",62,"$1,920.00","$2,040.00","$1,880.00"
11/05/2014,"$1,940.00",12,"$1,820.00","$1,940.00","$1,760.00"
11/04/2014,"$1,800.00",5,"$1,880.00","$1,880.00","$1,800.00"
11/03/2014,"$1,860.00",5,"$1,869.80","$1,870.00","$1,780.00"
10/31/2014,"$1,879.80",15,"$1,820.00","$2,000.00","$1,720.00"
10/30/2014,"$1,820.00",14,"$1,660.00","$1,820.00","$1,600.00"
10/29/2014,"$1,700.00",6,"$1,690.00","$1,700.00","$1,690.00"
10/28/2014,"$1,679.80",1,"$1,620.00","$1,679.80","$1,620.00"
10/27/2014,"$1,602.20",7,"$1,720.00","$1,720.00","$1,602.20"
10/24/2014,"$1,600.20",6,"$1,620.00","$1,700.00","$1,600.20"
10/23/2014,"$1,620.00",5,"$1,620.00","$1,620.00","$1,620.00"
10/22/2014,"$1,619.80",25,"$1,640.00","$1,660.00","$1,570.00"
10/21/2014,"$1,600.00",30,"$1,560.20","$1,680.00","$1,560.20"
10/20/2014,"$1,640.00",8,"$1,600.00","$1,640.00","$1,460.20"
10/17/2014,"$1,640.00",12,"$1,580.00","$1,700.00","$1,560.00"
10/16/2014,"$1,600.00",3,"$1,699.80","$1,699.80","$1,520.00"
10/15/2014,"$1,739.60",28,"$1,640.00","$1,739.60","$1,460.00"
10/14/2014,"$1,680.00",26,"$1,800.00","$1,800.00","$1,620.00"
10/13/2014,"$1,780.20",2,"$1,780.20","$1,880.00","$1,780.20"
10/10/2014,"$1,899.20",1,"$1,899.20","$1,899.20","$1,899.20"
10/09/2014,"$1,780.00",34,"$1,840.00","$2,020.00","$1,780.00"
10/08/2014,"$1,880.00",8,"$1,860.00","$1,880.00","$1,840.00"
10/07/2014,"$1,880.00",2,"$1,840.20","$1,880.00","$1,840.20"
10/06/2014,"$1,920.00",1,"$1,820.00","$1,920.00","$1,820.00"
10/03/2014,"$1,840.00",20,"$1,820.00","$1,840.00","$1,820.00"
10/02/2014,"$1,840.00",20,"$1,900.00","$1,900.00","$1,820.20"
10/01/2014,"$1,940.00",21,"$1,900.00","$2,000.00","$1,899.80"
09/30/2014,"$1,920.00",2,"$1,979.20","$1,980.00","$1,840.00"
09/29/2014,"$1,830.20",15,"$2,040.00","$2,040.00","$1,830.20"
09/26/2014,"$2,040.00",26,"$1,800.00","$2,040.00","$1,760.00"
09/25/2014,"$1,820.00",23,"$1,880.00","$1,900.00","$1,740.60"
09/24/2014,"$1,900.00",4,"$1,900.00","$1,903.00","$1,900.00"
09/23/2014,"$1,900.00",15,"$1,960.00","$1,960.00","$1,900.00"
09/22/2014,"$1,960.00",9,"$1,900.00","$1,960.00","$1,860.00"
09/19/2014,"$1,980.00",16,"$1,900.00","$2,060.00","$1,900.00"
09/18/2014,"$1,870.00",53,"$2,000.00","$2,040.00","$1,860.00"
09/17/2014,"$2,040.00",47,"$1,800.00","$2,040.00","$1,800.00"
09/16/2014,"$1,840.00",32,"$1,660.00","$1,840.00","$1,600.00"
09/15/2014,"$1,600.00",11,"$1,680.00","$1,680.00","$1,480.00"
09/12/2014,"$1,499.80",8,"$1,499.40","$1,500.00","$1,430.00"
09/11/2014,"$1,440.00",34,"$1,480.00","$1,499.20","$1,390.00"
09/10/2014,"$1,520.00",11,"$1,460.00","$1,520.00","$1,420.00"
09/09/2014,"$1,459.80",14,"$1,460.00","$1,460.00","$1,360.00"
09/08/2014,"$1,440.00",19,"$1,402.00","$1,440.00","$1,402.00"
09/05/2014,"$1,440.00",43,"$1,530.00","$1,538.00","$1,359.80"
09/04/2014,"$1,530.00",13,"$1,460.00","$1,559.20","$1,460.00"
09/03/2014,"$1,460.00",6,"$1,420.00","$1,559.80","$1,420.00"
09/02/2014,"$1,460.00",2,"$1,388.60","$1,559.80","$1,388.60"
08/29/2014,"$1,388.00",20,"$1,580.00","$1,580.00","$1,360.00"
08/28/2014,"$1,580.00",19,"$1,480.40","$1,640.00","$1,470.00"
08/27/2014,"$1,460.20",4,"$1,540.00","$1,540.00","$1,460.20"
08/26/2014,"$1,539.80",4,"$1,440.00","$1,579.80","$1,440.00"
08/25/2014,"$1,440.00",4,"$1,560.00","$1,560.00","$1,440.00"
08/22/2014,"$1,440.00",5,"$1,520.00","$1,579.40","$1,420.00"
08/21/2014,"$1,558.00",50,"$1,380.00","$1,580.00","$1,380.00"
08/20/2014,"$1,459.20",8,"$1,539.80","$1,539.80","$1,360.20"
08/19/2014,"$1,459.80",34,"$1,360.00","$1,500.00","$1,300.00"
08/18/2014,"$1,360.00",14,"$1,440.00","$1,440.00","$1,360.00"
08/15/2014,"$1,420.00",9,"$1,400.00","$1,420.00","$1,360.00"
08/14/2014,"$1,400.00",5,"$1,400.00","$1,400.00","$1,400.00"
08/13/2014,"$1,360.00",22,"$1,460.00","$1,460.00","$1,320.00"
08/12/2014,"$1,460.00",5,"$1,480.00","$1,480.00","$1,244.00"
08/11/2014,"$1,480.00",20,"$1,436.00","$1,559.80","$1,360.00"
08/08/2014,"$1,416.00",36,"$1,460.00","$1,496.00","$1,260.00"
08/07/2014,"$1,280.00",19,"$1,600.00","$1,680.00","$1,280.00"
08/06/2014,"$1,480.00",9,"$1,619.60","$1,619.60","$1,480.00"
08/05/2014,"$1,540.00",39,"$1,679.80","$1,679.80","$1,500.00"
08/04/2014,"$1,560.00",2,"$1,560.00","$1,560.00","$1,520.00"
08/01/2014,"$1,580.00",9,"$1,600.00","$1,600.00","$1,540.00"
07/31/2014,"$1,600.00",21,"$1,560.00","$1,600.00","$1,500.20"
07/30/2014,"$1,580.00",2,"$1,580.00","$1,580.00","$1,580.00"
07/29/2014,"$1,574.80",3,"$1,560.00","$1,600.00","$1,560.00"
07/28/2014,"$1,600.00",29,"$1,554.20","$1,700.00","$1,554.20"
07/25/2014,"$1,640.00",35,"$1,680.00","$1,680.00","$1,600.00"
07/24/2014,"$1,680.00",18,"$1,680.00","$1,800.00","$1,680.00"
07/23/2014,"$1,680.00",25,"$1,780.00","$1,832.00","$1,640.20"
07/22/2014,"$1,740.00",13,"$1,800.00","$1,939.80","$1,680.00"
07/21/2014,"$1,800.00",11,"$1,820.00","$1,820.00","$1,800.00"
07/18/2014,"$1,820.00",16,"$1,900.00","$1,959.80","$1,820.00"
07/17/2014,"$1,820.00",44,"$1,960.00","$2,000.00","$1,820.00"
07/16/2014,"$1,960.00",48,"$1,850.00","$2,020.00","$1,849.80"
07/15/2014,"$1,860.00",30,"$1,762.60","$1,880.00","$1,762.60"
07/14/2014,"$1,880.00",16,"$1,900.00","$1,900.00","$1,778.00"
07/11/2014,"$1,800.00",3,"$1,759.60","$1,896.00","$1,700.20"
07/10/2014,"$1,700.00",8,"$1,660.00","$1,816.00","$1,660.00"
07/09/2014,"$1,776.00",6,"$1,800.00","$1,800.00","$1,700.00"
07/08/2014,"$1,720.00",12,"$1,700.00","$1,820.00","$1,700.00"
07/07/2014,"$1,736.00",8,"$1,700.00","$1,776.00","$1,700.00"
07/03/2014,"$1,660.00",2,"$1,680.00","$1,680.00","$1,660.00"
07/02/2014,"$1,640.00",3,"$1,680.00","$1,690.00","$1,640.00"
07/01/2014,"$1,700.00",3,"$1,760.00","$1,760.00","$1,680.00"
06/30/2014,"$1,776.00",20,"$1,800.00","$1,880.00","$1,626.00"
06/27/2014,"$1,660.00",3,"$1,760.00","$1,760.00","$1,660.00"
06/26/2014,"$1,800.00",9,"$1,800.00","$1,820.00","$1,800.00"
06/25/2014,"$1,800.00",8,"$1,739.80","$1,800.00","$1,739.80"
06/24/2014,"$1,759.80",N/A,"$1,759.80","$1,759.80","$1,759.80"
06/23/2014,"$1,660.00",4,"$1,643.20","$1,760.00","$1,643.20"
06/20/2014,"$1,760.00",22,"$1,800.00","$1,800.00","$1,720.00"
06/19/2014,"$1,799.80",6,"$1,800.00","$1,800.00","$1,752.00"
06/18/2014,"$1,760.40",13,"$1,744.40","$1,800.00","$1,744.40"
06/17/2014,"$1,860.00",8,"$1,740.00","$1,880.00","$1,724.20"
06/16/2014,"$1,740.00",8,"$1,840.00","$1,840.00","$1,720.20"
06/13/2014,"$1,899.60",9,"$1,980.00","$1,980.00","$1,740.00"
06/12/2014,"$1,860.00",23,"$1,800.00","$1,860.00","$1,780.00"
06/11/2014,"$1,734.00",16,"$1,920.00","$1,920.00","$1,720.00"
06/10/2014,"$1,800.00",15,"$1,800.00","$1,860.00","$1,780.00"
06/09/2014,"$1,900.00",1,"$1,920.00","$1,920.00","$1,740.20"
06/06/2014,"$1,900.00",9,"$1,900.00","$1,900.00","$1,800.00"
06/05/2014,"$1,860.00",16,"$1,820.00","$1,860.00","$1,700.20"
06/04/2014,"$1,820.00",12,"$1,860.00","$1,860.00","$1,710.20"
06/03/2014,"$1,880.00",31,"$1,660.00","$1,900.00","$1,600.00"
06/02/2014,"$1,600.00",132,"$1,860.00","$1,900.00","$1,500.00"
05/30/2014,"$1,850.00",36,"$1,900.00","$1,900.00","$1,800.00"
05/29/2014,"$1,840.00",36,"$1,760.00","$1,860.20","$1,740.00"
05/28/2014,"$1,700.00",156,"$2,000.00","$2,040.00","$1,600.00"
05/27/2014,"$2,140.00",56,"$2,180.00","$2,200.00","$2,020.00"
05/23/2014,"$2,180.00",5,"$2,200.00","$2,240.00","$2,180.00"
05/22/2014,"$2,200.00",7,"$2,120.00","$2,340.00","$2,120.00"
05/21/2014,"$2,200.00",N/A,"$2,100.00","$2,200.00","$2,100.00"
05/20/2014,"$2,100.00",13,"$2,240.00","$2,240.00","$2,080.00"
05/19/2014,"$2,080.00",18,"$2,200.00","$2,220.00","$2,080.00"
05/16/2014,"$2,220.00",3,"$2,220.00","$2,340.00","$2,220.00"
05/15/2014,"$2,220.00",14,"$2,280.00","$2,360.00","$2,100.00"
05/14/2014,"$2,260.00",3,"$2,300.00","$2,400.00","$2,260.00"
05/13/2014,"$2,280.00",31,"$2,240.00","$2,320.00","$2,200.00"
05/12/2014,"$2,300.00",1,"$2,300.00","$2,300.00","$2,240.00"
05/09/2014,"$2,300.00",2,"$2,280.00","$2,300.00","$2,260.00"
05/08/2014,"$2,260.00",5,"$2,200.00","$2,260.00","$2,180.00"
05/07/2014,"$2,240.00",5,"$2,120.00","$2,240.00","$2,120.00"
05/06/2014,"$2,300.00",6,"$2,300.00","$2,300.00","$2,220.00"
05/05/2014,"$2,300.00",19,"$2,340.00","$2,340.00","$2,300.00"
05/02/2014,"$2,280.00",N/A,"$2,280.00","$2,280.00","$2,280.00"
05/01/2014,"$2,300.00",7,"$2,340.00","$2,340.00","$2,300.00"
04/30/2014,"$2,340.00",20,"$2,200.00","$2,460.00","$2,200.00"
04/29/2014,"$2,180.00",6,"$2,140.00","$2,220.00","$2,140.00"
04/28/2014,"$2,160.00",6,"$2,240.00","$2,240.00","$2,160.00"
04/25/2014,"$2,280.00",11,"$2,200.00","$2,280.00","$2,140.00"
04/24/2014,"$2,200.00",51,"$2,380.00","$2,380.00","$2,200.00"
04/23/2014,"$2,360.00",5,"$2,400.00","$2,400.00","$2,360.00"
04/22/2014,"$2,340.00",54,"$2,520.00","$2,520.00","$2,300.00"
04/21/2014,"$2,520.00",15,"$2,580.00","$2,580.00","$2,520.00"
04/17/2014,"$2,600.00",27,"$2,400.00","$2,600.00","$2,360.00"
04/16/2014,"$2,400.00",18,"$2,480.00","$2,500.00","$2,320.00"
04/15/2014,"$2,480.00",10,"$2,500.00","$2,520.00","$2,400.00"
04/14/2014,"$2,500.00",34,"$2,660.00","$2,700.00","$2,440.00"
04/11/2014,"$2,580.00",28,"$2,640.00","$2,640.00","$2,440.00"
04/10/2014,"$2,440.00",26,"$2,660.00","$2,660.00","$2,420.00"
04/09/2014,"$2,560.00",123,"$2,600.00","$2,760.00","$2,520.00"
04/08/2014,"$2,640.00",24,"$2,560.00","$2,680.00","$2,500.00"
04/07/2014,"$2,500.00",149,"$2,530.00","$2,820.00","$2,400.00"
04/04/2014,"$2,420.00",122,"$2,540.00","$2,780.00","$2,400.00"
04/03/2014,"$2,500.00",101,"$2,580.00","$2,760.00","$2,500.00"
04/02/2014,"$2,500.00",14,"$2,400.00","$2,560.00","$2,400.00"
04/01/2014,"$2,340.00",32,"$2,500.00","$2,560.00","$2,340.00"
03/31/2014,"$2,420.00",8,"$2,440.00","$2,440.00","$2,400.00"
03/28/2014,"$2,400.00",16,"$2,560.00","$2,560.00","$2,400.00"
03/27/2014,"$2,540.00",8,"$2,300.00","$2,540.00","$2,300.00"
03/26/2014,"$2,300.00",39,"$2,600.00","$2,600.00","$2,300.00"
03/25/2014,"$2,600.00",8,"$2,720.00","$2,720.00","$2,400.00"
03/24/2014,"$2,500.00",22,"$2,440.00","$2,600.00","$2,400.00"
03/21/2014,"$2,400.00",186,"$2,760.00","$2,760.00","$2,300.00"
03/20/2014,"$2,520.00",63,"$2,680.00","$2,680.00","$2,500.00"
03/19/2014,"$2,680.00",9,"$2,800.00","$2,800.00","$2,660.00"
03/18/2014,"$2,700.00",17,"$2,640.00","$2,780.00","$2,640.00"
03/17/2014,"$2,700.00",8,"$2,780.00","$2,800.00","$2,620.00"
03/14/2014,"$2,780.00",33,"$2,640.00","$2,780.00","$2,640.00"
03/13/2014,"$2,660.00",26,"$2,780.00","$2,780.00","$2,640.00"
03/12/2014,"$2,780.00",28,"$2,620.00","$2,860.00","$2,620.00"
03/11/2014,"$2,660.00",35,"$2,880.00","$2,900.00","$2,660.00"
03/10/2014,"$2,880.00",27,"$2,960.00","$3,060.00","$2,800.00"
03/07/2014,"$2,900.00",41,"$2,800.00","$2,980.00","$2,800.00"
03/06/2014,"$2,800.00",121,"$3,080.00","$3,200.00","$2,720.00"
03/05/2014,"$3,080.00",47,"$3,000.00","$3,080.00","$2,860.00"
03/04/2014,"$2,960.00",45,"$3,000.00","$3,180.00","$2,900.00"
03/03/2014,"$2,900.00",30,"$3,000.00","$3,000.00","$2,820.00"
