Date,Close,Volume,Open,High,Low
03/01/2024,$3.10,"10,562",$2.94,$3.26,$2.94
02/29/2024,$2.93,"24,033",$3.0712,$3.29,$2.92
02/28/2024,$3.1595,"7,290",$3.23,$3.30,$3.11
02/27/2024,$3.22,"18,856",$3.10,$3.2398,$3.06
02/26/2024,$3.02,"10,173",$3.091,$3.10,$3.01
02/23/2024,$2.99,"13,686",$2.99,$3.10,$2.9133
02/22/2024,$3.00,"6,765",$2.80,$3.09,$2.80
02/21/2024,$2.87,"7,717",$2.9899,$2.9899,$2.846
02/20/2024,$3.00,"12,117",$3.05,$3.10,$3.00
02/16/2024,$3.12,"29,067",$2.87,$3.12,$2.6864
02/15/2024,$2.87,"10,108",$2.74,$2.87,$2.6101
02/14/2024,$2.77,"9,688",$2.69,$2.835,$2.66
02/13/2024,$2.755,"4,590",$2.65,$2.87,$2.65
02/12/2024,$2.72,"5,903",$2.66,$2.80,$2.61
02/09/2024,$2.66,"2,328",$2.60,$2.66,$2.60
02/08/2024,$2.61,"5,612",$2.63,$2.6599,$2.60
02/07/2024,$2.6481,"9,562",$2.5601,$2.66,$2.5601
02/06/2024,$2.66,"7,732",$2.68,$2.83,$2.58
02/05/2024,$2.8045,"1,542",$2.71,$2.8045,$2.71
02/02/2024,$2.65,"6,213",$2.73,$2.87,$2.5976
02/01/2024,$2.6999,"4,950",$2.50,$2.6999,$2.50
01/31/2024,$2.47,"10,993",$2.58,$2.7202,$2.47
01/30/2024,$2.75,"4,471",$2.80,$2.865,$2.74
01/29/2024,$2.7699,"14,454",$2.88,$2.95,$2.42
01/26/2024,$2.84,"10,608",$2.82,$3.00,$2.65
01/25/2024,$2.69,"5,044",$2.70,$2.79,$2.63
01/24/2024,$2.75,"20,046",$2.84,$2.98,$2.58
01/23/2024,$2.86,"10,147",$2.88,$2.94,$2.82
01/22/2024,$2.91,"5,499",$2.90,$3.03,$2.90
01/19/2024,$2.95,"5,316",$3.04,$3.04,$2.90
01/18/2024,$3.0132,"8,556",$2.93,$3.04,$2.8696
01/17/2024,$2.94,"13,623",$2.985,$3.01,$2.82
01/16/2024,$3.02,"8,806",$3.07,$3.07,$2.8859
01/12/2024,$3.02,"10,741",$3.005,$3.08,$2.95
01/11/2024,$2.99,"13,495",$2.85,$3.05,$2.85
01/10/2024,$3.00,"7,926",$3.1799,$3.1799,$2.9601
01/09/2024,$3.08,"18,817",$3.09,$3.20,$2.95
01/08/2024,$3.07,"21,285",$2.99,$3.1888,$2.8697
01/05/2024,$2.9473,"8,942",$3.015,$3.015,$2.85
01/04/2024,$3.02,"52,218",$3.05,$3.10,$2.825
01/03/2024,$2.80,"3,847",$2.85,$2.85,$2.655
01/02/2024,$2.78,"7,079",$2.73,$2.9027,$2.73
12/29/2023,$2.73,"17,687",$2.8201,$2.9264,$2.73
12/28/2023,$2.82,"13,641",$2.80,$2.96,$2.78
12/27/2023,$2.852,"6,795",$2.84,$2.96,$2.7301
12/26/2023,$2.86,"13,516",$2.75,$2.90,$2.7422
12/22/2023,$2.83,"29,607",$2.85,$2.98,$2.74
12/21/2023,$2.85,"10,773",$2.85,$2.93,$2.80
12/20/2023,$2.865,"5,994",$2.7251,$2.89,$2.7251
12/19/2023,$2.8073,"23,100",$2.61,$2.88,$2.60
12/18/2023,$2.65,"5,394",$2.74,$2.74,$2.65
12/15/2023,$2.74,"13,971",$2.92,$2.95,$2.715
12/14/2023,$2.94,"21,234",$3.00,$3.09,$2.86
12/13/2023,$2.93,"21,453",$2.90,$2.98,$2.7464
12/12/2023,$2.95,"61,773",$2.59,$3.09,$2.59
12/11/2023,$2.62,"5,163",$2.62,$2.6562,$2.5768
12/08/2023,$2.61,"16,293",$2.58,$2.7518,$2.5302
12/07/2023,$2.58,"32,425",$2.39,$2.80,$2.1693
12/06/2023,$2.4584,"65,941",$2.30,$2.59,$2.19
12/05/2023,$2.26,"5,553",$2.315,$2.49,$2.11
12/04/2023,$2.26,"12,606",$2.19,$2.30,$2.11
12/01/2023,$2.25,"14,844",$2.10,$2.25,$2.10
11/30/2023,$2.19,"70,495",$2.352,$2.42,$2.05
11/29/2023,$2.44,"16,108",$2.42,$2.50,$2.36
11/28/2023,$2.49,"24,605",$2.49,$2.50,$2.33
11/27/2023,$2.42,"18,717",$2.42,$2.48,$2.40
11/24/2023,$2.435,"5,742",$2.33,$2.4874,$2.3298
11/22/2023,$2.30,"31,490",$2.28,$2.30,$2.09
11/21/2023,$2.17,"5,586",$2.20,$2.25,$2.17
11/20/2023,$2.29,"12,313",$2.22,$2.29,$2.16
11/17/2023,$2.31,"11,192",$2.32,$2.3433,$2.22
11/16/2023,$2.27,"6,523",$2.335,$2.34,$2.22
11/15/2023,$2.24,"9,677",$2.31,$2.37,$2.2378
11/14/2023,$2.23,"12,886",$2.10,$2.34,$2.10
11/13/2023,$2.145,"10,761",$2.11,$2.16,$2.11
11/10/2023,$2.17,"45,982",$2.20,$2.27,$2.115
11/09/2023,$2.11,"5,788",$2.29,$2.29,$2.11
11/08/2023,$2.24,"4,636",$2.21,$2.345,$2.21
11/07/2023,$2.24,"6,024",$2.3499,$2.3499,$2.22
11/06/2023,$2.28,"39,677",$2.36,$2.42,$2.19
11/03/2023,$2.36,"46,862",$2.2281,$2.44,$2.2281
11/02/2023,$2.18,"14,758",$2.10,$2.19,$2.10
11/01/2023,$2.12,"2,642",$2.17,$2.17,$2.10
10/31/2023,$2.17,"11,178",$2.05,$2.19,$2.02
10/30/2023,$2.05,"3,482",$2.15,$2.15,$2.02
10/27/2023,$2.02,"2,833",$2.07,$2.13,$2.01
10/26/2023,$2.06,"19,125",$2.05,$2.09,$2.00
10/25/2023,$2.03,"7,448",$2.15,$2.15,$2.03
10/24/2023,$2.15,"26,847",$2.10,$2.30,$2.07
10/23/2023,$2.09,"3,155",$2.125,$2.125,$2.06
10/20/2023,$2.14,"10,148",$2.11,$2.2506,$2.0436
10/19/2023,$2.11,"7,182",$2.17,$2.21,$2.11
10/18/2023,$2.18,"18,205",$2.262,$2.34,$2.18
10/17/2023,$2.26,"212,451",$2.16,$2.40,$2.13
10/16/2023,$2.12,"12,928",$2.0601,$2.1767,$2.0601
10/13/2023,$2.1525,"4,969",$2.1218,$2.1597,$2.03
10/12/2023,$2.03,"3,226",$2.1185,$2.1185,$2.03
10/11/2023,$2.10,"13,985",$2.10,$2.1794,$2.07
10/10/2023,$2.11,"7,512",$2.13,$2.14,$2.075
10/09/2023,$2.11,"8,592",$2.08,$2.1799,$2.04
10/06/2023,$2.1712,"5,945",$2.11,$2.19,$2.11
10/05/2023,$2.10,"8,561",$2.15,$2.17,$2.095
10/04/2023,$2.07,"2,495",$2.1592,$2.1592,$2.07
10/03/2023,$2.07,"16,156",$2.085,$2.1229,$2.05
10/02/2023,$2.13,"8,963",$2.10,$2.14,$2.09
09/29/2023,$2.14,"9,908",$2.1756,$2.1756,$2.11
09/28/2023,$2.10,"8,309",$2.08,$2.20,$2.08
09/27/2023,$2.08,"15,432",$2.09,$2.15,$2.0701
09/26/2023,$2.07,"3,089",$2.09,$2.10,$2.07
09/25/2023,$2.09,"10,658",$2.14,$2.16,$2.01
09/22/2023,$2.07,"10,922",$2.05,$2.08,$2.04
09/21/2023,$2.06,"57,802",$2.09,$2.105,$1.985
09/20/2023,$1.96,"22,151",$2.13,$2.13,$1.96
09/19/2023,$2.13,"6,024",$2.105,$2.24,$2.01
09/18/2023,$2.00,"17,241",$2.19,$2.19,$1.97
09/15/2023,$2.18,"30,940",$2.02,$2.18,$1.95
09/14/2023,$1.99,"46,157",$2.055,$2.10,$1.97
09/13/2023,$1.99,"19,919",$1.96,$2.05,$1.96
09/12/2023,$1.96,"18,498",$1.97,$2.05,$1.96
09/11/2023,$1.97,"57,308",$2.19,$2.3224,$1.97
09/08/2023,$2.14,"25,306",$2.11,$2.3733,$2.1008
09/07/2023,$2.11,"23,490",$2.35,$2.40,$2.11
09/06/2023,$2.4396,"31,056",$2.20,$2.4397,$2.0834
09/05/2023,$2.20,"41,563",$2.16,$2.20,$2.06
09/01/2023,$2.18,"15,510",$2.19,$2.20,$2.16
08/31/2023,$2.18,"22,888",$2.10,$2.20,$2.10
08/30/2023,$2.07,"46,376",$2.23,$2.23,$2.07
08/29/2023,$2.2345,"41,533",$2.25,$2.38,$2.1501
08/28/2023,$2.25,"88,348",$2.615,$2.615,$2.17
08/25/2023,$2.61,"3,764",$2.61,$2.72,$2.61
08/24/2023,$2.72,"10,958",$2.62,$2.73,$2.61
08/23/2023,$2.6501,"8,016",$2.671,$2.68,$2.635
08/22/2023,$2.70,"6,480",$2.74,$2.74,$2.6611
08/21/2023,$2.7207,"11,014",$2.69,$2.74,$2.6606
08/18/2023,$2.71,"4,676",$2.70,$2.71,$2.66
08/17/2023,$2.705,"12,044",$2.73,$2.74,$2.661
08/16/2023,$2.6803,"22,326",$2.8666,$2.88,$2.6673
08/15/2023,$2.70,"12,749",$2.70,$2.89,$2.635
08/14/2023,$2.70,"28,868",$2.66,$2.74,$2.60
08/11/2023,$2.73,"21,611",$2.70,$2.80,$2.70
08/10/2023,$2.75,"33,611",$2.80,$2.80,$2.73
08/09/2023,$2.73,"42,109",$2.84,$2.95,$2.73
08/08/2023,$2.98,"619,723",$2.90,$3.18,$2.75
08/07/2023,$3.05,"18,963",$3.23,$3.29,$3.00
08/04/2023,$3.2101,"18,522",$3.20,$3.25,$3.17
08/03/2023,$3.29,"105,797",$3.0517,$3.62,$3.0517
08/02/2023,$3.10,"6,989",$3.27,$3.27,$3.07
08/01/2023,$3.20,"11,271",$3.22,$3.3142,$3.20
07/31/2023,$3.17,"7,578",$3.21,$3.225,$3.12
07/28/2023,$3.15,"4,973",$3.1257,$3.2018,$3.10
07/27/2023,$3.15,"6,848",$3.3553,$3.3553,$3.15
07/26/2023,$3.23,"8,626",$3.25,$3.30,$3.205
07/25/2023,$3.29,"20,587",$3.49,$3.51,$3.29
07/24/2023,$3.50,"7,841",$3.43,$3.6187,$3.43
07/21/2023,$3.46,"29,663",$3.62,$3.69,$3.46
07/20/2023,$3.63,"12,508",$3.65,$3.70,$3.62
07/19/2023,$3.675,"30,363",$3.75,$3.8699,$3.675
07/18/2023,$3.75,"16,237",$3.70,$3.76,$3.64
07/17/2023,$3.77,"3,084",$3.70,$3.77,$3.70
07/14/2023,$3.71,"16,062",$3.65,$3.77,$3.64
07/13/2023,$3.69,"2,959",$3.63,$3.70,$3.63
07/12/2023,$3.69,"4,199",$3.61,$3.70,$3.61
07/11/2023,$3.65,"4,819",$3.51,$3.68,$3.51
07/10/2023,$3.63,"10,495",$3.56,$3.6997,$3.55
07/07/2023,$3.63,"3,487",$3.55,$3.70,$3.55
07/06/2023,$3.598,"9,665",$3.53,$3.626,$3.49
07/05/2023,$3.54,"4,190",$3.50,$3.6283,$3.50
07/03/2023,$3.53,"26,317",$3.64,$3.67,$3.41
06/30/2023,$3.70,"6,563",$3.689,$3.70,$3.61
06/29/2023,$3.69,"1,938",$3.7065,$3.7065,$3.615
06/28/2023,$3.60,"23,298",$3.67,$3.76,$3.60
06/27/2023,$3.64,"19,110",$3.6799,$3.74,$3.5555
06/26/2023,$3.738,"12,259",$3.88,$3.90,$3.71
06/23/2023,$3.8651,"11,623",$3.93,$3.99,$3.85
06/22/2023,$3.93,"17,164",$3.92,$4.2399,$3.90
06/21/2023,$3.91,"5,012",$4.00,$4.035,$3.90
06/20/2023,$3.96,"3,208",$3.96,$4.1492,$3.96
06/16/2023,$4.00,"22,819",$4.22,$4.24,$3.8505
06/15/2023,$4.23,"26,580",$4.48,$4.48,$4.1701
06/14/2023,$4.35,"6,759",$4.38,$4.5329,$4.3001
06/13/2023,$4.40,"33,431",$4.27,$4.50,$4.255
06/12/2023,$4.30,"26,977",$4.33,$4.43,$4.2503
06/09/2023,$4.23,"59,073",$4.29,$4.48,$4.2057
06/08/2023,$4.2776,"12,227",$4.31,$4.34,$4.24
06/07/2023,$4.32,"2,466",$4.24,$4.335,$4.24
06/06/2023,$4.305,"13,231",$4.22,$4.32,$4.0601
06/05/2023,$4.29,"29,985",$4.16,$4.3685,$4.16
06/02/2023,$4.2144,"6,019",$4.26,$4.275,$4.05
06/01/2023,$4.25,"4,477",$4.10,$4.265,$4.10
05/31/2023,$4.10,"16,217",$3.86,$4.10,$3.86
05/30/2023,$3.86,"4,953",$3.81,$3.87,$3.81
05/26/2023,$3.8794,"3,768",$3.83,$3.92,$3.83
05/25/2023,$3.90,"7,221",$4.08,$4.08,$3.78
05/24/2023,$4.11,"8,802",$4.055,$4.26,$4.055
05/23/2023,$4.005,"7,156",$3.62,$4.16,$3.48
05/22/2023,$4.05,"7,882",$4.2708,$4.2708,$4.04
05/19/2023,$4.10,"47,737",$4.06,$4.28,$3.9951
05/18/2023,$4.0629,"186,334",$4.03,$4.28,$3.7301
05/17/2023,$3.9522,"130,708",$3.41,$4.05,$3.2832
05/16/2023,$3.37,"11,092",$3.28,$3.42,$3.2501
05/15/2023,$3.3899,"11,581",$3.22,$3.40,$3.2101
05/12/2023,$3.30,"7,733",$3.17,$3.35,$3.17
05/11/2023,$3.278,"5,714",$3.28,$3.28,$3.19
05/10/2023,$3.255,"6,562",$3.11,$3.3199,$3.11
05/09/2023,$3.27,"4,109",$3.24,$3.30,$3.24
05/08/2023,$3.27,"4,822",$3.19,$3.30,$3.19
05/05/2023,$3.225,"3,776",$3.20,$3.3559,$3.20
05/04/2023,$3.195,"5,551",$3.15,$3.2981,$3.11
05/03/2023,$3.25,"4,412",$3.1299,$3.3388,$3.12
05/02/2023,$3.35,"6,306",$3.24,$3.3617,$3.1524
05/01/2023,$3.26,"7,287",$3.17,$3.35,$3.13
04/28/2023,$3.25,"6,702",$3.10,$3.28,$3.10
04/27/2023,$3.25,"11,483",$3.22,$3.25,$3.1357
04/26/2023,$3.185,"3,868",$3.35,$3.35,$3.14
04/25/2023,$3.22,"1,998",$3.27,$3.27,$3.1215
04/24/2023,$3.32,"6,381",$3.24,$3.45,$3.1831
04/21/2023,$3.275,"3,621",$3.38,$3.38,$3.1773
04/20/2023,$3.34,"10,102",$3.28,$3.40,$3.28
04/19/2023,$3.35,"6,633",$3.34,$3.48,$3.2827
04/18/2023,$3.31,"16,199",$3.162,$3.36,$3.12
04/17/2023,$3.155,"19,739",$3.21,$3.21,$3.00
04/14/2023,$3.12,"17,471",$3.23,$3.23,$3.09
04/13/2023,$3.10,"7,119",$3.11,$3.20,$3.0834
04/12/2023,$3.135,"3,814",$3.175,$3.175,$3.06
04/11/2023,$3.105,"3,236",$3.02,$3.14,$3.02
04/10/2023,$3.08,"7,436",$3.15,$3.2774,$3.08
04/06/2023,$3.08,"4,995",$3.054,$3.1499,$3.02
04/05/2023,$3.085,"5,588",$3.15,$3.21,$3.0162
04/04/2023,$3.18,"10,095",$3.29,$3.37,$3.15
04/03/2023,$3.25,"3,524",$3.205,$3.25,$3.20
03/31/2023,$3.245,"21,348",$3.02,$3.3699,$3.02
03/30/2023,$3.18,"11,254",$3.13,$3.18,$3.00
03/29/2023,$3.07,"3,548",$3.3263,$3.3263,$3.0201
03/28/2023,$3.05,"6,759",$3.04,$3.22,$3.022
03/27/2023,$3.24,"3,624",$3.30,$3.30,$3.0001
03/24/2023,$3.00,"3,286",$3.01,$3.095,$3.00
03/23/2023,$3.08,"5,490",$3.0001,$3.11,$3.0001
03/22/2023,$3.1627,"2,251",$3.20,$3.25,$3.12
03/21/2023,$3.17,"5,488",$3.2601,$3.37,$3.1231
03/20/2023,$3.26,"6,911",$3.0801,$3.33,$3.0801
03/17/2023,$3.31,"11,326",$3.32,$3.32,$3.15
03/16/2023,$3.32,"2,506",$3.308,$3.49,$3.18
03/15/2023,$3.32,"8,724",$3.4747,$3.4747,$3.1601
03/14/2023,$3.32,"3,505",$3.22,$3.49,$3.22
03/13/2023,$3.4262,"11,000",$3.09,$3.4262,$3.0695
03/10/2023,$3.18,"5,371",$3.2001,$3.2899,$3.09
03/09/2023,$3.49,"2,547",$3.2463,$3.51,$3.2463
03/08/2023,$3.5299,"13,226",$3.5201,$3.5751,$3.35
03/07/2023,$3.5191,"12,553",$3.52,$3.6799,$3.36
03/06/2023,$3.53,"30,821",$3.18,$3.53,$3.18
03/03/2023,$3.24,"7,941",$3.21,$3.42,$3.08
03/02/2023,$3.1096,"13,966",$2.94,$3.25,$2.94
03/01/2023,$3.03,"25,471",$3.11,$3.2188,$3.0081
02/28/2023,$3.16,"5,776",$3.2001,$3.213,$3.091
02/27/2023,$3.2572,"8,065",$3.37,$3.42,$3.2572
02/24/2023,$3.40,"21,298",$3.3588,$3.42,$3.3001
02/23/2023,$3.377,"13,630",$3.31,$3.4839,$3.31
02/22/2023,$3.33,"14,833",$3.30,$3.55,$3.30
02/21/2023,$3.4511,"14,633",$3.31,$3.4511,$3.305
02/17/2023,$3.43,"9,155",$3.37,$3.43,$3.31
02/16/2023,$3.4001,"12,647",$3.4502,$3.5499,$3.4001
02/15/2023,$3.3802,"2,684",$3.5429,$3.5429,$3.3802
02/14/2023,$3.48,"3,711",$3.39,$3.48,$3.3801
02/13/2023,$3.38,"7,421",$3.50,$3.50,$3.35
02/10/2023,$3.41,"3,629",$3.24,$3.435,$3.24
02/09/2023,$3.3453,"18,598",$3.582,$3.582,$3.3331
02/08/2023,$3.52,"13,179",$3.70,$3.70,$3.5046
02/07/2023,$3.6999,"8,810",$3.63,$3.71,$3.63
02/06/2023,$3.66,"5,444",$3.70,$3.71,$3.65
02/03/2023,$3.65,"4,964",$3.66,$3.78,$3.65
02/02/2023,$3.746,"24,268",$3.8282,$3.8282,$3.6001
02/01/2023,$3.61,"32,919",$3.44,$3.63,$3.40
01/31/2023,$3.58,"8,183",$3.59,$3.60,$3.58
01/30/2023,$3.58,"5,513",$3.52,$3.5847,$3.51
01/27/2023,$3.55,"6,326",$3.5328,$3.55,$3.50
01/26/2023,$3.5101,"11,411",$3.62,$3.62,$3.51
01/25/2023,$3.625,"6,579",$3.66,$3.71,$3.56
01/24/2023,$3.71,"18,317",$3.69,$3.8095,$3.61
01/23/2023,$3.64,"13,032",$3.50,$3.68,$3.50
01/20/2023,$3.485,"2,154",$3.4022,$3.57,$3.4022
01/19/2023,$3.49,"5,940",$3.38,$3.5113,$3.38
01/18/2023,$3.4655,"7,739",$3.63,$3.63,$3.4642
01/17/2023,$3.619,"18,080",$3.64,$3.67,$3.5001
01/13/2023,$3.65,"24,539",$3.5253,$3.72,$3.5201
01/12/2023,$3.579,"70,360",$3.21,$3.66,$3.21
01/11/2023,$3.20,"7,557",$3.19,$3.20,$3.11
01/10/2023,$3.195,"48,210",$2.99,$3.20,$2.99
01/09/2023,$3.00,"13,856",$2.98,$3.03,$2.9013
01/06/2023,$3.00,"13,007",$2.99,$3.02,$2.965
01/05/2023,$2.89,"5,851",$2.59,$2.91,$2.59
01/04/2023,$2.77,"13,879",$2.64,$2.78,$2.60
01/03/2023,$2.58,"10,794",$2.54,$2.64,$2.47
12/30/2022,$2.53,"23,180",$2.45,$2.56,$2.4025
12/29/2022,$2.43,"31,648",$2.421,$2.5105,$2.42
12/28/2022,$2.39,"9,420",$2.46,$2.58,$2.39
12/27/2022,$2.5227,"36,557",$2.55,$2.58,$2.419
12/23/2022,$2.50,"11,799",$2.36,$2.6189,$2.36
12/22/2022,$2.58,"15,588",$2.46,$2.58,$2.40
12/21/2022,$2.56,"10,113",$2.43,$2.593,$2.43
12/20/2022,$2.45,"20,449",$2.54,$2.7198,$2.45
12/19/2022,$2.61,"32,891",$2.62,$2.71,$2.50
12/16/2022,$2.67,"15,934",$2.90,$2.97,$2.67
12/15/2022,$2.86,"9,755",$2.94,$2.99,$2.8193
12/14/2022,$2.90,"29,088",$2.81,$3.05,$2.81
12/13/2022,$2.866,"26,723",$3.0225,$3.0225,$2.8611
12/12/2022,$3.01,"10,144",$3.00,$3.20,$2.9907
12/09/2022,$3.0477,"7,959",$3.1497,$3.1999,$3.0301
12/08/2022,$3.06,"28,098",$3.206,$3.255,$3.06
12/07/2022,$3.26,"3,545",$3.20,$3.3041,$3.20
12/06/2022,$3.25,"7,239",$3.615,$3.615,$3.19
12/05/2022,$3.55,"22,572",$3.74,$3.74,$3.55
12/02/2022,$3.69,"8,040",$3.567,$3.75,$3.54
12/01/2022,$3.60,"4,859",$3.61,$3.61,$3.51
11/30/2022,$3.50,"10,582",$3.625,$3.65,$3.50
11/29/2022,$3.58,"4,724",$3.56,$3.625,$3.52
11/28/2022,$3.6599,"6,533",$3.63,$3.6599,$3.55
11/25/2022,$3.63,332,$3.62,$3.63,$3.62
11/23/2022,$3.62,"13,873",$3.66,$3.75,$3.54
11/22/2022,$3.70,"9,400",$3.80,$3.83,$3.63
11/21/2022,$3.8423,"2,594",$3.93,$3.93,$3.8301
11/18/2022,$3.95,"11,559",$4.115,$4.27,$3.95
11/17/2022,$4.17,"13,536",$4.10,$4.245,$4.10
11/16/2022,$4.16,"12,189",$4.34,$4.34,$4.10
11/15/2022,$4.21,"12,951",$3.93,$4.2765,$3.93
11/14/2022,$3.98,"16,807",$3.67,$3.99,$3.67
11/11/2022,$3.70,"15,837",$3.50,$3.82,$3.50
11/10/2022,$3.70,"14,808",$3.6999,$3.9817,$3.51
11/09/2022,$3.525,"8,488",$3.74,$3.74,$3.50
11/08/2022,$3.75,"10,751",$3.91,$3.9499,$3.7219
11/07/2022,$3.88,"9,074",$3.88,$4.0499,$3.85
11/04/2022,$3.93,"13,059",$4.15,$4.15,$3.895
11/03/2022,$3.9959,"7,388",$4.26,$4.26,$3.9959
11/02/2022,$4.23,"14,075",$4.311,$4.405,$4.21
11/01/2022,$4.23,"6,436",$4.20,$4.30,$4.12
10/31/2022,$4.24,"9,196",$4.40,$4.40,$4.2105
10/28/2022,$4.41,"27,492",$4.185,$4.575,$4.15
10/27/2022,$4.205,"4,458",$4.0427,$4.2701,$4.0427
10/26/2022,$4.19,"7,362",$4.17,$4.195,$4.02
10/25/2022,$4.00,"11,351",$3.95,$4.20,$3.95
10/24/2022,$3.98,"16,508",$4.04,$4.17,$3.93
10/21/2022,$4.13,"16,782",$4.04,$4.40,$4.04
10/20/2022,$4.16,"15,441",$4.00,$4.2985,$4.00
10/19/2022,$4.13,"23,000",$4.41,$4.41,$4.13
10/18/2022,$4.18,"26,227",$3.90,$4.18,$3.90
10/17/2022,$3.92,"24,405",$4.0618,$4.07,$3.9001
10/14/2022,$4.01,"16,056",$4.18,$4.2041,$4.01
10/13/2022,$4.23,"6,896",$4.20,$4.2695,$4.1662
10/12/2022,$4.25,"4,357",$4.20,$4.255,$4.1701
10/11/2022,$4.20,"5,900",$4.43,$4.43,$4.18
10/10/2022,$4.20,"22,645",$4.60,$4.7063,$4.18
10/07/2022,$4.54,"21,062",$4.85,$5.16,$4.54
10/06/2022,$4.87,"21,313",$4.72,$4.96,$4.4981
10/05/2022,$4.72,"12,747",$4.60,$4.75,$4.60
10/04/2022,$4.71,"23,005",$4.65,$4.8194,$4.5034
10/03/2022,$4.53,"56,950",$4.58,$4.85,$4.34
09/30/2022,$4.63,"106,893",$4.33,$4.7999,$4.32
09/29/2022,$4.42,"14,088",$4.33,$4.45,$4.2429
09/28/2022,$4.41,"14,022",$4.26,$4.47,$4.229
09/27/2022,$4.37,"83,487",$4.34,$4.62,$4.25
09/26/2022,$4.50,"115,895",$4.57,$4.90,$4.44
09/23/2022,$4.69,"40,036",$4.61,$4.96,$4.42
09/22/2022,$4.77,"35,405",$4.58,$4.79,$4.4066
09/21/2022,$4.99,"95,955",$4.74,$4.99,$4.38
09/20/2022,$4.77,"103,268",$4.61,$4.86,$4.52
09/19/2022,$4.69,"123,882",$4.88,$5.2399,$4.53
09/16/2022,$5.00,"326,718",$5.26,$5.72,$4.79
09/15/2022,$6.25,"2,015,637",$9.00,$9.38,$6.1201
09/14/2022,$6.3957,"666,700",$9.7195,$9.7495,$5.7297
09/13/2022,$7.6541,"2,332",$7.4996,$7.7456,$7.4996
09/12/2022,$7.6496,"6,407",$7.7411,$7.7996,$7.6496
09/09/2022,$7.6601,"6,544",$7.5161,$7.8746,$7.5011
09/08/2022,$7.4981,"15,567",$7.5731,$7.7651,$7.4246
09/07/2022,$7.6496,"12,562",$7.3496,$7.6811,$7.0946
09/06/2022,$7.4246,"4,656",$7.2746,$7.4696,$7.2026
09/02/2022,$7.6406,"15,954",$7.5266,$7.7606,$7.3496
09/01/2022,$7.4996,"8,089",$7.5746,$7.5746,$7.1996
08/31/2022,$7.3646,"3,627",$7.1996,$7.5746,$7.1246
08/30/2022,$7.5026,"12,059",$7.1996,$7.6496,$7.1261
08/29/2022,$7.3991,"10,663",$7.6496,$7.6496,$7.1996
08/26/2022,$7.6076,"14,368",$7.6691,$7.7906,$7.4996
08/25/2022,$7.6511,"3,981",$7.7696,$7.9496,$7.6511
08/24/2022,$7.7996,"3,831",$7.6496,$7.8266,$7.6496
08/23/2022,$7.6796,"7,847",$7.7246,$7.8059,$7.4996
08/22/2022,$7.7246,"10,887",$8.0246,$8.1596,$7.6646
08/19/2022,$7.9691,"11,030",$7.9496,$8.1521,$7.6946
08/18/2022,$7.8266,"7,865",$8.1251,$8.2181,$7.8041
08/17/2022,$8.0996,"5,333",$8.1821,$8.2496,$7.9676
08/16/2022,$8.1011,"5,128",$8.0996,$8.2496,$8.0996
08/15/2022,$8.0186,"15,843",$8.2496,$8.3396,$7.9196
08/12/2022,$8.0576,"6,324",$7.9496,$8.2466,$7.9496
08/11/2022,$7.9511,"18,184",$7.8356,$8.2196,$7.8356
08/10/2022,$7.8326,"34,412",$7.6496,$7.8431,$7.4996
08/09/2022,$7.6001,"13,315",$7.3496,$7.9286,$7.3496
08/08/2022,$7.6496,"12,340",$7.6496,$7.9496,$7.4561
08/05/2022,$7.6451,"20,995",$7.9256,$8.3891,$7.3511
08/04/2022,$7.7966,"11,759",$7.3496,$7.8896,$7.2146
08/03/2022,$7.5401,"11,247",$7.5596,$7.8146,$7.3496
08/02/2022,$7.3811,"5,722",$7.5259,$7.7876,$7.2371
08/01/2022,$7.2296,"7,967",$7.5341,$7.6001,$6.9627
07/29/2022,$7.5026,"10,451",$7.5701,$7.8491,$7.4246
07/28/2022,$7.5536,"8,081",$7.4996,$7.6301,$7.2161
07/27/2022,$7.6211,"16,419",$7.6496,$7.6496,$7.2161
07/26/2022,$7.2776,"14,228",$7.4996,$7.5776,$7.1996
07/25/2022,$7.6496,"15,798",$7.8536,$8.2001,$7.6496
07/22/2022,$8.0996,"5,281",$8.1461,$8.4581,$7.9586
07/21/2022,$8.3801,"4,791",$8.4251,$8.4251,$8.0921
07/20/2022,$8.3756,"3,531",$8.6246,$8.6246,$8.3036
07/19/2022,$8.3036,"9,859",$8.2496,$8.7596,$8.0996
07/18/2022,$8.1746,"5,847",$8.3846,$8.3981,$8.0726
07/15/2022,$8.1146,"3,179",$7.7996,$8.5481,$7.7996
07/14/2022,$8.1446,"2,806",$8.2646,$8.5496,$8.1446
07/13/2022,$8.5496,"4,516",$8.4011,$8.77,$8.1866
07/12/2022,$8.5646,"5,633",$8.6996,$8.9081,$8.1551
07/11/2022,$8.5796,"4,932",$8.2916,$8.7296,$8.1221
07/08/2022,$8.5631,"7,927",$8.8991,$8.8991,$8.4746
07/07/2022,$8.6696,"19,969",$8.0246,$8.7176,$8.0246
07/06/2022,$8.0876,"7,756",$8.0546,$8.2196,$7.9721
07/05/2022,$7.9046,"1,918",$7.8746,$7.9496,$7.8746
07/01/2022,$7.9496,"20,866",$7.9496,$8.0996,$7.4246
06/30/2022,$7.9511,"10,518",$7.8746,$8.0996,$7.6496
06/29/2022,$7.9961,"3,666",$7.9496,$8.0786,$7.7996
06/28/2022,$7.8911,"14,259",$7.8746,$8.1161,$7.8746
06/27/2022,$7.8191,"7,280",$7.7996,$7.9496,$7.7996
06/24/2022,$7.5041,"14,805",$7.8011,$8.0636,$7.3496
06/23/2022,$7.9346,"4,891",$8.0621,$8.0621,$7.8761
06/22/2022,$7.8041,"3,470",$8.0996,$8.0996,$7.8011
06/21/2022,$7.8146,"6,835",$7.8506,$7.9496,$7.7996
06/17/2022,$7.7066,"6,829",$7.6496,$7.8491,$7.4998
06/16/2022,$7.4996,"10,761",$7.6301,$7.6946,$7.4246
06/15/2022,$7.6301,"6,973",$6.9747,$7.7876,$6.9747
06/14/2022,$7.4996,"12,183",$7.5926,$8.1131,$7.4996
06/13/2022,$7.6826,"7,780",$8.0696,$8.0996,$7.4846
06/10/2022,$8.2496,"15,166",$8.5046,$8.5046,$7.9946
06/09/2022,$8.2046,"8,365",$7.7996,$8.2496,$7.7996
06/08/2022,$7.8746,"8,513",$8.2496,$8.2496,$7.4246
06/07/2022,$7.5716,"8,991",$7.5206,$7.7831,$7.3646
06/06/2022,$7.7096,"3,756",$7.7831,$7.7831,$7.4996
06/03/2022,$7.7831,"5,003",$7.6496,$7.7831,$7.5386
06/02/2022,$7.6496,"12,492",$7.6496,$8.1656,$7.4239
06/01/2022,$7.5011,"11,825",$7.4996,$7.7996,$7.3511
05/31/2022,$7.5746,"13,035",$7.0496,$7.6496,$6.9747
05/27/2022,$7.0496,"7,956",$7.1996,$7.1996,$6.7797
05/26/2022,$6.7797,"9,444",$6.8097,$7.2551,$6.7497
05/25/2022,$7.0361,"19,430",$6.8997,$7.4996,$6.7497
05/24/2022,$6.9012,"17,157",$6.8997,$7.0196,$6.8997
05/23/2022,$6.8997,"5,722",$6.9222,$7.0496,$6.8997
05/20/2022,$6.9222,"4,522",$6.9222,$7.1981,$6.9222
05/19/2022,$6.9222,"3,687",$6.8577,$7.0196,$6.8562
05/18/2022,$6.8562,"4,043",$6.8442,$7.1396,$6.8412
05/17/2022,$6.8997,"3,000",$6.8997,$7.0646,$6.6747
05/16/2022,$6.7197,"24,279",$6.7197,$7.1996,$6.4497
05/13/2022,$6.6552,"15,428",$6.1512,$6.8367,$6.1512
05/12/2022,$6.1497,"24,589",$6.3327,$6.3327,$6.0282
05/11/2022,$6.3762,"19,315",$6.3747,$6.4872,$6.3747
05/10/2022,$6.2997,"19,164",$6.2997,$6.5322,$6.2997
05/09/2022,$6.1062,"72,160",$6.7527,$6.7527,$6.0747
05/06/2022,$6.9822,"36,456",$7.5446,$7.7411,$6.8127
05/05/2022,$7.7696,"21,465",$7.7996,$8.6036,$7.5536
05/04/2022,$8.0396,"12,139",$7.7996,$8.0816,$7.6286
05/03/2022,$8.2331,"34,694",$7.6496,$8.6306,$7.4996
05/02/2022,$7.8296,"17,989",$7.6496,$8.0126,$7.4996
04/29/2022,$7.7171,"34,246",$7.9496,$8.5496,$7.4996
04/28/2022,$8.5496,"109,560",$8.5496,$8.8496,$6.9612
04/27/2022,$9.1495,"567,783",$11.0994,$11.6994,$8.2496
04/26/2022,$9.451,"8,210",$9.643,$9.643,$9.451
04/25/2022,$9.5995,"12,304",$9.5995,$9.8875,$9.5995
04/22/2022,$9.5995,"5,330",$9.7495,$10.039,$9.5995
04/21/2022,$9.7495,"4,931",$9.8395,$10.0795,$9.7495
04/20/2022,$9.8245,"6,263",$9.757,$10.2745,$9.7495
04/19/2022,$9.7585,"21,124",$10.162,$10.333,$9.661
04/18/2022,$10.0495,"4,705",$10.1995,$10.498,$10.0495
04/14/2022,$10.1995,"3,221",$10.4995,$10.6577,$10.1995
04/13/2022,$10.4995,"6,722",$10.201,$10.6495,$10.201
04/12/2022,$10.1995,"14,174",$10.4995,$10.6495,$10.1995
04/11/2022,$10.4245,"8,573",$10.6495,$10.9495,$10.3495
04/08/2022,$10.663,"12,737",$10.9495,$11.2479,$10.3495
04/07/2022,$10.7335,"6,447",$10.6495,$10.7995,$10.4995
04/06/2022,$10.6945,"7,191",$10.8055,$10.9772,$10.6495
04/05/2022,$10.8325,"6,806",$11.1009,$11.2809,$10.801
04/04/2022,$11.1324,"6,067",$11.0019,$11.3994,$11.0004
04/01/2022,$11.1099,"9,993",$11.0994,$11.2907,$10.8745
03/31/2022,$10.8295,"7,417",$11.3289,$11.5284,$10.8145
03/30/2022,$11.3829,"12,535",$11.5494,$11.6994,$11.0379
03/29/2022,$11.3544,"16,083",$11.0649,$11.6394,$11.0649
03/28/2022,$11.0739,"11,096",$11.3034,$11.4789,$10.6495
03/25/2022,$11.4144,"20,384",$11.8494,$11.8494,$11.2494
03/24/2022,$11.6754,"40,020",$10.6495,$11.9394,$10.6495
03/23/2022,$10.8745,"19,049",$11.2494,$11.2494,$10.6495
03/22/2022,$11.0994,"24,545",$11.2494,$11.2494,$10.654
03/21/2022,$11.2119,"15,200",$11.0679,$11.3094,$10.7695
03/18/2022,$11.0559,"46,160",$10.1995,$11.3844,$10.1995
03/17/2022,$10.1995,"32,020",$9.7645,$10.3495,$9.7495
03/16/2022,$9.8995,"14,761",$9.5995,$10.1245,$9.451
03/15/2022,$9.5095,"16,633",$10.0495,$10.1995,$9.4495
03/14/2022,$9.7495,"27,492",$10.4995,$10.6195,$9.4795
03/11/2022,$10.225,"20,103",$10.882,$10.882,$10.1245
03/10/2022,$10.6195,"15,110",$10.4545,$10.6195,$10.186
03/09/2022,$10.5025,"22,354",$10.4995,$10.6435,$10.3495
03/08/2022,$10.3135,"9,768",$10.1245,$10.5715,$10.1245
03/07/2022,$10.1245,"14,279",$10.648,$10.6495,$10.0495
03/04/2022,$10.498,"10,436",$10.7995,$10.7995,$10.249
03/03/2022,$10.7995,"7,840",$10.7995,$11.0244,$10.4245
03/02/2022,$10.7995,"11,656",$10.7995,$11.0244,$10.3495
03/01/2022,$10.6495,"7,256",$10.4995,$10.948,$10.4995
02/28/2022,$10.5295,"5,530",$10.7245,$11.0244,$10.4995
02/25/2022,$10.9795,"11,242",$10.6495,$11.0244,$10.5325
02/24/2022,$10.744,"21,422",$10.3825,$10.882,$10.2145
02/23/2022,$10.8625,"14,437",$11.1009,$11.2494,$10.5295
02/22/2022,$11.3709,"20,966",$10.9495,$11.6619,$10.684
02/18/2022,$11.4954,"11,849",$11.4039,$11.5494,$11.0544
02/17/2022,$11.5464,"12,104",$11.6994,$11.6994,$11.2494
02/16/2022,$11.5374,"5,791",$11.5494,$11.8194,$11.2824
02/15/2022,$11.7009,"5,163",$11.3994,$11.9244,$11.2794
02/14/2022,$11.3994,"11,762",$11.2794,$12.1344,$11.2794
02/11/2022,$11.2794,"12,605",$11.6244,$11.9979,$11.2794
02/10/2022,$11.7886,"8,769",$12.1344,$12.1344,$11.5494
02/09/2022,$11.8869,"18,744",$11.9994,$12.2994,$11.5029
02/08/2022,$11.5029,"5,174",$11.3829,$11.5494,$11.0484
02/07/2022,$11.4054,"9,640",$11.0994,$11.6994,$10.9795
02/04/2022,$11.2479,"12,537",$10.9645,$11.2494,$10.9645
02/03/2022,$10.9495,"5,298",$11.2509,$11.3994,$10.906
02/02/2022,$11.4009,"14,627",$11.6994,$11.8194,$11.2794
02/01/2022,$11.6889,"14,698",$11.6004,$11.9994,$11.3994
01/31/2022,$11.6214,"24,011",$10.867,$11.9694,$10.867
01/28/2022,$10.9495,"18,502",$10.4695,$11.3979,$10.3495
01/27/2022,$10.7245,"22,007",$10.876,$11.3994,$10.4575
01/26/2022,$10.8625,"18,277",$11.1894,$11.9994,$10.561
01/25/2022,$11.1759,"19,059",$10.4995,$11.3994,$10.3495
01/24/2022,$10.771,"74,135",$10.7995,$10.8745,$9.7645
01/21/2022,$10.936,"41,500",$11.3994,$11.4639,$10.8745
01/20/2022,$11.3994,"29,776",$11.7594,$12.1344,$11.2674
01/19/2022,$11.6259,"41,062",$11.8494,$11.9979,$11.5539
01/18/2022,$11.9709,"29,520",$12.2994,$12.4464,$11.7069
01/14/2022,$12.3054,"45,703",$11.9994,$12.5079,$11.3784
01/13/2022,$12.0939,"56,823",$12.3294,$12.5994,$12.0144
01/12/2022,$12.3354,"63,679",$13.0493,$13.0493,$12.1494
01/11/2022,$12.9759,"64,523",$13.4468,$13.7543,$12.4884
01/10/2022,$13.7543,"87,776",$13.9493,$14.4368,$12.8994
01/07/2022,$13.9508,"61,238",$14.2943,$14.8493,$13.7993
01/06/2022,$14.6243,"130,082",$15.1492,$15.3712,$13.6508
01/05/2022,$15.1492,"607,385",$15.4492,$17.0991,$14.3993
01/04/2022,$15.4492,"297,818",$13.3493,$15.5992,$13.3493
01/03/2022,$13.3343,"28,282",$12.6414,$13.4993,$12.6294
12/31/2021,$12.6234,"51,231",$12.6054,$13.3478,$12.5109
12/30/2021,$12.6084,"70,904",$12.6984,$13.0493,$12.4494
12/29/2021,$12.4494,"35,177",$12.4494,$12.7494,$12.1494
12/28/2021,$12.6009,"43,652",$12.7824,$13.1993,$12.5994
12/27/2021,$13.0493,"52,945",$13.7993,$13.7993,$12.6024
12/23/2021,$13.6493,"14,772",$13.6493,$14.0243,$13.4993
12/22/2021,$13.7993,"28,948",$13.4993,$14.0243,$13.4243
12/21/2021,$13.4228,"24,121",$13.2248,$13.6328,$12.9144
12/20/2021,$13.2743,"28,771",$13.1993,$13.6493,$12.8364
12/17/2021,$12.8994,"26,840",$13.0493,$13.5533,$12.8618
12/16/2021,$12.9939,"14,914",$13.3493,$13.6493,$12.8994
12/15/2021,$13.0733,"22,907",$13.3868,$13.6493,$13.0493
12/14/2021,$13.3868,"25,211",$13.4843,$13.6478,$13.1993
12/13/2021,$13.4243,"28,001",$13.6493,$13.6493,$13.3523
12/10/2021,$13.3433,"15,209",$13.4993,$13.7993,$13.0493
12/09/2021,$13.4993,"10,677",$13.5893,$14.0243,$13.4993
12/08/2021,$13.7693,"11,875",$13.1993,$13.9493,$13.1993
12/07/2021,$13.3493,"19,857",$13.4993,$13.6493,$13.0493
12/06/2021,$13.2758,"17,078",$12.4494,$13.4048,$12.3744
12/03/2021,$12.6009,"34,886",$13.2008,$13.5593,$12.2244
12/02/2021,$13.6508,"25,184",$13.4993,$13.7978,$13.0493
12/01/2021,$13.4993,"28,510",$14.0843,$14.3993,$13.2743
11/30/2021,$14.0648,"19,404",$14.0993,$14.0993,$13.6643
11/29/2021,$14.1668,"29,280",$14.4008,$14.5928,$13.9793
11/26/2021,$14.6993,"17,574",$14.2493,$14.8493,$13.7993
11/24/2021,$14.6993,"19,232",$14.2493,$14.7808,$14.0993
11/23/2021,$14.3213,"24,750",$14.4983,$14.6663,$14.0993
11/22/2021,$14.3993,"52,539",$15.2992,$15.4492,$14.3408
11/19/2021,$15.4492,"27,381",$15.1492,$15.4492,$14.9993
11/18/2021,$14.9228,"39,967",$15.4492,$15.5992,$14.8523
11/17/2021,$15.4492,"42,773",$15.4492,$15.7492,$15.2992
11/16/2021,$15.4492,"29,241",$15.7492,$15.7492,$15.4492
11/15/2021,$15.8992,"13,475",$15.8992,$16.3492,$15.7492
11/12/2021,$15.7492,"32,992",$15.7492,$16.0492,$15.5992
11/11/2021,$15.7492,"28,412",$16.2142,$16.2742,$15.5992
11/10/2021,$16.1992,"26,840",$16.3492,$16.4992,$16.0732
11/09/2021,$16.4992,"34,389",$16.4992,$16.6492,$16.3492
11/08/2021,$16.6492,"45,803",$16.9492,$17.0991,$16.4992
11/05/2021,$16.9492,"38,728",$17.3991,$17.5491,$16.7992
11/04/2021,$17.5491,"33,164",$17.5491,$17.6991,$17.2491
11/03/2021,$17.6991,"33,695",$17.3991,$17.6991,$17.3781
11/02/2021,$17.5491,"36,188",$17.6991,$17.8491,$17.2491
11/01/2021,$17.5491,"18,419",$17.5491,$17.8491,$17.2491
10/29/2021,$17.2491,"25,431",$16.6492,$17.5491,$16.6492
10/28/2021,$16.6492,"19,154",$16.4992,$16.9492,$16.4992
10/27/2021,$16.6492,"15,104",$16.6492,$16.9492,$16.4992
10/26/2021,$16.6492,"35,065",$16.6492,$16.7992,$16.3492
10/25/2021,$16.6492,"22,412",$16.7992,$16.7992,$16.4992
10/22/2021,$16.7992,"18,472",$16.7992,$17.2491,$16.6492
10/21/2021,$17.2491,"41,032",$17.3991,$17.6991,$16.4992
10/20/2021,$17.5491,"10,449",$17.6991,$17.6991,$17.3991
10/19/2021,$17.5491,"15,137",$18.2991,$18.2991,$17.3991
10/18/2021,$17.9991,"28,394",$17.8491,$18.4491,$17.3991
10/15/2021,$18.2991,"51,699",$18.1491,$18.5991,$17.1741
10/14/2021,$18.2991,"11,270",$18.2991,$18.4491,$17.9991
10/13/2021,$18.1491,"22,753",$17.8491,$18.5241,$17.4741
10/12/2021,$17.9991,"9,813",$17.6991,$17.9991,$17.3991
10/11/2021,$17.6991,"8,599",$17.5491,$17.6991,$17.0991
10/08/2021,$17.3991,"9,454",$17.6991,$17.6991,$17.3991
10/07/2021,$17.5491,"19,070",$17.2491,$17.8491,$17.0991
10/06/2021,$17.2491,"26,248",$17.0991,$17.3991,$16.7992
10/05/2021,$17.2491,"17,070",$17.2491,$17.5491,$16.9672
10/04/2021,$17.3991,"23,402",$17.8491,$17.9991,$17.2491
10/01/2021,$17.8491,"9,863",$18.1491,$18.1491,$17.6991
09/30/2021,$18.2991,"29,001",$17.5491,$18.2991,$17.2491
09/29/2021,$17.5491,"11,747",$17.9991,$18.1491,$17.5491
09/28/2021,$17.6991,"16,608",$17.9991,$18.2061,$17.6991
09/27/2021,$18.1491,"11,890",$18.1491,$18.4491,$17.8491
09/24/2021,$18.2991,"12,051",$18.2991,$18.4491,$18.1491
09/23/2021,$18.2991,"19,779",$17.9991,$18.5991,$17.8491
09/22/2021,$17.9991,"15,484",$17.5491,$18.1491,$17.5491
09/21/2021,$17.6991,"13,952",$17.8491,$18.1491,$17.5491
09/20/2021,$17.8491,"25,912",$17.8491,$18.4491,$17.3991
09/17/2021,$17.9991,"13,594",$18.5991,$18.5991,$17.9991
09/16/2021,$18.5991,"9,807",$18.4491,$18.5991,$18.2991
09/15/2021,$18.2991,"10,292",$18.2991,$18.5991,$17.9991
09/14/2021,$18.2991,"13,928",$18.7491,$18.8991,$18.1491
09/13/2021,$18.7491,"35,934",$18.5991,$19.799,$18.4491
09/10/2021,$18.5991,"24,693",$18.7491,$18.9741,$18.2991
09/09/2021,$19.049,"19,618",$18.5991,$19.199,$18.2991
09/08/2021,$18.5991,"15,066",$18.4491,$18.7491,$18.2991
09/07/2021,$18.7491,"18,887",$18.8991,$19.049,$18.5001
09/03/2021,$18.8991,"13,086",$19.199,$19.199,$18.8991
09/02/2021,$19.199,"18,430",$19.499,$19.499,$19.049
09/01/2021,$19.199,"18,398",$19.499,$20.099,$19.199
08/31/2021,$19.649,"13,235",$19.049,$19.799,$19.049
08/30/2021,$19.049,"7,079",$18.9441,$19.499,$18.8991
08/27/2021,$19.499,"16,930",$18.4491,$19.799,$18.4491
08/26/2021,$18.4491,"24,415",$19.199,$19.649,$18.1491
08/25/2021,$19.349,"9,982",$18.8991,$19.499,$18.5991
08/24/2021,$18.8991,"21,492",$18.2991,$18.8991,$17.9991
08/23/2021,$17.9991,"17,568",$17.5491,$18.4491,$17.3991
08/20/2021,$17.3991,"14,094",$17.2491,$17.5491,$17.2491
08/19/2021,$17.2491,"28,223",$17.6991,$18.0006,$17.2491
08/18/2021,$17.9991,"19,610",$18.1491,$18.2991,$17.5491
08/17/2021,$17.8491,"36,448",$17.9991,$18.1491,$17.2491
08/16/2021,$17.9991,"23,602",$19.199,$19.199,$17.9991
08/13/2021,$19.199,"36,418",$19.199,$19.799,$18.5991
08/12/2021,$19.199,"14,677",$19.499,$19.499,$19.064
08/11/2021,$19.649,"10,622",$19.799,$19.949,$19.199
08/10/2021,$19.649,"16,758",$19.799,$19.9475,$19.349
08/09/2021,$19.799,"11,442",$19.199,$19.799,$19.049
08/06/2021,$19.049,"21,403",$18.8991,$19.649,$18.8991
08/05/2021,$19.349,"21,592",$19.049,$19.949,$19.049
08/04/2021,$19.049,"47,388",$19.949,$20.099,$18.9741
08/03/2021,$19.949,"15,216",$20.099,$20.399,$19.799
08/02/2021,$20.249,"18,149",$19.949,$20.399,$19.949
07/30/2021,$19.949,"13,274",$20.249,$20.5145,$19.949
07/29/2021,$20.249,"13,616",$20.549,$20.699,$20.249
07/28/2021,$20.399,"16,388",$20.249,$20.699,$19.949
07/27/2021,$20.249,"22,094",$20.699,$20.699,$19.799
07/26/2021,$20.9989,"27,397",$20.9989,$20.9989,$20.324
07/23/2021,$20.699,"30,717",$20.849,$21.1489,$20.249
07/22/2021,$20.9989,"18,512",$21.4489,$21.5239,$20.699
07/21/2021,$21.2989,"22,262",$20.849,$21.5989,$20.849
07/20/2021,$20.9989,"19,694",$21.5989,$21.5989,$20.699
07/19/2021,$20.699,"27,081",$20.699,$20.9989,$20.249
07/16/2021,$20.9989,"19,508",$21.1489,$21.5989,$20.849
07/15/2021,$21.1489,"24,663",$21.4489,$21.5989,$20.9989
07/14/2021,$21.7489,"32,659",$22.7989,$22.7989,$21.5989
07/13/2021,$22.3489,"24,216",$22.6489,$22.7989,$22.0489
07/12/2021,$22.7989,"16,643",$22.9489,$22.9489,$22.3489
07/09/2021,$22.4989,"21,134",$22.1989,$22.7089,$21.9184
07/08/2021,$22.1989,"23,813",$21.7489,$22.1989,$21.2989
07/07/2021,$22.1989,"41,359",$22.6489,$22.7989,$21.8989
07/06/2021,$22.7989,"35,407",$23.0988,$23.0988,$22.6489
07/02/2021,$22.9489,"57,287",$23.8488,$23.8488,$22.4989
07/01/2021,$23.5488,"18,814",$23.8488,$23.9988,$23.5488
06/30/2021,$24.1488,"30,005",$24.2988,$24.2988,$23.5488
06/29/2021,$24.1488,"30,762",$24.4488,$24.5988,$23.9988
06/28/2021,$24.5988,"49,250",$24.5988,$24.8988,$23.9988
06/25/2021,$24.5988,"52,661",$23.6988,$24.5988,$23.3988
06/24/2021,$23.5488,"24,158",$23.3988,$23.9733,$23.3988
06/23/2021,$23.5488,"25,947",$23.3988,$23.9748,$23.0988
06/22/2021,$23.2488,"55,330",$24.2988,$24.2988,$22.7989
06/21/2021,$23.3988,"49,514",$23.8488,$23.9988,$22.9489
06/18/2021,$23.3988,"25,221",$23.5488,$24.1488,$23.2488
06/17/2021,$23.8488,"22,165",$23.6988,$24.4488,$23.6988
06/16/2021,$23.5488,"38,565",$23.9988,$24.1488,$23.3988
06/15/2021,$24.1488,"48,369",$25.0487,$25.0487,$23.5488
06/14/2021,$25.0487,"45,861",$24.5988,$25.1987,$24.3243
06/11/2021,$24.2988,"20,681",$24.2988,$24.5988,$24.1488
06/10/2021,$24.1488,"45,080",$24.5988,$24.7488,$23.7738
06/09/2021,$24.4488,"49,599",$23.9988,$24.4488,$23.8488
06/08/2021,$23.6988,"38,816",$23.6988,$24.1488,$23.2488
06/07/2021,$23.5488,"49,217",$22.9789,$24.1488,$22.6489
06/04/2021,$22.9489,"41,157",$22.9489,$23.2488,$22.4239
06/03/2021,$22.7989,"34,060",$22.6489,$23.2488,$22.1989
06/02/2021,$22.7989,"41,575",$23.0988,$23.6988,$22.6729
06/01/2021,$23.2488,"50,435",$22.7989,$23.3988,$22.4989
05/28/2021,$22.7989,"42,912",$23.3988,$23.8488,$22.3489
05/27/2021,$23.6988,"62,848",$23.2488,$23.6988,$22.7989
05/26/2021,$22.6489,"33,098",$22.9489,$22.9489,$22.1989
05/25/2021,$22.4989,"34,878",$22.1989,$22.7989,$21.7879
05/24/2021,$22.1989,"35,171",$22.4989,$22.9489,$21.5989
05/21/2021,$22.3489,"19,566",$22.3489,$22.6339,$22.0489
05/20/2021,$22.0489,"23,743",$22.0489,$22.6489,$21.8989
05/19/2021,$22.1989,"22,738",$21.5989,$22.3489,$21.5989
05/18/2021,$22.3489,"52,682",$22.0489,$22.7989,$21.5989
05/17/2021,$22.3489,"30,927",$21.2989,$22.4989,$21.1489
05/14/2021,$21.5989,"28,779",$21.5989,$21.8989,$20.849
05/13/2021,$20.9989,"67,883",$21.4489,$21.7264,$19.949
05/12/2021,$21.4489,"43,988",$21.7489,$22.1989,$21.1489
05/11/2021,$21.8989,"48,622",$21.2989,$22.0714,$20.699
05/10/2021,$22.1989,"51,064",$22.7989,$22.9189,$21.7489
05/07/2021,$22.7989,"57,143",$22.4989,$23.3238,$22.1989
05/06/2021,$22.6489,"69,357",$23.0988,$23.2488,$22.0489
05/05/2021,$23.2488,"36,498",$23.5488,$23.9973,$23.0988
05/04/2021,$23.6988,"46,229",$23.9988,$24.1488,$22.9489
05/03/2021,$24.2883,"32,251",$24.8988,$24.8988,$23.6988
04/30/2021,$24.4488,"30,613",$23.9988,$24.7488,$23.8488
04/29/2021,$24.2988,"34,594",$25.3487,$25.3487,$23.9988
04/28/2021,$24.7488,"23,963",$24.5988,$25.1987,$24.1038
04/27/2021,$24.7488,"39,859",$25.4987,$25.7087,$24.1488
04/26/2021,$25.1987,"47,011",$24.7488,$25.6712,$24.5988
04/23/2021,$24.4488,"25,642",$24.2988,$24.8973,$23.8488
04/22/2021,$24.2988,"48,518",$23.6988,$24.5988,$23.3238
04/21/2021,$23.3988,"43,333",$22.1989,$23.9988,$22.1989
04/20/2021,$22.3489,"52,176",$22.1989,$22.9489,$21.7489
04/19/2021,$22.4989,"88,121",$23.2488,$24.1488,$22.1989
04/16/2021,$22.9489,"97,301",$22.9489,$23.2488,$22.0489
04/15/2021,$23.2488,"91,430",$24.4488,$25.0487,$22.7989
04/14/2021,$24.1488,"59,619",$23.9988,$25.0487,$23.8488
04/13/2021,$24.1488,"50,972",$24.1488,$24.7488,$23.6988
04/12/2021,$23.8488,"129,594",$26.3987,$26.3987,$23.6988
04/09/2021,$26.3987,"65,592",$25.9487,$26.8487,$25.6322
04/08/2021,$25.6487,"59,270",$26.0987,$26.3987,$25.1987
04/07/2021,$26.0987,"84,300",$26.3987,$27.1486,$25.7987
04/06/2021,$26.6987,"76,226",$27.5986,$27.8986,$26.3987
04/05/2021,$27.7486,"55,561",$28.4986,$28.7986,$27.5986
04/01/2021,$28.4986,"110,048",$29.6985,$30.1485,$28.2256
03/31/2021,$28.9486,"72,926",$28.0486,$29.2485,$26.9987
03/30/2021,$28.0486,"98,566",$27.7486,$28.1986,$26.5487
03/29/2021,$27.7486,"99,115",$28.6486,$28.9486,$27.5986
03/26/2021,$28.7986,"83,624",$28.4986,$28.9486,$27.6001
03/25/2021,$28.4986,"125,388",$28.2736,$29.5485,$27.2986
03/24/2021,$29.0985,"137,130",$29.8485,$31.0484,$28.7986
03/23/2021,$29.8485,"134,759",$30.8985,$31.1984,$28.9486
03/22/2021,$31.0484,"136,053",$31.6484,$32.0984,$30.5985
03/19/2021,$32.0984,"265,857",$30.2985,$32.5484,$29.3985
03/18/2021,$30.1485,"141,330",$30.7485,$31.4984,$29.5485
03/17/2021,$31.1984,"177,822",$29.9985,$31.1984,$28.4986
03/16/2021,$30.7485,"240,059",$31.6484,$32.8484,$30.1485
03/15/2021,$31.4984,"186,704",$32.2484,$32.8484,$31.1984
03/12/2021,$32.5484,"284,708",$30.8985,$33.2233,$30.4485
03/11/2021,$32.0984,"252,879",$31.7984,$32.3984,$30.5985
03/10/2021,$31.4984,"818,239",$33.2233,$33.7483,$29.9985
03/09/2021,$29.9985,"390,981",$29.6535,$30.4485,$28.1986
03/08/2021,$27.4486,"321,462",$29.5485,$29.6985,$26.5487
03/05/2021,$26.8487,"268,780",$26.9987,$27.0736,$23.9988
03/04/2021,$27.2986,"507,612",$28.1986,$28.9486,$22.7989
03/03/2021,$28.4986,"703,497",$28.0486,$32.2484,$26.8487
03/02/2021,$27.8986,"133,661",$28.7986,$30.2985,$27.8986
03/01/2021,$28.7986,"184,798",$27.8986,$29.2485,$27.1486
02/26/2021,$26.6987,"291,860",$27.5986,$28.9486,$26.0987
02/25/2021,$28.6486,"275,018",$31.1984,$31.4984,$28.6486
02/24/2021,$31.7984,"393,328",$28.7836,$32.6984,$28.6486
02/23/2021,$28.0486,"655,728",$30.2985,$31.0484,$23.3988
02/22/2021,$33.4483,"498,361",$34.6483,$35.3877,$32.5484
02/19/2021,$34.3483,"491,922",$33.7483,$34.9483,$32.9984
02/18/2021,$32.8484,"760,539",$35.8482,$37.3481,$32.5484
02/17/2021,$35.5482,"672,611",$37.3481,$37.4981,$33.7483
02/16/2021,$36.5982,"1,411,548",$38.2481,$39.748,$36.4482
02/12/2021,$34.9483,"2,702,463",$31.4984,$35.9982,$30.8985
02/11/2021,$40.948,"1,122,565",$35.6982,$45.7477,$33.2983
02/10/2021,$35.0982,"432,940",$34.7533,$36.7482,$32.0984
02/09/2021,$34.4983,"521,165",$36.5982,$36.8982,$34.0483
02/08/2021,$33.4483,"438,355",$34.0483,$34.7983,$31.3484
02/05/2021,$34.7983,"61,139",$35.9982,$35.9982,$33.1483
02/04/2021,$34.4983,"83,081",$32.5484,$35.5482,$31.9484
02/03/2021,$32.5484,"62,392",$31.0484,$33.7483,$30.7485
02/02/2021,$30.5985,"60,728",$31.4984,$31.7984,$29.2485
02/01/2021,$31.1984,"49,669",$31.9484,$32.1944,$30.30
01/29/2021,$31.7984,"56,340",$31.4984,$33.2983,$30.7485
01/28/2021,$30.5985,"77,965",$30.8235,$31.6484,$28.7986
01/27/2021,$31.1984,"111,182",$31.6784,$32.9984,$30.4485
01/26/2021,$33.4483,"92,885",$34.4983,$35.2482,$32.9984
01/25/2021,$34.3483,"169,675",$35.2482,$36.1482,$32.2484
01/22/2021,$35.8482,"210,985",$35.0982,$39.748,$34.4983
01/21/2021,$37.4981,"670,650",$41.2479,$41.6979,$33.7483
01/20/2021,$43.3478,"8,519,746",$53.0973,$73.3463,$41.8479
01/19/2021,$24.4488,"37,885",$24.1488,$24.8988,$23.2488
01/15/2021,$23.5488,"13,040",$23.3988,$23.8488,$22.4989
01/14/2021,$23.3988,"17,085",$23.5488,$23.7588,$22.6489
01/13/2021,$23.2488,"29,667",$24.2988,$24.5988,$22.1989
01/12/2021,$24.1488,"11,222",$23.6988,$24.6018,$23.6988
01/11/2021,$23.8488,"19,864",$23.9988,$24.5553,$23.5488
01/08/2021,$23.9988,"16,242",$23.8488,$24.2988,$23.3988
01/07/2021,$23.6988,"6,830",$23.6988,$23.9988,$22.8889
01/06/2021,$23.8488,"14,924",$23.9988,$24.2988,$22.6489
01/05/2021,$23.6988,"37,552",$21.4489,$24.7488,$21.4489
01/04/2021,$21.5989,"12,473",$21.4489,$21.8989,$20.549
12/31/2020,$21.4489,"10,368",$22.9489,$22.9489,$21.2989
12/30/2020,$22.3489,"10,929",$21.5989,$22.4974,$21.2719
12/29/2020,$21.8989,"16,187",$21.5989,$22.0489,$20.699
12/28/2020,$21.5989,"14,133",$22.7989,$23.0988,$20.9989
12/24/2020,$22.7989,"6,142",$22.4989,$23.3988,$22.0489
12/23/2020,$22.6489,"15,941",$22.0489,$23.2488,$20.9989
12/22/2020,$21.8989,"8,725",$22.1989,$22.4989,$21.4489
12/21/2020,$21.5989,"10,005",$22.3489,$22.4989,$21.2989
12/18/2020,$22.1989,"12,053",$22.0489,$23.2488,$21.8989
12/17/2020,$22.1989,"7,470",$22.0489,$22.9489,$22.0489
12/16/2020,$22.3489,"13,436",$22.0489,$23.0988,$21.5239
12/15/2020,$21.8989,"17,075",$20.9989,$22.0489,$20.549
12/14/2020,$21.7489,"102,962",$19.349,$22.1989,$18.7491
12/11/2020,$24.5988,"10,441",$24.7488,$25.4987,$24.0003
12/10/2020,$24.7488,"15,257",$23.0988,$24.7488,$22.1989
12/09/2020,$23.0988,"17,374",$23.9988,$23.9988,$21.8989
12/08/2020,$23.9988,"11,225",$23.9988,$24.7488,$23.5488
12/07/2020,$23.6988,"10,851",$24.4488,$24.7338,$23.3988
12/04/2020,$24.4488,"11,386",$24.4488,$24.8988,$23.8488
12/03/2020,$23.8488,"16,134",$26.2487,$26.2487,$23.6988
12/02/2020,$25.9487,"30,427",$22.6489,$26.0987,$22.3489
12/01/2020,$22.4989,"9,966",$22.4989,$23.1603,$22.4989
11/30/2020,$22.7989,"19,942",$21.8989,$23.2488,$21.5989
11/27/2020,$22.3489,"7,826",$21.7489,$22.4989,$21.4594
11/25/2020,$21.7489,"11,930",$21.5989,$22.1989,$21.4489
11/24/2020,$21.5989,"8,125",$22.0489,$22.1989,$21.3739
11/23/2020,$22.1989,"13,182",$22.1989,$22.4989,$21.1504
11/20/2020,$21.7489,"10,649",$20.249,$21.7489,$19.799
11/19/2020,$20.849,"14,539",$21.8989,$21.8989,$20.549
11/18/2020,$21.8989,"11,384",$21.7489,$22.2949,$21.5989
11/17/2020,$22.4989,"8,457",$22.3489,$22.4989,$21.7489
11/16/2020,$22.3489,"11,881",$22.6489,$23.0988,$22.3489
11/13/2020,$22.7989,"21,929",$22.7989,$22.7989,$21.8989
11/12/2020,$22.4989,"7,571",$22.1989,$23.2488,$22.0489
11/11/2020,$22.0489,"8,135",$22.9489,$23.3988,$21.7489
11/10/2020,$22.7989,"5,902",$23.2488,$23.3988,$22.3489
11/09/2020,$22.7989,"10,628",$22.7989,$23.0988,$22.1989
11/06/2020,$22.7989,"12,134",$23.8488,$23.8488,$22.4989
11/05/2020,$24.1488,"8,956",$23.6988,$24.8988,$23.6673
11/04/2020,$23.8488,"4,886",$23.9988,$24.1488,$22.7989
11/03/2020,$23.8488,"4,846",$23.0988,$23.9988,$22.4989
11/02/2020,$22.7989,"6,191",$22.1989,$23.3988,$22.1989
10/30/2020,$22.6489,"11,172",$23.2488,$23.2488,$21.6169
10/29/2020,$22.6489,"8,079",$23.5488,$23.8488,$20.9989
10/28/2020,$22.7989,"9,104",$23.3988,$23.5488,$22.6489
10/27/2020,$23.8488,"6,753",$24.1488,$24.5988,$23.7873
10/26/2020,$24.1488,"8,383",$25.4987,$25.6682,$23.7003
10/23/2020,$25.6487,"9,632",$25.1987,$25.9487,$24.7488
10/22/2020,$25.3487,"8,207",$24.5268,$26.2487,$24.5268
10/21/2020,$24.4488,"12,008",$25.3487,$25.7987,$24.2988
10/20/2020,$25.1987,"10,010",$25.9487,$25.9487,$25.1987
10/19/2020,$25.6487,"12,095",$26.3987,$26.3987,$25.3487
10/16/2020,$25.4987,"6,082",$26.5487,$26.5487,$25.3487
10/15/2020,$26.2487,"11,940",$25.7987,$26.2487,$24.8058
10/14/2020,$25.7987,"5,881",$26.9987,$26.9987,$25.6487
10/13/2020,$25.9487,"16,981",$26.3987,$26.3987,$25.1987
10/12/2020,$26.3987,"13,829",$27.2986,$27.4486,$26.3987
10/09/2020,$26.9987,"8,579",$26.6987,$27.5986,$26.6987
10/08/2020,$26.9987,"18,683",$28.0486,$28.4986,$26.9987
10/07/2020,$27.8986,"9,961",$27.8986,$29.0985,$27.8986
10/06/2020,$27.7486,"9,722",$28.3486,$29.2485,$27.5236
10/05/2020,$28.0486,"8,258",$27.4486,$28.6486,$26.9987
10/02/2020,$27.5986,"8,448",$26.3987,$27.7486,$26.3987
10/01/2020,$27.2986,"4,941",$27.2986,$27.8986,$26.5487
09/30/2020,$26.9987,"8,754",$28.1986,$28.4986,$26.6987
09/29/2020,$28.1986,"21,094",$26.8487,$28.7986,$26.4407
09/28/2020,$26.6987,"5,650",$26.5487,$26.9987,$26.0987
09/25/2020,$26.2487,"6,491",$25.1987,$26.6987,$24.5238
09/24/2020,$24.8988,"15,798",$24.8988,$26.2487,$23.2488
09/23/2020,$25.4987,"20,585",$27.4486,$28.1236,$24.2988
09/22/2020,$27.2986,"5,180",$27.8986,$28.0486,$27.1141
09/21/2020,$27.4486,"17,462",$28.1986,$28.6486,$27.1486
09/18/2020,$28.7986,"24,379",$30.7485,$30.7485,$28.6486
09/17/2020,$30.2985,"17,187",$30.4485,$31.4984,$30.1485
09/16/2020,$30.2985,"22,739",$29.2485,$31.6484,$29.1045
09/15/2020,$28.9486,"22,743",$30.8985,$30.8985,$28.7986
09/14/2020,$29.8485,"24,771",$28.9486,$30.5985,$28.7986
09/11/2020,$29.2485,"55,625",$27.7486,$30.4485,$26.3987
09/10/2020,$26.2487,"12,793",$26.8487,$27.8986,$26.0987
09/09/2020,$26.8487,"22,783",$26.2487,$27.5236,$25.4987
09/08/2020,$25.6487,"18,946",$23.6988,$25.7987,$22.9489
09/04/2020,$23.9988,"63,247",$25.6487,$25.9127,$21.7399
09/03/2020,$25.6487,"53,372",$27.7486,$27.8986,$25.4987
09/02/2020,$27.5986,"47,325",$29.0985,$29.0985,$27.1486
09/01/2020,$28.9486,"66,240",$30.2985,$30.4485,$28.3486
08/31/2020,$29.0985,"35,273",$28.9486,$29.3985,$28.1986
08/28/2020,$28.7986,"28,925",$28.1986,$29.1735,$27.4486
08/27/2020,$28.6486,"95,994",$28.7986,$29.5485,$25.9487
08/26/2020,$28.4986,"27,086",$28.4986,$29.5485,$27.8986
08/25/2020,$28.6486,"64,618",$29.2485,$30.4485,$27.8236
08/24/2020,$28.4986,"143,171",$32.6984,$32.6984,$27.7486
08/21/2020,$32.6984,"311,531",$37.3481,$37.4981,$32.2484
08/20/2020,$33.1483,"25,289",$34.3483,$34.3483,$32.6984
08/19/2020,$34.4983,"13,424",$34.6483,$35.8482,$33.8983
08/18/2020,$35.2482,"20,410",$36.5982,$36.7482,$34.0483
08/17/2020,$36.4482,"54,580",$34.1983,$37.3481,$33.1483
08/14/2020,$33.5983,"62,193",$34.9483,$36.5982,$32.8484
08/13/2020,$32.2484,"30,603",$32.3984,$33.2983,$31.4984
08/12/2020,$32.2484,"25,173",$33.4483,$33.9733,$31.4984
08/11/2020,$33.4483,"33,122",$35.2482,$35.3982,$32.3984
08/10/2020,$36.2982,"17,539",$35.9982,$36.5982,$35.5482
08/07/2020,$36.5982,"47,266",$33.8983,$37.0481,$33.7483
08/06/2020,$34.9483,"49,228",$35.8482,$37.1981,$33.5983
08/05/2020,$38.998,"42,413",$38.3981,$39.448,$37.1261
08/04/2020,$36.7482,"36,323",$35.0982,$38.2481,$33.7483
08/03/2020,$35.2482,"18,120",$34.0483,$36.2982,$34.0483
07/31/2020,$34.0483,"27,148",$36.2982,$36.8982,$34.0483
07/30/2020,$35.5482,"42,960",$31.7984,$36.5982,$31.7984
07/29/2020,$32.3984,"41,060",$32.0984,$33.2983,$30.7485
07/28/2020,$32.5484,"54,906",$34.9483,$36.2982,$31.4984
07/27/2020,$35.2482,"63,023",$37.1981,$37.1981,$33.8983
07/24/2020,$36.8982,"44,341",$37.3481,$38.5481,$35.2482
07/23/2020,$37.0481,"67,500",$38.2481,$40.048,$36.2982
07/22/2020,$37.9481,"51,177",$39.148,$39.898,$36.8982
07/21/2020,$39.898,"83,863",$41.8479,$41.9979,$39.148
07/20/2020,$39.448,"110,032",$39.448,$40.6315,$37.6481
07/17/2020,$38.6981,"200,483",$36.5982,$42.1479,$35.9982
07/16/2020,$37.4981,"62,955",$37.0481,$37.6481,$35.2482
07/15/2020,$37.1981,"124,076",$40.6615,$41.9979,$35.6997
07/14/2020,$44.9977,"437,281",$34.1983,$48.1491,$33.2998
07/13/2020,$32.3984,"63,979",$30.8985,$33.2983,$30.2985
07/10/2020,$30.4485,"22,706",$29.6985,$31.0484,$28.7986
07/09/2020,$29.9985,"75,285",$32.0984,$33.5983,$28.7986
07/08/2020,$31.7984,"62,995",$30.2985,$32.2484,$29.6985
07/07/2020,$29.5485,"48,255",$27.4486,$29.6985,$26.4122
07/06/2020,$26.9987,"14,499",$26.8487,$27.4486,$26.2487
07/02/2020,$26.2487,"9,509",$26.6987,$27.2986,$26.2487
07/01/2020,$26.5487,"19,640",$26.6987,$27.6736,$26.1737
06/30/2020,$26.6987,"18,469",$27.2986,$27.2986,$26.0987
06/29/2020,$26.9987,"30,813",$27.1486,$28.0486,$25.1987
06/26/2020,$26.8487,"18,824",$28.4986,$28.9486,$26.6987
06/25/2020,$28.4986,"14,537",$27.1486,$28.4986,$26.8502
06/24/2020,$27.2986,"12,584",$27.4486,$27.8236,$26.6987
06/23/2020,$27.1486,"15,969",$27.1486,$28.4986,$27.1486
06/22/2020,$27.1486,"18,762",$26.9987,$28.1986,$26.3987
06/19/2020,$26.3987,"14,134",$27.5986,$29.2485,$26.3987
06/18/2020,$27.4486,"15,103",$28.3486,$29.0985,$27.4486
06/17/2020,$28.1986,"19,514",$28.4986,$29.7735,$28.1986
06/16/2020,$28.4986,"20,609",$27.2986,$28.7986,$26.7737
06/15/2020,$26.8487,"26,095",$26.2487,$27.1486,$24.7488
06/12/2020,$26.2487,"26,911",$27.2986,$27.8986,$25.6487
06/11/2020,$26.0987,"42,116",$27.7486,$28.7146,$25.4987
06/10/2020,$28.7986,"12,252",$29.0985,$29.2485,$28.1986
06/09/2020,$28.6486,"18,185",$28.9486,$29.5485,$27.7486
06/08/2020,$29.5485,"21,873",$27.7486,$29.9985,$27.7486
06/05/2020,$28.1986,"53,542",$30.2985,$31.4984,$27.8986
06/04/2020,$30.1485,"53,163",$29.6985,$30.8985,$29.6985
06/03/2020,$30.7485,"133,514",$28.0486,$32.2484,$28.0486
06/02/2020,$28.9486,"55,955",$28.3486,$29.6985,$27.7486
06/01/2020,$28.3486,"28,129",$28.4986,$29.0985,$27.4486
05/29/2020,$28.4986,"107,158",$26.2487,$29.0985,$25.6487
05/28/2020,$26.6987,"119,730",$26.6987,$28.0486,$25.6487
05/27/2020,$26.6987,"51,048",$26.9987,$27.4486,$25.6487
05/26/2020,$26.2487,"188,098",$26.0987,$27.4486,$25.3487
05/22/2020,$31.1984,"45,325",$29.0985,$33.8983,$28.9486
05/21/2020,$28.9486,"18,218",$28.7986,$30.4485,$28.0486
05/20/2020,$28.7986,"20,583",$29.3985,$30.2985,$27.7486
05/19/2020,$30.2985,"21,565",$30.1485,$31.4984,$29.0985
05/18/2020,$30.7485,"63,840",$27.8986,$32.8484,$27.8986
05/15/2020,$27.4486,"41,865",$27.7486,$29.5485,$25.8422
05/14/2020,$25.4987,"97,748",$32.5484,$37.4981,$24.1488
05/13/2020,$32.3984,"31,545",$34.1983,$34.3273,$29.9985
05/12/2020,$33.4483,"67,166",$31.4984,$34.9468,$30.4485
05/11/2020,$30.7485,"85,739",$30.7485,$38.998,$28.7986
05/08/2020,$29.5485,"15,527",$29.2485,$31.3484,$28.4986
05/07/2020,$27.7486,"9,783",$29.2485,$29.8485,$27.1486
05/06/2020,$28.3486,"7,663",$28.3486,$30.4485,$28.3471
05/05/2020,$28.4986,"10,311",$31.4984,$31.4984,$28.3711
05/04/2020,$28.3501,"8,343",$26.8487,$31.4984,$26.8487
05/01/2020,$27.2986,"8,284",$31.3484,$31.4984,$24.8988
04/30/2020,$30.531,"12,065",$31.6484,$32.2484,$29.5935
04/29/2020,$31.4984,"8,813",$32.9834,$33.7483,$30.2985
04/28/2020,$31.1984,"4,472",$32.0984,$32.9984,$29.9985
04/27/2020,$31.9499,"13,461",$33.7483,$35.1732,$29.40
04/24/2020,$33.7483,"4,931",$31.4984,$34.4983,$31.4984
04/23/2020,$32.3984,"56,606",$35.6982,$41.9979,$29.2575
04/22/2020,$33.7483,"2,569",$37.4981,$37.4981,$32.9984
04/21/2020,$34.0483,364,$33.3733,$34.4983,$32.9984
04/20/2020,$34.0903,401,$34.4983,$34.4983,$33.1843
04/17/2020,$34.5733,324,$34.9633,$34.9633,$34.4983
04/16/2020,$32.9984,"1,061",$36.2232,$37.4981,$32.9984
04/15/2020,$35.6982,248,$34.1983,$37.7981,$33.7483
04/14/2020,$34.0483,"1,255",$32.9984,$39.448,$32.9984
04/13/2020,$32.9984,"2,459",$35.2482,$35.6982,$32.9984
04/09/2020,$34.4233,"1,077",$32.2934,$35.3832,$31.7984
04/08/2020,$31.6484,"1,526",$28.4986,$33.8983,$28.4971
04/07/2020,$28.1986,303,$27.7486,$28.4986,$27.5236
04/06/2020,$27.1486,964,$28.4986,$28.4986,$26.5487
04/03/2020,$26.3987,669,$24.8988,$27.7486,$23.9988
04/02/2020,$25.6487,263,$24.9378,$26.9237,$24.9378
04/01/2020,$24.9093,"1,024",$26.3432,$26.4812,$24.4488
03/31/2020,$26.9987,390,$26.2487,$28.3486,$26.2487
03/30/2020,$26.2487,718,$26.8487,$28.4986,$26.2487
03/27/2020,$26.6237,143,$25.9487,$26.6762,$25.9487
03/26/2020,$26.9987,440,$27.4261,$27.4261,$26.2022
03/25/2020,$25.9487,"1,047",$27.4036,$27.4486,$25.9487
03/24/2020,$25.9487,841,$23.2488,$27.4486,$22.9489
03/23/2020,$25.4132,831,$20.699,$26.8487,$20.153
03/20/2020,$23.6988,"2,192",$23.6988,$23.6988,$19.049
03/19/2020,$18.8991,821,$15.8992,$19.499,$15.7492
03/18/2020,$18.1491,"1,839",$19.799,$19.949,$17.2491
03/17/2020,$22.9489,"1,943",$25.1987,$25.1987,$21.1489
03/16/2020,$26.0987,"2,821",$28.1986,$29.0985,$24.7968
03/13/2020,$27.4486,"6,938",$31.4984,$37.3481,$19.949
03/12/2020,$30.2235,"1,352",$32.9984,$35.0382,$29.9985
03/11/2020,$33.5983,573,$37.4981,$37.4981,$32.9984
03/10/2020,$33.8983,437,$33.7483,$38.2976,$32.9984
03/09/2020,$34.6483,"1,162",$35.5482,$37.3466,$33.7483
03/06/2020,$35.5482,787,$36.7482,$37.1981,$35.5482
03/05/2020,$35.5482,"1,464",$37.0481,$37.0481,$35.5482
03/04/2020,$37.2401,359,$35.9982,$37.5281,$35.5752
03/03/2020,$36.1332,948,$39.1555,$39.1555,$35.8482
03/02/2020,$35.3982,"3,082",$38.5481,$38.5646,$34.4983
02/28/2020,$38.5481,284,$38.0981,$38.6561,$38.0981
02/27/2020,$38.2481,"1,968",$40.948,$41.0979,$38.0981
02/26/2020,$41.9979,"1,080",$44.0078,$44.0978,$41.0979
02/25/2020,$44.2478,900,$45.5452,$45.7477,$42.4479
02/24/2020,$44.2388,802,$45.1477,$45.1477,$43.0478
02/21/2020,$46.9477,775,$47.0136,$47.0976,$45.9757
02/20/2020,$47.8476,972,$47.9976,$47.9976,$44.3978
02/19/2020,$47.6976,888,$44.9977,$47.9976,$41.6979
02/18/2020,$44.0978,"1,074",$43.3478,$47.9976,$41.0979
02/14/2020,$43.3478,291,$41.0979,$43.3478,$41.0979
02/13/2020,$40.9495,610,$41.9979,$41.9979,$40.9495
02/12/2020,$41.2479,962,$42.1479,$44.0978,$41.2479
02/11/2020,$42.1479,620,$42.2979,$43.6478,$41.1879
02/10/2020,$42.2979,359,$43.2248,$43.2248,$42.1479
02/07/2020,$43.3478,338,$41.9979,$43.3478,$41.2479
02/06/2020,$42.5979,435,$42.7479,$42.7479,$41.9979
02/05/2020,$42.4479,517,$42.3729,$42.8979,$41.5479
02/04/2020,$42.1479,"4,850",$43.6478,$44.9228,$40.498
02/03/2020,$44.2478,828,$43.0478,$45.2977,$43.0478
01/31/2020,$43.6478,"1,412",$44.6978,$45.4342,$43.4978
01/30/2020,$44.6978,302,$44.7728,$45.4477,$44.6978
01/29/2020,$45.0727,"2,992",$43.7978,$45.5977,$43.7978
01/28/2020,$45.1477,356,$43.4978,$45.4477,$43.4978
01/27/2020,$43.6478,975,$45.5977,$45.5977,$43.6478
01/24/2020,$45.5977,"1,598",$45.7477,$46.3477,$43.7978
01/23/2020,$45.5977,204,$43.6478,$45.5977,$43.6478
01/22/2020,$44.5478,"1,218",$46.4977,$46.4977,$43.6628
01/21/2020,$45.5977,"2,983",$45.7477,$46.4977,$43.1978
01/17/2020,$46.6477,"1,017",$47.5626,$48.0726,$46.6477
01/16/2020,$48.5226,693,$48.8976,$50.2115,$47.9976
01/15/2020,$50.0975,"1,325",$50.5475,$52.1974,$47.5776
01/14/2020,$50.6975,"1,505",$50.9975,$53.4003,$48.2376
01/13/2020,$49.1975,"6,117",$53.6973,$54.5973,$46.0492
01/10/2020,$52.0474,"11,663",$44.2478,$52.1374,$43.9478
01/09/2020,$44.3978,"1,168",$41.5479,$44.3978,$41.5479
01/08/2020,$42.4479,839,$41.3979,$44.0963,$41.3979
01/07/2020,$42.1659,867,$41.2479,$42.5619,$40.648
01/06/2020,$42.6444,"5,123",$41.9979,$43.7978,$40.198
01/03/2020,$41.9979,"5,412",$37.9481,$42.7479,$37.3481
01/02/2020,$37.8386,916,$37.0481,$38.2481,$36.1482
12/31/2019,$37.6481,"1,842",$37.6496,$38.2481,$36.2652
12/30/2019,$37.1981,"5,307",$34.1983,$38.8481,$34.1983
12/27/2019,$33.7483,"2,516",$32.3234,$33.7483,$31.9484
12/26/2019,$31.4984,"4,225",$31.6484,$32.8484,$31.4984
12/24/2019,$31.4984,"9,938",$33.4483,$33.8218,$31.4984
12/23/2019,$33.4483,"7,623",$32.6984,$35.8482,$31.4984
12/20/2019,$33.2968,"4,046",$33.7483,$34.7983,$31.7984
12/19/2019,$33.0643,914,$32.5484,$34.1983,$31.4984
12/18/2019,$32.9984,"1,409",$34.4983,$34.4983,$32.9984
12/17/2019,$34.7983,"1,048",$36.4482,$36.4782,$34.7983
12/16/2019,$36.4302,"1,718",$36.1482,$37.4831,$36.1482
12/13/2019,$37.3481,346,$36.7482,$37.3481,$35.4777
12/12/2019,$37.1981,418,$36.7482,$37.3151,$36.0987
12/11/2019,$37.2176,"1,438",$37.4981,$37.6466,$35.6982
12/10/2019,$37.6481,"1,071",$39.898,$39.898,$37.4981
12/09/2019,$39.148,"1,250",$40.048,$40.198,$38.0231
12/06/2019,$38.998,469,$38.2481,$40.648,$37.6961
12/05/2019,$38.6981,588,$40.075,$40.075,$37.9871
12/04/2019,$38.2481,"1,579",$38.6381,$40.198,$38.2481
12/03/2019,$38.0231,660,$38.3981,$41.5479,$37.4981
12/02/2019,$38.998,906,$41.2479,$41.9469,$38.998
11/29/2019,$41.9979,418,$39.898,$42.5979,$39.898
11/27/2019,$39.748,"1,043",$43.0478,$43.1963,$39.748
11/26/2019,$42.4479,"1,284",$40.198,$42.7479,$39.898
11/25/2019,$41.2479,"1,152",$39.883,$41.2479,$39.148
11/22/2019,$41.0979,185,$39.358,$41.2479,$38.998
11/21/2019,$38.998,"2,206",$40.3495,$40.7935,$38.6981
11/20/2019,$40.948,"1,314",$41.6979,$42.8979,$40.348
11/19/2019,$41.8479,"5,946",$46.1977,$46.1977,$36.3537
11/18/2019,$42.7479,"28,166",$44.2478,$45.7477,$40.648
11/15/2019,$40.648,"2,667",$41.5479,$42.4479,$39.4495
11/14/2019,$41.5479,"3,078",$36.4482,$42.5979,$35.9982
11/13/2019,$40.048,"7,416",$34.0933,$40.648,$34.0933
11/12/2019,$33.8983,885,$34.4983,$34.4983,$33.5983
11/11/2019,$34.4983,747,$32.3984,$34.4983,$31.6484
11/08/2019,$32.3984,630,$31.6484,$32.6984,$31.4984
11/07/2019,$31.4984,"1,087",$31.0484,$31.4984,$29.9985
11/06/2019,$31.7984,161,$32.2484,$32.2484,$31.7984
11/05/2019,$32.0984,830,$31.9484,$32.9534,$31.4984
11/04/2019,$31.1984,532,$32.2484,$32.2484,$30.3075
11/01/2019,$32.0984,917,$31.4984,$32.2484,$30.90
10/31/2019,$32.2484,85,$32.2469,$32.3984,$32.2469
10/30/2019,$32.3984,808,$31.4984,$32.3984,$31.4984
10/29/2019,$31.6484,803,$32.0984,$32.5199,$31.4984
10/28/2019,$32.2484,"1,165",$32.0984,$33.1483,$32.0984
10/25/2019,$32.2484,528,$33.1483,$33.6733,$32.2484
10/24/2019,$33.5983,275,$34.0288,$34.0288,$32.6984
10/23/2019,$35.2482,459,$32.6984,$35.6982,$32.6984
10/22/2019,$33.2983,"1,243",$33.2983,$37.4981,$32.2484
10/21/2019,$33.2983,402,$33.7483,$33.7483,$32.0984
10/18/2019,$33.8983,324,$33.4483,$35.8482,$32.5484
10/17/2019,$34.9483,743,$37.0481,$37.3481,$33.5353
10/16/2019,$34.0483,679,$35.0982,$36.2982,$34.0483
10/15/2019,$34.7983,361,$35.0982,$35.3787,$33.9643
10/14/2019,$34.6483,797,$33.7483,$35.1342,$32.6324
10/11/2019,$31.7984,503,$34.6588,$34.6588,$31.7984
10/10/2019,$33.7483,"4,209",$31.1039,$37.3481,$31.1039
10/09/2019,$30.2985,"5,410",$35.9982,$36.2982,$30.2985
10/08/2019,$35.5482,716,$36.2982,$36.2982,$35.5482
10/07/2019,$36.1482,"2,026",$37.7231,$39.448,$35.5482
10/04/2019,$39.898,294,$36.5982,$39.898,$36.2337
10/03/2019,$36.7482,132,$38.8781,$41.3979,$36.1482
10/02/2019,$37.1981,375,$39.298,$39.298,$37.1981
10/01/2019,$39.898,966,$38.5481,$40.348,$36.4482
09/30/2019,$38.8481,696,$38.6981,$40.948,$36.1482
09/27/2019,$38.998,226,$40.348,$40.348,$38.998
09/26/2019,$40.348,99,$39.898,$40.348,$38.998
09/25/2019,$39.898,474,$39.511,$40.498,$39.511
09/24/2019,$40.498,247,$40.513,$41.2479,$39.598
09/23/2019,$41.6979,458,$41.8479,$42.1479,$41.2479
09/20/2019,$41.5479,"1,591",$38.5481,$41.5479,$37.4981
09/19/2019,$36.7482,368,$40.198,$40.348,$36.7482
09/18/2019,$39.148,541,$40.798,$40.948,$38.998
09/17/2019,$39.898,"3,743",$35.3982,$41.2479,$33.8983
09/16/2019,$35.0982,326,$36.4482,$36.4482,$34.4983
09/13/2019,$36.8982,"1,056",$36.7482,$38.8466,$36.2982
09/12/2019,$36.8982,459,$38.0981,$38.0981,$36.7482
09/11/2019,$38.2481,748,$36.8982,$38.998,$36.8982
09/10/2019,$36.2982,218,$37.1741,$37.1741,$34.4983
09/09/2019,$37.1981,"3,026",$33.2983,$41.0979,$33.2983
09/06/2019,$33.7483,264,$33.7483,$34.3483,$33.4483
09/05/2019,$33.2983,180,$34.4983,$34.4983,$33.2983
09/04/2019,$34.4983,558,$34.0483,$34.4983,$32.9984
09/03/2019,$33.2983,927,$34.0483,$34.0678,$33.1483
08/30/2019,$34.7983,633,$35.8482,$35.8482,$33.8983
08/29/2019,$35.3982,235,$35.2482,$36.7482,$35.2482
08/28/2019,$35.2482,81,$34.9483,$35.8482,$34.9483
08/27/2019,$34.9483,378,$35.9982,$36.7482,$33.7483
08/26/2019,$35.3982,772,$36.4482,$38.3786,$34.7983
08/23/2019,$37.4981,261,$37.2731,$39.148,$35.2482
08/22/2019,$35.6982,"3,323",$34.7983,$40.648,$34.7983
08/21/2019,$34.9483,403,$33.8983,$34.9483,$33.8983
08/20/2019,$33.8983,660,$35.5482,$35.5482,$33.8983
08/19/2019,$35.3982,580,$35.6982,$36.1482,$34.6498
08/16/2019,$35.2482,"2,405",$37.6481,$37.7981,$35.0982
08/15/2019,$37.9481,520,$37.4981,$38.998,$37.3481
08/14/2019,$37.9481,"1,846",$38.998,$40.1965,$37.4981
08/13/2019,$39.148,905,$40.648,$40.648,$38.998
08/12/2019,$39.898,377,$39.448,$40.873,$39.148
08/09/2019,$38.998,654,$39.448,$41.8479,$38.998
08/08/2019,$40.198,"1,858",$41.0979,$43.0478,$40.198
08/07/2019,$40.198,843,$40.648,$41.6979,$40.048
08/06/2019,$39.298,"1,307",$40.048,$41.5479,$39.298
08/05/2019,$40.798,948,$40.498,$42.5979,$39.148
08/02/2019,$40.048,621,$42.4479,$43.4978,$39.598
08/01/2019,$42.2979,638,$42.2979,$44.8478,$42.1479
07/31/2019,$42.2979,"3,095",$42.5979,$44.0978,$40.048
07/30/2019,$43.6478,"3,288",$43.4978,$44.5478,$41.9979
07/29/2019,$43.4978,615,$44.8478,$46.1977,$43.4978
07/26/2019,$44.3228,"1,999",$44.5478,$45.5977,$44.1728
07/25/2019,$44.8478,710,$43.7978,$45.6322,$42.4194
07/24/2019,$44.2478,"4,233",$43.4978,$47.9976,$43.4978
07/23/2019,$43.0478,"9,082",$44.6978,$46.4977,$39.4555
07/22/2019,$44.2478,"3,527",$43.4978,$46.4977,$43.4978
07/19/2019,$43.3478,"5,711",$42.7479,$44.8478,$42.7479
07/18/2019,$41.9979,"3,890",$43.4978,$44.3978,$41.9979
07/17/2019,$43.7978,429,$43.3478,$44.6978,$42.8979
07/16/2019,$43.6478,"1,832",$43.6478,$44.9977,$42.7479
07/15/2019,$44.0978,"13,930",$39.598,$45.2977,$38.998
07/12/2019,$39.448,"1,251",$38.2496,$40.348,$38.2496
07/11/2019,$38.998,591,$39.748,$40.498,$38.5481
07/10/2019,$39.898,"1,250",$40.498,$40.948,$39.1495
07/09/2019,$40.198,"2,527",$37.5356,$40.996,$37.4981
07/08/2019,$37.9481,"1,807",$37.4981,$38.8481,$36.7482
07/05/2019,$37.6481,"2,925",$37.1981,$38.9966,$36.7482
07/03/2019,$36.8982,"2,873",$36.2982,$38.6591,$34.4983
07/02/2019,$35.8482,"14,937",$34.8283,$38.998,$32.5484
07/01/2019,$35.3982,"2,262",$34.4983,$35.9982,$34.0678
06/28/2019,$34.1983,"6,949",$33.4483,$35.2482,$32.3984
06/27/2019,$33.7483,"3,941",$34.1983,$35.2482,$32.6984
06/26/2019,$34.6483,"5,794",$37.4981,$37.9421,$34.6483
06/25/2019,$37.0481,"2,793",$39.898,$40.048,$36.7482
06/24/2019,$39.448,"8,150",$38.5931,$42.5979,$37.0481
06/21/2019,$38.998,"1,959",$39.748,$40.198,$38.5136
06/20/2019,$39.748,"3,076",$42.4479,$42.4479,$38.998
06/19/2019,$42.7479,"7,987",$42.7569,$42.7569,$38.2481
06/18/2019,$42.7479,"1,974",$43.0478,$43.9478,$42.7479
06/17/2019,$43.4978,"1,520",$41.0979,$43.4978,$41.0979
06/14/2019,$41.7894,"9,137",$42.7479,$43.6478,$40.123
06/13/2019,$42.8979,"2,368",$43.4978,$44.5478,$42.8979
06/12/2019,$43.6478,"6,663",$43.0478,$46.1962,$41.9979
06/11/2019,$43.1228,"2,739",$41.2479,$43.2383,$41.2479
06/10/2019,$41.8479,"5,658",$39.9625,$43.6478,$39.748
06/07/2019,$40.3465,760,$42.1029,$42.1029,$39.748
06/06/2019,$40.648,697,$41.0979,$42.2844,$40.648
06/05/2019,$41.2479,"3,152",$44.5733,$44.7113,$41.2479
06/04/2019,$44.2478,796,$41.9979,$45.8182,$41.9979
06/03/2019,$43.7978,643,$43.3478,$44.0978,$42.7479
05/31/2019,$43.6478,610,$44.0228,$44.5478,$43.1978
05/30/2019,$44.3978,622,$43.4378,$44.7788,$43.1423
05/29/2019,$44.0978,546,$43.3478,$45.1477,$43.3478
05/28/2019,$44.0978,"3,382",$45.4477,$45.4477,$43.1978
05/24/2019,$44.9977,196,$44.2478,$45.1477,$44.2478
05/23/2019,$45.1477,295,$43.9628,$45.1477,$43.9628
05/22/2019,$44.3978,"1,199",$44.9977,$45.8977,$43.7978
05/21/2019,$45.4477,"1,283",$46.1272,$46.5742,$44.9977
05/20/2019,$45.2977,"1,290",$45.5977,$47.0796,$44.6978
05/17/2019,$44.9977,"1,610",$46.4977,$47.3976,$42.5979
05/16/2019,$46.4977,"1,202",$43.7978,$47.6976,$43.0478
05/15/2019,$46.2727,"1,681",$47.6976,$47.6976,$45.2977
05/14/2019,$45.1477,"3,750",$44.2478,$47.0976,$43.0478
05/13/2019,$43.7978,"1,753",$41.8479,$43.7978,$41.5479
05/10/2019,$42.5979,"1,160",$43.9478,$44.5478,$42.4479
05/09/2019,$43.9478,"1,699",$43.9478,$44.9048,$41.9979
05/08/2019,$44.9977,"3,306",$43.4978,$45.8977,$43.1978
05/07/2019,$43.3478,"1,807",$45.1477,$45.7477,$43.1738
05/06/2019,$45.1477,"2,776",$42.5979,$45.6727,$42.4479
05/03/2019,$44.0978,"1,935",$43.1978,$47.6976,$43.1978
05/02/2019,$42.8229,"1,457",$42.4479,$43.4978,$41.9979
05/01/2019,$42.4479,"1,608",$45.1477,$45.2212,$42.4359
04/30/2019,$45.7462,"1,240",$45.5977,$46.6537,$44.8478
04/29/2019,$46.3477,"1,223",$46.1407,$47.9976,$46.0342
04/26/2019,$46.0477,"1,997",$45.2977,$46.4977,$44.2598
04/25/2019,$44.9977,"2,452",$44.9977,$45.8977,$44.3813
04/24/2019,$45.2977,"1,769",$45.5977,$46.3477,$45.1477
04/23/2019,$45.8977,"1,308",$45.4477,$46.0477,$45.1207
04/22/2019,$45.2977,"3,019",$46.3477,$47.8476,$44.9977
04/18/2019,$46.0477,"2,385",$45.7477,$47.2476,$44.5478
04/17/2019,$45.2977,"2,321",$48.5976,$51.3004,$43.4978
04/16/2019,$48.1476,"4,261",$45.7477,$49.1975,$44.9977
04/15/2019,$44.6978,"1,734",$48.5976,$48.5976,$44.6978
04/12/2019,$48.7476,"2,131",$48.8976,$50.9975,$47.9976
04/11/2019,$48.1476,"3,674",$46.0477,$49.5515,$45.4477
04/10/2019,$44.9977,"8,933",$49.4975,$49.4975,$44.2478
04/09/2019,$49.7975,"3,839",$51.8974,$52.2394,$49.4975
04/08/2019,$51.2974,"1,354",$53.3973,$53.3973,$50.8475
04/05/2019,$53.9973,"1,445",$52.4974,$55.0472,$49.7975
04/04/2019,$53.0973,863,$53.0973,$55.2407,$51.5974
04/03/2019,$52.9489,"1,821",$52.0069,$55.2317,$51.8974
04/02/2019,$52.4974,835,$52.3474,$53.5473,$50.9975
04/01/2019,$52.3474,"1,070",$55.2722,$55.4972,$52.3474
03/29/2019,$54.2973,896,$54.5973,$55.4972,$54.2973
03/28/2019,$53.6973,923,$53.3973,$55.3472,$53.3973
03/27/2019,$52.6474,"1,116",$53.2473,$54.1803,$51.7039
03/26/2019,$53.2473,"1,200",$53.2473,$53.6973,$52.4974
03/25/2019,$52.1974,"1,356",$53.8473,$53.8473,$52.0474
03/22/2019,$53.9973,"2,107",$54.4473,$55.7972,$53.1723
03/21/2019,$54.2973,"2,180",$55.5272,$55.9472,$53.3973
03/20/2019,$54.1473,"1,516",$57.6181,$57.6181,$53.8473
03/19/2019,$58.0471,"1,984",$56.2472,$58.1971,$54.4713
03/18/2019,$56.2472,"5,218",$58.3471,$58.3471,$54.1473
03/15/2019,$58.7971,"1,242",$62.0969,$62.0969,$57.8971
03/14/2019,$61.4219,"1,134",$60.747,$62.9969,$60.162
03/13/2019,$59.997,583,$59.247,$60.147,$59.247
03/12/2019,$59.397,595,$56.8472,$59.397,$56.6792
03/11/2019,$56.2472,"1,348",$55.3472,$56.8472,$54.7473
03/08/2019,$55.4972,741,$56.9971,$56.9971,$55.4972
03/07/2019,$56.9971,"2,419",$58.3471,$59.397,$56.9971
03/06/2019,$58.1986,"2,125",$60.297,$60.327,$57.8221
03/05/2019,$59.997,"2,037",$59.547,$62.5469,$58.9471
03/04/2019,$59.997,"4,693",$61.7969,$65.3967,$58.4971
03/01/2019,$60.747,"1,270",$59.097,$60.918,$59.097
02/28/2019,$58.7971,"3,438",$61.1969,$62.2469,$57.8971
02/27/2019,$61.6469,"5,088",$63.7468,$63.8548,$57.2821
02/26/2019,$62.3969,827,$62.2469,$63.1798,$62.2469
02/25/2019,$62.9969,"2,658",$63.1468,$65.3967,$61.8044
02/22/2019,$62.9969,891,$63.7468,$63.7468,$62.2469
02/21/2019,$63.2968,"1,179",$61.9469,$63.4468,$61.9469
02/20/2019,$62.2469,"2,654",$62.0969,$62.9969,$62.0969
02/19/2019,$62.9969,"1,569",$62.3969,$63.7468,$60.747
02/15/2019,$62.3969,"2,849",$60.747,$64.7968,$60.7185
02/14/2019,$59.997,"12,249",$59.997,$65.2467,$53.2473
02/13/2019,$79.721,889,$78.4461,$81.3709,$78.4461
02/12/2019,$78.1461,859,$78.8961,$79.496,$77.0901
02/11/2019,$78.7461,"1,143",$79.205,$79.8905,$78.4461
02/08/2019,$78.4461,"2,600",$78.7581,$79.682,$76.7962
02/07/2019,$78.5961,"1,115",$77.6331,$81.5959,$77.6331
02/06/2019,$77.0961,"2,494",$75.7462,$77.9961,$75.7462
02/05/2019,$76.4962,"1,944",$75.8962,$78.8961,$75.3127
02/04/2019,$76.4962,"1,730",$74.6963,$79.346,$74.6963
02/01/2019,$75.5962,"1,806",$73.4963,$77.2461,$73.2263
01/31/2019,$73.0463,"1,514",$72.6564,$74.3963,$71.9964
01/30/2019,$72.7464,"2,102",$73.9463,$74.9963,$72.6654
01/29/2019,$74.9963,812,$73.3463,$74.9963,$72.8964
01/28/2019,$73.8713,907,$71.3964,$74.6378,$71.3964
01/25/2019,$71.5464,842,$70.7965,$72.7464,$70.7965
01/24/2019,$69.7465,"1,477",$68.2466,$73.0463,$68.2466
01/23/2019,$68.9965,"2,994",$71.6964,$71.6964,$67.1966
01/22/2019,$70.6465,"3,296",$76.4947,$76.4947,$69.2965
01/18/2019,$74.9963,689,$75.7012,$76.3462,$74.8463
01/17/2019,$74.3963,"1,021",$74.9963,$76.3462,$74.2478
01/16/2019,$74.5463,389,$74.0963,$76.1962,$74.0963
01/15/2019,$74.6963,"1,484",$72.2964,$76.3462,$72.2964
01/14/2019,$74.2463,534,$72.5964,$75.0532,$72.5964
01/11/2019,$72.5964,"2,039",$72.7464,$75.9832,$71.8464
01/10/2019,$72.5964,"1,446",$73.9463,$74.9963,$71.3604
01/09/2019,$73.6463,"1,893",$70.8985,$73.9463,$70.8985
01/08/2019,$69.5965,362,$69.1465,$71.0964,$69.1465
01/07/2019,$69.1465,840,$67.1966,$70.3465,$67.1966
01/04/2019,$68.9965,"1,595",$62.3969,$69.7465,$62.3969
01/03/2019,$62.0969,989,$59.997,$65.0967,$54.2988
01/02/2019,$61.1969,"1,224",$52.4974,$71.2464,$45.7477
12/31/2018,$53.3973,"9,051",$52.9474,$56.2472,$49.6475
12/28/2018,$53.0973,"4,220",$53.3973,$55.9472,$47.5476
12/27/2018,$52.3474,"2,717",$56.0972,$59.247,$45.7477
12/26/2018,$56.3972,"2,195",$57.2971,$64.6468,$56.2472
12/24/2018,$56.2472,"2,549",$57.1471,$59.847,$53.2323
12/21/2018,$57.2971,"3,487",$62.6969,$68.8466,$56.9222
12/20/2018,$62.9969,"2,264",$62.9969,$65.7972,$60.5985
12/19/2018,$62.8469,"2,014",$63.1468,$65.3967,$60.447
12/18/2018,$62.9969,"2,550",$66.2967,$68.9965,$62.9969
12/17/2018,$66.2967,"1,074",$70.4965,$73.3463,$66.2967
12/14/2018,$71.0964,746,$71.3964,$72.2964,$67.6466
12/13/2018,$71.6964,"1,467",$71.2464,$74.6963,$70.1965
12/12/2018,$71.0964,"1,783",$72.4464,$74.0963,$70.198
12/11/2018,$71.9964,302,$74.5463,$75.2347,$71.9964
12/10/2018,$74.6963,"3,269",$71.9964,$74.6963,$70.1965
12/07/2018,$70.4965,330,$70.9465,$72.7764,$70.4965
12/06/2018,$70.7965,"1,128",$71.5464,$73.9463,$70.4965
12/04/2018,$73.6463,370,$71.9964,$75.9817,$71.9964
12/03/2018,$72.2964,"1,267",$73.4963,$76.4287,$71.6364
11/30/2018,$74.8463,981,$73.9463,$77.6961,$69.7465
11/29/2018,$74.9963,"1,731",$66.7467,$74.9963,$66.7467
11/28/2018,$66.4467,257,$67.0466,$69.2965,$65.3907
11/27/2018,$67.6466,151,$65.6967,$68.6966,$64.6468
11/26/2018,$67.3466,319,$65.5467,$67.3466,$65.2467
11/23/2018,$65.5467,480,$61.4969,$67.3466,$61.4969
11/21/2018,$62.2469,"3,118",$66.1467,$69.859,$61.9559
11/20/2018,$66.4467,"2,549",$71.2464,$71.2464,$61.7969
11/19/2018,$67.7966,837,$72.4464,$73.6448,$67.7966
11/16/2018,$72.2964,235,$73.4963,$74.2463,$72.2964
11/15/2018,$74.2463,"1,824",$73.7963,$74.5463,$70.4965
11/14/2018,$74.8463,699,$73.3463,$75.4462,$72.8964
11/13/2018,$73.1963,"1,739",$78.4461,$79.4945,$69.5965
11/12/2018,$76.9462,"3,727",$69.4465,$80.546,$69.4465
11/09/2018,$67.9466,"1,442",$80.996,$80.996,$63.8968
11/08/2018,$78.1461,"2,254",$74.0963,$78.4461,$73.6463
11/07/2018,$73.3463,"1,266",$74.6963,$75.4462,$67.4966
11/06/2018,$74.8463,474,$71.8464,$74.9963,$71.8464
11/05/2018,$71.8464,"4,528",$74.6963,$75.5962,$69.7075
11/02/2018,$73.9463,"3,483",$74.5463,$76.3462,$72.4464
11/01/2018,$72.5964,"3,432",$71.9964,$74.3963,$69.8815
10/31/2018,$70.0465,"1,152",$65.8467,$70.0465,$62.1059
10/30/2018,$65.9967,"1,025",$65.0967,$69.2965,$64.4968
10/29/2018,$64.4968,"2,390",$64.4968,$67.9676,$63.7468
10/26/2018,$64.7968,"3,930",$66.7467,$66.7467,$63.2233
10/25/2018,$67.0466,455,$65.3967,$69.5965,$65.3967
10/24/2018,$65.6967,"1,243",$63.8968,$68.0966,$63.8968
10/23/2018,$64.3468,"3,150",$64.4968,$67.9046,$63.5968
10/22/2018,$64.6468,"7,819",$69.4465,$71.9574,$64.6468
10/19/2018,$68.3966,"4,533",$69.8965,$73.1963,$68.3966
10/18/2018,$69.7465,"1,310",$68.5466,$70.4965,$68.5466
10/17/2018,$68.5466,"1,482",$67.6466,$72.2949,$67.6466
10/16/2018,$68.2466,"1,768",$68.5466,$72.2949,$67.8341
10/15/2018,$68.8466,"2,293",$74.6963,$74.6963,$67.6466
10/12/2018,$74.3963,793,$72.1464,$75.4462,$67.6856
10/11/2018,$71.5464,"1,607",$72.1464,$74.3933,$68.7116
10/10/2018,$72.4464,"2,399",$67.6466,$73.0463,$67.6331
10/09/2018,$67.3466,"12,332",$74.9963,$77.4696,$64.4968
10/08/2018,$75.1462,"3,487",$78.8961,$78.8961,$74.9963
10/05/2018,$80.246,"2,836",$84.8958,$87.5956,$74.9963
10/04/2018,$85.3457,"1,306",$86.9956,$88.3456,$82.6459
10/03/2018,$86.5457,"2,843",$78.7461,$86.5457,$77.9961
10/02/2018,$78.4461,"4,609",$86.8457,$89.9955,$76.6462
10/01/2018,$86.5457,"1,357",$88.4956,$90.4095,$86.3957
09/28/2018,$88.4956,953,$87.4456,$93.0148,$86.3957
09/27/2018,$88.0456,"1,124",$86.2457,$88.9456,$86.2457
09/26/2018,$86.2457,"5,163",$95.0952,$95.8452,$86.2457
09/25/2018,$94.0453,"2,758",$95.9952,$98.1221,$92.6954
09/24/2018,$94.1953,"8,446",$89.6955,$101.1864,$89.2455
09/21/2018,$89.2455,"6,903",$99.745,$102.1449,$89.2455
09/20/2018,$97.4951,"10,096",$92.8454,$102.4449,$89.397
09/19/2018,$91.6454,"1,149",$90.4455,$92.8934,$89.2755
09/18/2018,$90.4455,"3,399",$83.2458,$92.9954,$83.2458
09/17/2018,$83.2458,"2,557",$82.3459,$92.2454,$80.996
09/14/2018,$82.9459,664,$81.4009,$87.8956,$81.1729
09/13/2018,$83.5458,"1,796",$84.5958,$86.9956,$81.8959
09/12/2018,$82.9459,"1,637",$84.4458,$86.3957,$82.3204
09/11/2018,$84.2958,"1,150",$81.8959,$85.9457,$81.8959
09/10/2018,$82.1959,"5,357",$86.6957,$93.7438,$79.496
09/07/2018,$82.0459,"1,372",$80.336,$85.1807,$79.121
09/06/2018,$80.846,"1,734",$85.3457,$85.3457,$79.946
09/05/2018,$85.6457,"4,409",$85.7957,$85.7957,$80.546
09/04/2018,$83.5458,"4,216",$79.496,$85.3457,$78.5961
08/31/2018,$79.046,"6,336",$74.2463,$82.1959,$74.2463
08/30/2018,$75.0982,"2,441",$74.9963,$76.4962,$74.3963
08/29/2018,$75.1462,"1,501",$74.9963,$76.4962,$74.9963
08/28/2018,$75.1462,411,$75.2962,$75.8392,$75.1432
08/27/2018,$74.9963,"1,037",$76.0462,$76.1962,$74.6963
08/24/2018,$74.6963,"1,555",$76.3462,$76.4962,$74.4488
08/23/2018,$76.4962,"1,161",$76.1962,$77.8461,$75.2362
08/22/2018,$77.2461,514,$77.9961,$80.096,$76.1962
08/21/2018,$78.7461,"1,262",$76.3462,$78.7461,$73.4963
08/20/2018,$77.0961,849,$74.2463,$77.0961,$74.0993
08/17/2018,$74.2463,"1,989",$76.1962,$77.3826,$73.6463
08/16/2018,$77.3961,"1,649",$75.7462,$77.3961,$75.0862
08/15/2018,$75.4462,"1,486",$75.4462,$75.8962,$71.8464
08/14/2018,$76.3462,747,$76.6462,$76.6462,$73.4963
08/13/2018,$76.6462,"1,073",$76.2187,$77.8461,$75.3847
08/10/2018,$75.7462,"2,013",$76.6462,$78.7461,$75.3862
08/09/2018,$79.046,"2,345",$76.6462,$79.346,$73.3088
08/08/2018,$73.3463,"3,110",$73.6463,$76.6462,$70.8895
08/07/2018,$73.0463,"1,817",$72.5964,$74.0963,$70.4965
08/06/2018,$72.7464,"1,469",$76.6462,$76.6462,$71.8464
08/03/2018,$76.0462,"1,022",$75.4462,$76.4962,$75.3262
08/02/2018,$76.6462,707,$76.0462,$76.6462,$74.0963
08/01/2018,$76.4962,812,$74.9963,$76.6462,$74.1503
07/31/2018,$75.1462,"1,894",$74.9963,$76.7962,$73.1963
07/30/2018,$75.7462,"2,139",$76.9462,$79.796,$74.2463
07/27/2018,$76.7962,"2,900",$81.4459,$81.4459,$76.4452
07/26/2018,$81.2959,"1,783",$81.1459,$82.4959,$79.046
07/25/2018,$81.5959,"4,460",$77.9961,$82.3459,$77.9961
07/24/2018,$78.1461,"3,743",$84.8958,$85.4957,$77.2461
07/23/2018,$84.5958,"2,371",$81.8959,$84.5958,$81.7459
07/20/2018,$81.7459,"4,553",$84.4458,$85.7957,$79.496
07/19/2018,$83.9958,"2,103",$83.2458,$86.0957,$83.0958
07/18/2018,$82.7959,"3,793",$82.0459,$87.2431,$81.8959
07/17/2018,$85.7957,"3,723",$84.7458,$91.0394,$84.7458
07/16/2018,$83.9958,"4,561",$92.2454,$92.2454,$83.8458
07/13/2018,$92.6954,"15,333",$81.5959,$95.2452,$81.4459
07/12/2018,$81.8959,"2,754",$83.5458,$85.0457,$79.7975
07/11/2018,$83.3958,"4,070",$80.846,$86.3957,$80.846
07/10/2018,$81.2959,"4,890",$84.8958,$85.1957,$81.1084
07/09/2018,$85.1957,"3,582",$85.9457,$86.9956,$83.5458
07/06/2018,$86.2457,"7,482",$91.9454,$94.3453,$86.2457
07/05/2018,$92.5454,"5,222",$95.0952,$101.2554,$89.9955
07/03/2018,$95.2452,"2,074",$96.2952,$98.0951,$93.4453
07/02/2018,$96.4452,"2,869",$95.6952,$97.9451,$92.5454
06/29/2018,$97.0451,"3,037",$97.7951,$102.5949,$94.7953
06/28/2018,$97.0451,"4,480",$99.745,$101.5449,$94.6453
06/27/2018,$100.645,"15,164",$104.2448,$113.2443,$97.0451
06/26/2018,$103.4948,"26,156",$97.6451,$113.5443,$92.2364
06/25/2018,$95.5452,"8,741",$102.2949,$103.2833,$91.6454
06/22/2018,$102.4449,"24,018",$105.2947,$107.2446,$96.8952
06/21/2018,$107.2446,"89,660",$124.4938,$125.9937,$104.0948
06/20/2018,$129.5935,"807,060",$170.6915,$174.7413,$127.0436
06/19/2018,$99.145,"255,045",$62.2469,$102.5949,$61.4969
06/18/2018,$59.247,"2,186",$62.3969,$62.3969,$59.247
06/15/2018,$61.0469,602,$60.297,$62.0969,$60.297
06/14/2018,$60.747,951,$61.4969,$62.2469,$60.312
06/13/2018,$61.0469,"13,461",$58.2421,$62.0969,$58.0471
06/12/2018,$58.9471,412,$59.847,$59.847,$58.9471
06/11/2018,$58.7971,"1,110",$58.1971,$59.697,$57.9241
06/08/2018,$58.1971,568,$57.1471,$59.397,$57.1471
06/07/2018,$56.9971,798,$56.8472,$57.7471,$56.8472
06/06/2018,$57.1471,"1,093",$58.1971,$58.3471,$57.1471
06/05/2018,$57.8971,"2,074",$58.4971,$58.7971,$57.1111
06/04/2018,$57.4471,"5,287",$59.547,$59.997,$56.2472
06/01/2018,$59.847,"1,663",$59.697,$60.297,$59.397
05/31/2018,$59.697,772,$60.297,$61.4969,$59.697
05/30/2018,$60.297,811,$61.9469,$62.2469,$60.297
05/29/2018,$61.4969,"1,797",$60.747,$61.7969,$59.997
05/25/2018,$60.747,661,$59.997,$60.747,$59.997
05/24/2018,$60.147,"1,524",$59.997,$60.309,$59.997
05/23/2018,$60.597,779,$60.897,$61.1969,$59.997
05/22/2018,$60.747,"2,938",$61.7969,$62.6969,$60.747
05/21/2018,$62.3969,800,$63.7468,$63.7468,$61.7969
05/18/2018,$63.7468,"2,397",$63.2968,$63.8968,$62.5469
05/17/2018,$63.1468,"1,161",$61.4969,$63.4498,$61.2719
05/16/2018,$61.1969,815,$59.547,$61.4969,$59.547
05/15/2018,$60.147,"1,953",$60.747,$60.747,$59.7615
05/14/2018,$59.997,532,$60.447,$61.0469,$59.997
05/11/2018,$61.1969,"1,379",$63.8968,$63.8968,$57.7471
05/10/2018,$61.3469,666,$60.447,$62.8454,$60.447
05/09/2018,$60.897,"2,868",$62.8469,$62.8469,$54.7473
05/08/2018,$62.0969,748,$63.4468,$63.4468,$61.4969
05/07/2018,$61.4969,871,$63.2968,$63.7468,$61.4969
05/04/2018,$63.5968,431,$62.5469,$64.0468,$62.5469
05/03/2018,$62.6969,942,$62.2469,$64.6468,$61.7969
05/02/2018,$62.3969,"1,461",$61.6469,$63.5968,$61.6469
05/01/2018,$62.9969,431,$63.8968,$63.8968,$62.4224
04/30/2018,$62.5469,795,$63.5968,$65.4717,$62.5469
04/27/2018,$63.4468,"1,519",$62.4719,$65.6967,$62.3969
04/26/2018,$62.9969,"1,540",$66.1467,$66.1467,$62.5469
04/25/2018,$66.8967,162,$66.3612,$67.3466,$66.3612
04/24/2018,$67.4966,799,$68.9965,$69.46,$66.7467
04/23/2018,$69.1465,"1,261",$68.6966,$69.5965,$66.2337
04/20/2018,$69.4465,786,$68.5466,$70.1965,$68.5466
04/19/2018,$67.7966,"2,013",$69.8965,$72.8964,$67.6466
04/18/2018,$70.0465,"1,666",$72.7464,$74.3963,$69.7465
04/17/2018,$73.1963,"1,614",$72.8964,$74.5463,$72.8964
04/16/2018,$72.8964,742,$74.5463,$74.6963,$71.5464
04/13/2018,$74.8463,"2,020",$74.8463,$75.4462,$72.1464
04/12/2018,$74.8463,"1,895",$73.6463,$74.9963,$73.4963
04/11/2018,$74.5463,"1,412",$74.6963,$77.2461,$72.4464
04/10/2018,$75.4462,"4,984",$80.246,$83.8308,$71.9964
04/09/2018,$79.646,"2,095",$76.4962,$79.646,$74.8463
04/06/2018,$76.1962,"3,537",$77.5461,$81.5209,$70.498
04/05/2018,$77.9961,"1,127",$79.646,$82.1959,$76.7962
04/04/2018,$80.096,"1,824",$80.576,$83.8458,$80.096
04/03/2018,$81.2959,"3,140",$82.1959,$84.1458,$78.2961
04/02/2018,$81.2959,"1,155",$87.2956,$88.3501,$80.096
03/29/2018,$87.5956,"1,061",$85.4957,$88.6456,$84.5973
03/28/2018,$84.1293,"2,473",$83.2458,$86.0957,$79.796
03/27/2018,$83.2458,"2,987",$84.4458,$85.7957,$82.1404
03/26/2018,$85.7957,"2,741",$88.3456,$88.3456,$82.9459
03/23/2018,$88.4956,"4,026",$92.3954,$92.3954,$87.1516
03/22/2018,$91.3454,"2,259",$87.4456,$91.4954,$86.4107
03/21/2018,$88.3456,"1,791",$88.0456,$89.8455,$86.3957
03/20/2018,$89.2455,"7,567",$88.9456,$92.9954,$83.3958
03/19/2018,$89.3955,"2,929",$89.0955,$89.3955,$85.7957
03/16/2018,$88.7956,"4,011",$87.2956,$88.9456,$84.7758
03/15/2018,$86.6957,"2,553",$87.5956,$87.7456,$83.6958
03/14/2018,$86.9956,"4,599",$86.6957,$88.7806,$83.0748
03/13/2018,$86.2457,"5,676",$86.8457,$88.6726,$84.5823
03/12/2018,$84.1458,"3,060",$83.2458,$85.4957,$78.9111
03/09/2018,$83.2458,"4,484",$80.096,$84.7458,$78.7611
03/08/2018,$80.546,"11,052",$89.8455,$89.8455,$77.2461
03/07/2018,$85.9457,"15,659",$80.996,$87.7456,$79.046
03/06/2018,$82.1959,"121,873",$94.7953,$95.2437,$80.996
03/05/2018,$75.4462,"5,430",$70.4965,$76.4797,$62.2469
03/02/2018,$70.492,"1,818",$66.9117,$71.3964,$66.9117
03/01/2018,$71.2464,"3,801",$71.9964,$73.3313,$67.7966
02/28/2018,$71.5464,"4,403",$71.8164,$74.8463,$71.2464
02/27/2018,$71.0964,"9,060",$68.6966,$77.0961,$68.3966
02/26/2018,$68.3966,"9,446",$62.2469,$69.5965,$62.2469
02/23/2018,$63.8968,171,$64.6468,$64.6468,$63.8968
02/22/2018,$63.9613,"3,039",$60.597,$64.4968,$60.597
02/21/2018,$60.597,676,$59.247,$61.4969,$59.247
02/20/2018,$59.547,"2,162",$60.147,$60.147,$58.9471
02/16/2018,$59.007,837,$56.8472,$60.483,$56.5712
02/15/2018,$56.6972,"1,004",$58.0771,$59.247,$56.6972
02/14/2018,$59.247,"2,346",$57.8971,$62.0969,$57.8971
02/13/2018,$59.097,909,$57.4126,$59.106,$56.6792
02/12/2018,$57.8971,697,$57.9271,$58.4971,$54.7473
02/09/2018,$57.7471,"3,107",$59.247,$61.4009,$53.8473
02/08/2018,$60.147,450,$60.432,$61.1219,$58.7896
02/07/2018,$58.9471,"2,310",$57.1471,$62.2469,$57.1471
02/06/2018,$59.3955,"6,253",$53.9973,$59.547,$53.9973
02/05/2018,$57.5971,"4,949",$62.9969,$62.9969,$56.9971
02/02/2018,$63.2968,"1,644",$60.897,$64.3453,$60.597
02/01/2018,$61.7819,"2,610",$63.4468,$65.9967,$60.012
01/31/2018,$64.1938,953,$65.2857,$65.2857,$63.1828
01/30/2018,$63.7468,"6,903",$62.8469,$64.6318,$61.7954
01/29/2018,$63.8968,"1,206",$64.1968,$66.1467,$63.7468
01/26/2018,$64.4968,"2,972",$62.9969,$64.7968,$62.9969
01/25/2018,$62.9969,"1,422",$63.5968,$64.4968,$62.9969
01/24/2018,$64.0468,"2,441",$63.4468,$65.6817,$62.9969
01/23/2018,$62.6969,"3,273",$64.4968,$64.7968,$61.7819
01/22/2018,$63.4468,"3,664",$62.2469,$63.4483,$61.4969
01/19/2018,$61.6469,"1,080",$61.3469,$62.2469,$61.3469
01/18/2018,$60.9105,"4,899",$63.2968,$63.2968,$60.297
01/17/2018,$62.8469,"1,486",$62.5199,$63.8968,$61.9484
01/16/2018,$62.3969,"9,825",$62.5469,$66.8967,$61.4969
01/12/2018,$61.1969,"2,967",$58.4971,$61.4984,$58.0621
01/11/2018,$58.7971,"2,496",$59.847,$60.069,$58.0171
01/10/2018,$59.991,"3,427",$57.4471,$60.312,$56.2472
01/09/2018,$57.2971,"1,190",$56.9971,$57.4531,$55.6472
01/08/2018,$56.8472,"1,615",$55.4987,$57.7471,$55.4987
01/05/2018,$58.4971,"1,523",$57.7471,$58.9471,$56.7122
01/04/2018,$58.9471,"3,421",$59.997,$59.997,$55.4972
01/03/2018,$60.147,"12,700",$55.1972,$61.7969,$55.1972
01/02/2018,$55.4972,"7,854",$53.0973,$57.7471,$53.0943
12/29/2017,$52.6474,"5,346",$52.4974,$53.9973,$51.7474
12/28/2017,$52.3474,"3,910",$50.6975,$52.3474,$48.7476
12/27/2017,$50.3975,"3,115",$49.7975,$52.4974,$49.7975
12/26/2017,$51.2974,"1,797",$49.6475,$51.2974,$49.6475
12/22/2017,$50.0975,"3,939",$49.1975,$50.2475,$48.7476
12/21/2017,$49.4975,"3,519",$50.7725,$50.9975,$49.4975
12/20/2017,$50.816,"7,312",$49.1975,$51.7804,$49.1975
12/19/2017,$49.1975,"3,445",$50.5475,$51.2959,$49.0475
12/18/2017,$50.9975,"3,513",$50.8475,$52.3459,$50.8475
12/15/2017,$51.7474,"1,614",$49.6475,$52.7419,$48.7476
12/14/2017,$51.4474,"2,263",$51.1474,$53.9973,$51.0109
12/13/2017,$51.7474,795,$53.3973,$54.3003,$51.7474
12/12/2017,$52.4974,"2,307",$53.5473,$53.6973,$52.1974
12/11/2017,$53.6973,"1,708",$55.0472,$55.0472,$53.3973
12/08/2017,$55.4972,"8,103",$50.9975,$58.9471,$50.9975
12/07/2017,$51.2974,"2,598",$50.0975,$51.2974,$49.6475
12/06/2017,$50.2475,"1,862",$50.5475,$50.5475,$49.1975
12/05/2017,$50.9975,"5,540",$49.4975,$51.1459,$49.4975
12/04/2017,$49.4975,"8,521",$51.2974,$53.2473,$45.5977
12/01/2017,$51.4474,"3,648",$51.8974,$51.8974,$51.2974
11/30/2017,$51.4474,"4,484",$51.7474,$52.5844,$51.1474
11/29/2017,$51.6454,"5,060",$53.5473,$53.8188,$51.1474
11/28/2017,$53.3973,"2,460",$54.8973,$54.8973,$53.0973
11/27/2017,$54.4473,"4,907",$53.9973,$55.6472,$53.6973
11/24/2017,$53.6973,816,$52.1764,$53.9973,$52.0879
11/22/2017,$52.6474,"4,181",$50.9975,$53.6973,$50.9975
11/21/2017,$51.1474,"5,403",$49.4975,$52.0474,$48.5976
11/20/2017,$49.4975,"8,317",$54.1473,$56.6957,$47.6601
11/17/2017,$52.4974,"18,122",$46.4977,$53.2473,$46.1992
11/16/2017,$46.0477,"2,425",$44.3978,$46.3987,$44.3978
11/15/2017,$44.8478,"1,148",$44.5478,$44.9977,$43.7978
11/14/2017,$44.8478,"3,831",$46.0477,$46.1977,$43.6478
11/13/2017,$45.7492,"1,169",$44.2478,$46.7977,$44.2478
11/10/2017,$45.1477,"1,691",$46.4977,$47.6976,$44.8478
11/09/2017,$46.9477,"4,301",$44.3978,$47.0976,$44.3978
11/08/2017,$44.1368,"2,080",$43.7978,$44.9348,$43.1978
11/07/2017,$44.2478,"1,144",$44.8478,$44.8478,$43.7978
11/06/2017,$44.5478,"2,347",$44.2478,$45.5977,$43.9478
11/03/2017,$43.7978,"6,211",$40.498,$46.2727,$39.748
11/02/2017,$39.898,"9,895",$43.4978,$43.4978,$39.448
11/01/2017,$43.4978,"7,237",$46.0477,$47.6976,$41.9979
10/31/2017,$46.1977,"1,292",$47.0976,$47.8461,$46.0477
10/30/2017,$46.6477,"2,205",$47.9976,$48.2976,$46.3477
10/27/2017,$48.1476,"2,254",$46.0477,$49.0475,$46.0477
10/26/2017,$46.1977,"2,089",$46.0477,$46.7977,$45.8422
10/25/2017,$46.7977,"3,769",$47.2476,$48.7476,$45.8977
10/24/2017,$47.6976,"1,702",$49.0475,$49.3475,$47.3976
10/23/2017,$49.3475,962,$49.9475,$51.5974,$49.1975
10/20/2017,$50.2475,588,$50.8475,$50.8475,$49.388
10/19/2017,$51.2974,"1,079",$50.9975,$51.4474,$49.1975
10/18/2017,$50.8475,"3,868",$52.7974,$54.1773,$50.8475
10/17/2017,$53.0973,"1,950",$53.6673,$55.1972,$53.0973
10/16/2017,$54.4473,"4,665",$54.4473,$55.7972,$53.6223
10/13/2017,$55.0472,"3,656",$53.9973,$55.6472,$53.3538
10/12/2017,$53.3973,"3,240",$53.5473,$55.1972,$53.3973
10/11/2017,$53.6973,"1,320",$54.5073,$54.5973,$53.6973
10/10/2017,$53.8473,"1,212",$54.8703,$54.9228,$53.8473
10/09/2017,$54.5973,"1,974",$53.9973,$55.1072,$53.3973
10/06/2017,$54.4473,"5,197",$52.4974,$54.6588,$52.4974
10/05/2017,$52.9474,"5,993",$53.2473,$55.6472,$51.7474
10/04/2017,$53.8473,"11,850",$55.4972,$57.1471,$52.4974
10/03/2017,$55.6472,"7,101",$55.1972,$57.1501,$54.7473
10/02/2017,$54.7473,"4,823",$54.8973,$56.9971,$54.7473
09/29/2017,$53.6973,"3,943",$54.8673,$55.3472,$53.6973
09/28/2017,$54.7473,460,$55.3472,$55.9472,$54.5973
09/27/2017,$55.9472,"2,851",$56.2472,$58.0471,$55.9472
09/26/2017,$55.1972,"2,911",$55.1972,$58.0696,$54.5073
09/25/2017,$55.4972,"3,121",$56.9971,$57.7471,$55.1972
09/22/2017,$56.9971,"3,094",$56.6972,$58.7971,$55.9472
09/21/2017,$56.8472,"3,540",$57.2971,$57.6181,$55.6472
09/20/2017,$58.0471,"1,503",$57.8971,$58.1656,$56.9971
09/19/2017,$58.0471,"1,541",$58.1971,$59.097,$57.1471
09/18/2017,$57.8971,"2,978",$58.3471,$59.0415,$57.2971
09/15/2017,$56.9971,"4,775",$57.4471,$59.997,$55.4972
09/14/2017,$58.4971,"2,605",$59.847,$59.862,$58.4971
09/13/2017,$59.847,"3,982",$58.4971,$61.3469,$57.5971
09/12/2017,$57.2971,"5,430",$56.8262,$58.4971,$54.4473
09/11/2017,$58.4266,"2,602",$59.247,$61.1969,$57.7471
09/08/2017,$59.8365,"1,599",$59.547,$61.0619,$59.397
09/07/2017,$59.847,"2,050",$60.747,$61.5344,$59.247
09/06/2017,$60.297,"2,181",$59.847,$61.7969,$59.802
09/05/2017,$58.7971,"5,847",$61.7969,$62.4809,$57.5971
09/01/2017,$59.547,"1,552",$60.765,$61.5944,$59.547
08/31/2017,$60.147,"2,306",$61.0469,$63.2968,$59.997
08/30/2017,$60.147,"2,404",$62.0969,$62.5229,$58.9471
08/29/2017,$62.3969,"1,113",$63.1168,$64.3468,$62.0969
08/28/2017,$63.2968,"2,463",$63.7468,$64.0468,$62.9969
08/25/2017,$63.5968,"1,337",$61.6469,$63.5968,$61.6469
08/24/2017,$61.7969,889,$61.7969,$63.4468,$61.7969
08/23/2017,$63.2968,"1,200",$62.9969,$64.4218,$61.7969
08/22/2017,$63.7468,"1,629",$64.4968,$64.7968,$62.9969
08/21/2017,$64.1968,429,$63.8968,$64.4968,$63.5803
08/18/2017,$64.1968,"1,554",$63.8968,$64.7968,$63.1948
08/17/2017,$64.4968,"1,781",$63.8968,$64.4968,$63.1468
08/16/2017,$63.8968,330,$64.4968,$64.4968,$63.8968
08/15/2017,$64.1968,428,$64.4968,$64.4968,$63.1468
08/14/2017,$65.0967,"2,784",$58.4971,$65.2467,$58.4971
08/11/2017,$59.997,613,$59.997,$60.747,$57.8971
08/10/2017,$58.4956,"2,951",$56.9971,$60.747,$56.9971
08/09/2017,$57.1471,"1,522",$58.9471,$60.747,$57.1471
08/08/2017,$58.0471,"3,794",$58.9471,$60.747,$57.7471
08/07/2017,$58.9471,"3,178",$59.397,$59.997,$58.9471
08/04/2017,$59.997,"4,257",$60.597,$62.9969,$59.247
08/03/2017,$60.297,784,$61.5719,$61.9469,$59.322
08/02/2017,$61.3469,"2,298",$60.447,$61.4969,$59.847
08/01/2017,$60.597,"1,784",$61.0469,$61.8359,$59.997
07/31/2017,$61.4969,602,$61.3904,$61.4969,$60.4215
07/28/2017,$61.4969,"4,960",$62.0969,$63.2968,$58.9471
07/27/2017,$62.6969,"3,480",$61.6469,$63.1468,$60.747
07/26/2017,$63.4468,574,$60.747,$63.7468,$60.192
07/25/2017,$60.297,"1,004",$62.9969,$62.9969,$60.297
07/24/2017,$63.1468,"1,083",$61.3469,$64.1968,$59.547
07/21/2017,$61.1969,651,$60.897,$63.4468,$60.897
07/20/2017,$60.897,991,$61.3469,$61.9589,$60.747
07/19/2017,$60.597,"3,079",$61.7969,$66.6567,$60.597
07/18/2017,$62.9969,"1,425",$59.997,$62.9969,$59.997
07/17/2017,$59.997,"1,729",$61.7969,$61.7969,$59.997
07/14/2017,$61.4969,367,$61.0469,$63.5968,$59.997
07/13/2017,$60.297,243,$61.9469,$62.7719,$60.297
07/12/2017,$61.7969,"2,970",$59.697,$63.2968,$59.697
07/11/2017,$59.547,"4,557",$62.8469,$64.0468,$58.9471
07/10/2017,$62.3969,"1,309",$63.8968,$64.4968,$61.6619
07/07/2017,$64.7968,"1,506",$65.2467,$70.0465,$64.0468
07/06/2017,$64.7968,"2,402",$67.9466,$68.3366,$63.7468
07/05/2017,$68.6966,"1,200",$69.7465,$70.4965,$68.0966
07/03/2017,$70.6465,"3,306",$69.4465,$70.6465,$67.1966
06/30/2017,$69.7465,"5,602",$68.8466,$71.0964,$65.9967
06/29/2017,$68.2466,"1,088",$67.1966,$68.6966,$65.5467
06/28/2017,$67.6466,617,$68.5466,$69.4465,$66.8967
06/27/2017,$67.4966,"1,911",$72.7464,$72.7464,$67.4966
06/26/2017,$72.4464,"5,924",$67.0466,$72.7464,$65.8467
06/23/2017,$67.4966,"3,025",$63.6718,$67.4966,$61.7969
06/22/2017,$64.1968,976,$62.9969,$65.3967,$62.0549
06/21/2017,$62.6969,"2,732",$66.5967,$66.7467,$61.7969
06/20/2017,$65.9967,647,$65.5467,$68.0966,$65.5467
06/19/2017,$65.3967,"3,159",$67.4966,$69.3715,$65.2467
06/16/2017,$67.6466,"3,344",$69.7465,$71.0964,$67.6466
06/15/2017,$70.3465,"3,329",$68.8316,$70.3465,$66.5967
06/14/2017,$70.7965,546,$70.6465,$71.2464,$69.2785
06/13/2017,$70.9465,493,$70.768,$74.6093,$70.648
06/12/2017,$70.6465,811,$71.5464,$73.3463,$68.0306
06/09/2017,$72.1464,585,$70.4965,$73.2338,$70.4965
06/08/2017,$70.9465,"1,284",$66.8967,$71.0964,$66.1467
06/07/2017,$68.0966,262,$69.4465,$69.7465,$68.0966
06/06/2017,$68.8466,623,$67.1966,$70.1965,$67.1966
06/05/2017,$68.2466,449,$70.4965,$70.9465,$67.2776
06/02/2017,$71.3964,"2,460",$68.0966,$71.3964,$66.8967
06/01/2017,$67.9466,665,$69.7165,$71.0964,$67.9466
05/31/2017,$69.8965,"1,312",$68.2346,$71.0964,$68.2346
05/30/2017,$68.6966,"2,230",$66.7467,$68.8466,$65.9967
05/26/2017,$67.3466,"1,492",$69.2965,$69.8965,$67.3466
05/25/2017,$69.8965,"1,109",$69.5965,$70.4965,$67.4966
05/24/2017,$70.4965,868,$70.7965,$71.2464,$68.4011
05/23/2017,$70.3465,"2,325",$70.3465,$71.6964,$66.8967
05/22/2017,$71.0964,"3,366",$72.7464,$72.7464,$68.5451
05/19/2017,$73.6463,"3,050",$78.5961,$78.5961,$72.2964
05/18/2017,$76.9462,"2,483",$76.4962,$79.796,$75.7477
05/17/2017,$76.1962,"2,538",$80.846,$80.996,$74.8463
05/16/2017,$80.546,"4,601",$83.0958,$83.0958,$75.6337
05/15/2017,$79.946,"5,611",$74.6963,$80.246,$74.6963
05/12/2017,$74.6963,429,$72.7464,$74.6963,$72.6414
05/11/2017,$73.3463,509,$72.1464,$73.4963,$71.9964
05/10/2017,$73.4963,"1,846",$75.7462,$75.7462,$71.3964
05/09/2017,$75.5962,"2,816",$79.796,$79.796,$74.9963
05/08/2017,$80.396,"6,008",$77.2461,$80.396,$76.9402
05/05/2017,$77.0961,"1,720",$75.5962,$77.2461,$73.5683
05/04/2017,$74.3963,"2,837",$73.8638,$74.3963,$73.1168
05/03/2017,$73.9463,604,$74.2463,$74.2463,$72.4464
05/02/2017,$72.9564,731,$72.4464,$73.9463,$72.4464
05/01/2017,$72.9174,510,$72.4464,$73.9463,$70.5115
04/28/2017,$72.7464,"2,115",$74.2463,$74.2463,$72.7464
04/27/2017,$74.2463,"3,211",$73.0463,$74.8463,$71.6964
04/26/2017,$73.0463,"1,675",$71.2449,$73.7963,$71.0589
04/25/2017,$71.0964,"1,312",$71.8464,$71.8464,$68.3966
04/24/2017,$70.4965,"2,285",$67.9466,$71.5794,$67.9466
04/21/2017,$67.9466,"3,345",$69.2965,$70.3465,$66.2967
04/20/2017,$69.2965,592,$68.8946,$70.045,$67.4966
04/19/2017,$69.5965,"1,566",$68.5916,$70.4965,$66.2967
04/18/2017,$68.2466,980,$67.4966,$68.8466,$67.4966
04/17/2017,$67.7966,"1,687",$63.4468,$70.678,$63.2968
04/13/2017,$64.0468,"2,039",$64.4968,$65.4012,$62.0969
04/12/2017,$64.4968,471,$65.2467,$67.1876,$64.4968
04/11/2017,$65.6967,"7,847",$68.0966,$70.1965,$61.4969
04/10/2017,$68.9965,"2,108",$69.2965,$71.5464,$67.7966
04/07/2017,$70.3465,"2,245",$68.8466,$71.6964,$67.6481
04/06/2017,$68.5466,982,$68.9965,$69.8965,$67.4966
04/05/2017,$69.5965,"1,233",$70.6465,$70.6465,$68.3966
04/04/2017,$69.1465,"2,820",$70.0465,$71.1609,$67.4966
04/03/2017,$71.3964,"3,778",$75.5962,$76.4962,$70.7965
03/31/2017,$75.4462,"4,837",$72.5964,$76.3462,$71.0214
03/30/2017,$73.0463,"3,737",$75.2962,$77.9961,$72.1224
03/29/2017,$76.3462,"5,827",$73.1963,$77.8461,$71.5464
03/28/2017,$70.7965,"2,963",$69.2965,$72.1464,$68.3966
03/27/2017,$68.9965,"4,264",$64.4968,$70.6465,$63.4468
03/24/2017,$65.9967,"6,186",$66.7467,$66.7467,$64.1968
03/23/2017,$67.0466,"9,491",$73.0463,$73.1963,$65.3967
03/22/2017,$73.0463,"5,171",$78.2961,$78.2961,$71.9964
03/21/2017,$77.3961,"10,729",$77.9961,$80.423,$71.2464
03/20/2017,$76.6462,"26,181",$82.4959,$85.9457,$71.8464
03/17/2017,$85.9457,"201,353",$115.4942,$116.8442,$84.1458
03/16/2017,$76.4962,"6,259",$74.8463,$78.5961,$74.8463
03/15/2017,$74.9963,844,$74.8463,$77.0961,$74.8463
03/14/2017,$75.2962,"2,532",$74.6963,$76.6462,$74.3183
03/13/2017,$76.3687,"1,160",$74.9963,$76.9462,$73.1963
03/10/2017,$75.7462,"3,480",$77.0661,$79.331,$74.3363
03/09/2017,$77.0961,"1,803",$78.6261,$79.646,$76.6462
03/08/2017,$77.5461,827,$76.9462,$78.1731,$76.7962
03/07/2017,$76.9462,"2,433",$76.4962,$78.1461,$75.2962
03/06/2017,$76.1962,"2,077",$75.8962,$77.2461,$73.7963
03/03/2017,$77.3961,"2,232",$75.5962,$80.171,$75.4462
03/02/2017,$75.4462,"1,454",$74.5463,$75.8962,$69.8965
03/01/2017,$75.1462,839,$75.1462,$75.7462,$74.0963
02/28/2017,$75.1462,"2,185",$72.5964,$76.4197,$72.2979
02/27/2017,$73.7963,"6,426",$77.2461,$77.2461,$68.9965
02/24/2017,$75.7462,"6,888",$78.7461,$81.5974,$73.0463
02/23/2017,$78.7461,"56,305",$75.8062,$89.0955,$74.6213
02/22/2017,$76.4962,"3,021",$77.6961,$78.3711,$72.2979
02/21/2017,$76.4962,"2,789",$77.2461,$78.2961,$76.1062
02/17/2017,$78.4461,"1,325",$77.0961,$79.346,$75.8962
02/16/2017,$77.0961,"3,625",$81.1459,$82.4959,$76.6462
02/15/2017,$82.1209,"13,124",$81.2659,$85.1957,$80.246
02/14/2017,$82.4959,"5,575",$82.8559,$85.3457,$80.621
02/13/2017,$84.2958,"1,561",$84.4458,$84.4458,$82.5709
02/10/2017,$82.7959,"4,223",$86.3957,$88.3441,$75.1462
02/09/2017,$85.7957,"6,154",$72.2964,$85.7957,$72.1479
02/08/2017,$71.6964,"1,234",$72.4464,$73.7963,$70.1965
02/07/2017,$71.3964,"3,183",$72.2964,$72.8964,$67.9466
02/06/2017,$71.2464,"1,411",$67.3466,$74.2463,$67.3466
02/03/2017,$68.3981,"1,947",$69.7465,$73.3463,$68.2616
02/02/2017,$68.2466,"4,282",$66.7467,$72.6189,$64.7968
02/01/2017,$65.9967,"2,460",$67.3466,$67.3466,$64.6468
01/31/2017,$67.3466,"1,211",$61.6469,$67.3466,$61.4984
01/30/2017,$62.8469,"2,696",$67.3466,$67.3466,$61.4969
01/27/2017,$67.4951,"8,823",$59.697,$67.4951,$59.697
01/26/2017,$59.322,"1,797",$57.2971,$59.847,$57.1471
01/25/2017,$58.0471,"1,593",$55.4972,$58.4956,$53.3013
01/24/2017,$55.0472,349,$53.4573,$55.1972,$53.3973
01/23/2017,$54.2973,"1,265",$53.2473,$55.9472,$53.2473
01/20/2017,$54.2973,"1,025",$52.0474,$54.4473,$51.7474
01/19/2017,$53.8473,"1,067",$58.4881,$58.4881,$52.6474
01/18/2017,$54.8973,"3,572",$56.2472,$56.2472,$52.3474
01/17/2017,$56.3972,"1,752",$58.7971,$59.775,$55.4972
01/13/2017,$58.3081,"1,012",$58.3471,$58.4971,$56.9971
01/12/2017,$57.4471,"1,715",$58.3471,$58.4971,$56.9971
01/11/2017,$58.1971,"1,510",$57.1471,$59.547,$57.1471
01/10/2017,$58.0471,"3,611",$54.2973,$59.697,$51.9274
01/09/2017,$53.0973,"1,879",$50.6975,$53.2473,$48.4476
01/06/2017,$49.1975,"4,440",$49.3475,$51.7474,$45.4477
01/05/2017,$49.9475,"1,576",$49.3475,$52.1959,$48.4476
01/04/2017,$48.8976,"2,985",$46.7977,$50.3975,$46.7977
01/03/2017,$46.2097,"2,774",$42.7479,$46.7977,$42.7479
12/30/2016,$42.4479,"6,369",$41.2479,$44.5478,$39.748
12/29/2016,$41.5479,"3,365",$42.2979,$43.9478,$41.3679
12/28/2016,$42.8979,"4,705",$43.7978,$44.9977,$42.8979
12/27/2016,$44.3978,"3,574",$43.4978,$44.9977,$42.3564
12/23/2016,$43.9478,"4,642",$47.2476,$47.2476,$43.7978
12/22/2016,$47.0976,"3,885",$46.3477,$47.2476,$46.1977
12/21/2016,$46.0477,"6,705",$47.9976,$49.4975,$42.7479
12/20/2016,$48.8976,975,$48.5976,$52.3474,$48.3621
12/19/2016,$49.4975,"1,710",$49.6475,$51.1084,$48.8976
12/16/2016,$49.9475,"1,903",$52.4974,$53.8473,$49.9475
12/15/2016,$52.0474,950,$52.0474,$52.4974,$49.6475
12/14/2016,$50.0975,"2,658",$50.0975,$51.8974,$47.6976
12/13/2016,$49.7975,"3,572",$52.4974,$52.4974,$49.1975
12/12/2016,$52.6474,"1,203",$55.0472,$56.0972,$52.6474
12/09/2016,$55.9307,"6,240",$56.6972,$56.9971,$53.9973
12/08/2016,$56.6972,554,$55.6472,$56.9971,$55.6472
12/07/2016,$56.3972,"3,054",$55.3472,$57.2971,$54.3123
12/06/2016,$56.2472,621,$53.9973,$57.5971,$53.9973
12/05/2016,$54.1473,"1,527",$53.9973,$57.5971,$53.9973
12/02/2016,$53.3973,774,$55.1972,$56.5472,$53.3973
12/01/2016,$56.0972,287,$57.8971,$57.8971,$54.8748
11/30/2016,$56.0972,"1,743",$57.7471,$58.4971,$54.7473
11/29/2016,$58.1971,779,$59.247,$59.6445,$57.8971
11/28/2016,$59.619,816,$60.897,$61.4969,$59.247
11/25/2016,$60.747,455,$62.6204,$62.6204,$59.997
11/23/2016,$61.0469,614,$61.4969,$62.5469,$60.147
11/22/2016,$62.6969,"1,322",$56.9971,$62.6969,$56.9971
11/21/2016,$62.5469,237,$62.8469,$62.9969,$61.6049
11/18/2016,$62.2469,551,$63.5968,$64.1578,$60.897
11/17/2016,$63.1468,"1,285",$61.3469,$63.4468,$60.2535
11/16/2016,$60.597,"1,582",$61.4969,$65.2467,$59.766
11/15/2016,$62.9969,"7,521",$59.547,$68.9951,$55.6472
11/14/2016,$56.6972,"3,239",$51.2974,$59.547,$50.3975
11/11/2016,$50.5475,"1,307",$50.3975,$52.9804,$50.2475
11/10/2016,$52.6474,"5,652",$55.7972,$57.2971,$51.9904
11/09/2016,$55.4972,"7,577",$50.9975,$58.7971,$50.6975
11/08/2016,$56.3972,"5,210",$56.2472,$59.547,$51.5974
11/07/2016,$51.5974,"1,687",$52.9474,$53.3973,$50.5475
11/04/2016,$51.5974,671,$50.3975,$52.6474,$50.3975
11/03/2016,$49.7975,"2,260",$51.8254,$51.8254,$48.9621
11/02/2016,$52.4974,"4,097",$56.5472,$56.9971,$52.4974
11/01/2016,$58.0471,"1,412",$59.367,$60.447,$57.7471
10/31/2016,$61.6469,"3,204",$62.3969,$64.4968,$59.397
10/28/2016,$62.2469,865,$65.5302,$65.5302,$61.7969
10/27/2016,$61.7984,"1,206",$61.7969,$63.5968,$61.7969
10/26/2016,$61.6469,819,$61.4969,$62.0969,$61.4969
10/25/2016,$61.7969,531,$63.8968,$63.8968,$61.7969
10/24/2016,$63.5968,791,$63.7468,$64.6468,$62.5484
10/21/2016,$63.7468,"1,214",$63.5968,$64.0468,$61.9469
10/20/2016,$63.2968,"1,224",$63.5968,$63.9823,$62.5469
10/19/2016,$64.1968,633,$62.8469,$65.5467,$62.0399
10/18/2016,$63.4468,"1,333",$63.2968,$64.0468,$61.6469
10/17/2016,$61.6469,"2,300",$64.4968,$64.9018,$59.997
10/14/2016,$64.6468,"1,126",$64.4968,$65.8467,$64.1968
10/13/2016,$64.4968,"2,796",$64.7968,$64.9468,$64.4968
10/12/2016,$66.2967,"9,663",$70.9465,$71.5464,$65.0967
10/11/2016,$68.6966,"3,480",$71.6964,$71.6964,$68.5466
10/10/2016,$69.8965,759,$70.7965,$71.3964,$67.7966
10/07/2016,$69.8965,"1,580",$69.1465,$71.2464,$67.1966
10/06/2016,$68.3966,"2,969",$67.3466,$69.7465,$65.6967
10/05/2016,$67.4966,"1,896",$65.2467,$67.4966,$65.2467
10/04/2016,$66.5967,"3,156",$68.0966,$68.9965,$65.6967
10/03/2016,$68.8466,"5,235",$70.5565,$74.9963,$68.0966
09/30/2016,$69.5965,963,$71.3964,$72.7464,$69.5965
09/29/2016,$71.5464,359,$72.8964,$74.3963,$71.3979
09/28/2016,$72.4464,"2,935",$69.5965,$74.9963,$69.5965
09/27/2016,$70.0465,"1,406",$70.7965,$72.1464,$69.5965
09/26/2016,$69.5965,"1,771",$72.7464,$73.1963,$69.2965
09/23/2016,$73.1963,595,$69.7465,$73.1963,$69.7465
09/22/2016,$69.4465,863,$71.5464,$71.8299,$69.4465
09/21/2016,$71.2464,"2,962",$71.3964,$73.6448,$69.1465
09/20/2016,$70.3465,"3,111",$72.2964,$72.2964,$69.2965
09/19/2016,$72.2964,"4,111",$72.2964,$72.2964,$71.2464
09/16/2016,$75.2962,"3,477",$76.0462,$76.0462,$71.3964
09/15/2016,$75.1462,"9,169",$68.9965,$77.0961,$68.3726
09/14/2016,$65.0967,"5,978",$70.4965,$70.867,$63.3568
09/13/2016,$70.7965,918,$70.7965,$71.3964,$70.4965
09/12/2016,$71.9964,"2,356",$71.6964,$71.9964,$71.0964
09/09/2016,$71.8464,686,$72.1464,$73.0463,$71.5464
09/08/2016,$73.0463,"1,757",$71.5464,$73.7963,$71.3964
09/07/2016,$71.9964,730,$72.8964,$73.1963,$71.9964
09/06/2016,$73.6463,"1,930",$71.5464,$74.8463,$71.5464
09/02/2016,$73.7963,431,$73.3463,$74.0963,$72.2664
09/01/2016,$72.4464,365,$72.1464,$74.6963,$71.9964
08/31/2016,$72.5964,"1,865",$74.2463,$75.7462,$72.1464
08/30/2016,$74.5463,"2,019",$74.5463,$77.2461,$74.3978
08/29/2016,$75.7462,"1,281",$75.2962,$75.7462,$74.3963
08/26/2016,$74.3963,925,$74.8463,$75.4702,$73.3463
08/25/2016,$74.2463,"2,178",$76.4962,$77.8461,$73.0463
08/24/2016,$77.2461,"1,407",$80.996,$82.9459,$76.6462
08/23/2016,$80.546,"2,338",$80.996,$82.6459,$80.126
08/22/2016,$81.2959,"1,586",$81.8959,$81.8959,$79.496
08/19/2016,$81.7459,834,$82.3309,$83.6958,$80.846
08/18/2016,$82.0459,"1,901",$80.996,$87.0856,$80.996
08/17/2016,$82.6459,"3,046",$88.1956,$90.4455,$80.846
08/16/2016,$88.1956,"1,410",$88.4956,$90.1455,$87.7456
08/15/2016,$90.1455,"3,733",$91.7954,$95.2152,$89.2455
08/12/2016,$92.2454,"1,096",$92.2454,$94.3453,$91.7954
08/11/2016,$93.1453,"1,715",$93.7453,$95.0952,$92.0954
08/10/2016,$94.3453,"2,705",$92.9954,$95.8452,$91.7999
08/09/2016,$92.0954,"4,162",$92.2454,$95.5452,$91.1969
08/08/2016,$93.2953,"2,125",$93.5953,$94.3453,$88.1956
08/05/2016,$93.7453,"3,319",$96.3327,$96.3327,$93.7453
08/04/2016,$94.6453,"6,292",$92.6954,$97.4951,$92.3954
08/03/2016,$92.0954,"3,299",$88.4956,$92.0954,$87.2986
08/02/2016,$87.7456,"2,541",$89.9955,$89.9955,$86.0957
08/01/2016,$85.4957,"5,774",$82.1959,$92.2454,$82.1959
07/29/2016,$83.0958,"4,699",$83.6958,$83.9958,$79.046
07/28/2016,$81.8884,"11,082",$83.9958,$89.9955,$66.1947
07/27/2016,$78.0111,"1,683",$86.9956,$88.4956,$77.9961
07/26/2016,$86.9956,"1,168",$86.9956,$88.4956,$82.4959
07/25/2016,$80.996,"1,564",$85.4957,$85.4957,$75.7462
07/22/2016,$82.1809,392,$82.4959,$85.1207,$78.2211
07/21/2016,$82.8409,354,$83.9658,$85.4357,$80.096
07/20/2016,$81.1609,483,$82.4959,$85.4957,$79.331
07/19/2016,$82.4959,877,$83.5458,$85.4957,$82.4959
07/18/2016,$86.9956,424,$87.7456,$95.9952,$82.9459
07/15/2016,$87.7456,510,$87.7456,$89.2455,$87.7456
07/14/2016,$87.0106,823,$86.2457,$88.4956,$86.2457
07/13/2016,$86.2457,202,$82.9459,$86.2457,$82.4959
07/12/2016,$85.1357,316,$85.4957,$91.3454,$84.0558
07/11/2016,$86.9956,649,$83.9958,$89.9955,$78.7461
07/08/2016,$85.4957,781,$82.4959,$92.9954,$81.2959
07/07/2016,$81.0109,718,$85.4957,$88.4956,$79.496
07/06/2016,$84.2958,"1,186",$94.4953,$94.8703,$83.2458
07/05/2016,$94.1953,"1,059",$97.4201,$97.4801,$92.3204
07/01/2016,$94.4953,"1,612",$91.4954,$97.4951,$86.9956
06/30/2016,$88.4956,"5,178",$79.496,$97.4951,$79.451
06/29/2016,$76.4962,418,$75.7462,$79.496,$75.7462
06/28/2016,$75.2962,714,$79.496,$79.496,$75.2962
06/27/2016,$74.9963,782,$80.996,$88.3456,$73.7963
06/24/2016,$81.7459,"4,067",$73.4963,$94.3453,$67.4966
06/23/2016,$79.496,"1,009",$80.996,$83.9958,$77.6361
06/22/2016,$77.3961,"1,211",$74.9963,$78.7461,$67.5266
06/21/2016,$73.4963,773,$74.9963,$80.996,$72.2364
06/20/2016,$73.0163,503,$77.2911,$81.5059,$67.4966
06/17/2016,$75.0862,775,$74.9963,$82.4959,$74.9963
06/16/2016,$75.2962,924,$78.7461,$82.4959,$74.9963
06/15/2016,$77.1411,765,$79.496,$82.7959,$77.1411
06/14/2016,$79.496,373,$82.7959,$82.7959,$79.496
06/13/2016,$79.496,205,$79.496,$83.9958,$79.496
06/10/2016,$79.496,650,$79.646,$83.9958,$79.496
06/09/2016,$79.646,752,$80.996,$82.4959,$79.646
06/08/2016,$81.7459,643,$81.7759,$83.9958,$80.276
06/07/2016,$80.996,728,$82.9459,$84.0108,$79.586
06/06/2016,$81.2509,570,$81.2959,$82.4959,$81.0259
06/03/2016,$80.996,987,$79.496,$85.1957,$79.496
06/02/2016,$79.496,"3,216",$82.4959,$85.1957,$79.496
06/01/2016,$80.996,689,$80.996,$82.4959,$79.511
05/31/2016,$80.981,"1,511",$79.496,$80.996,$76.4962
05/27/2016,$80.996,679,$83.5458,$86.2457,$80.996
05/26/2016,$83.9958,573,$85.9457,$86.8457,$82.4959
05/25/2016,$85.4957,429,$85.4957,$88.4806,$81.7459
05/24/2016,$84.3558,441,$85.4957,$89.9955,$80.996
05/23/2016,$83.9958,938,$86.9956,$91.4804,$82.4959
05/20/2016,$85.5107,"1,312",$81.2959,$87.7456,$79.511
05/19/2016,$81.1459,595,$89.5455,$89.9505,$80.936
05/18/2016,$86.6207,805,$89.9955,$89.9955,$82.4959
05/17/2016,$89.5905,787,$89.9955,$89.9955,$85.4957
05/16/2016,$91.4954,"1,431",$91.4954,$97.4351,$86.5457
05/13/2016,$91.4954,"2,955",$98.8751,$99.745,$88.4806
05/12/2016,$91.5254,"4,825",$95.8452,$103.1798,$85.7957
05/11/2016,$92.9954,877,$97.4951,$97.4951,$91.6754
05/10/2016,$97.4201,"1,388",$101.9949,$106.4797,$92.2454
05/09/2016,$100.495,"1,325",$98.8451,$112.4944,$97.4951
05/06/2016,$105.7297,"1,487",$102.1449,$112.2544,$98.9951
05/05/2016,$110.9645,"1,230",$112.4944,$112.4944,$103.6148
05/04/2016,$112.4944,"2,549",$107.9946,$112.4944,$101.9949
05/03/2016,$107.9946,427,$104.9948,$107.9946,$102.2499
05/02/2016,$104.9948,"1,000",$106.4947,$109.4945,$104.9948
04/29/2016,$103.4948,716,$106.4947,$107.9946,$103.4948
04/28/2016,$104.9948,803,$104.9948,$106.4947,$101.9949
04/27/2016,$104.9948,559,$104.9948,$106.4797,$98.9951
04/26/2016,$103.4948,529,$104.9948,$107.9946,$98.9951
04/25/2016,$102.1449,471,$101.9949,$107.9946,$101.9949
04/22/2016,$102.2349,704,$109.4945,$109.4945,$102.0099
04/21/2016,$106.1347,"1,268",$104.9948,$110.9195,$103.5248
04/20/2016,$103.9598,493,$104.9948,$107.2296,$103.5098
04/19/2016,$106.4947,850,$109.4945,$109.4945,$103.4948
04/18/2016,$101.9949,"2,089",$106.4947,$116.9942,$101.9949
04/15/2016,$100.39,219,$103.4948,$104.9948,$97.6451
04/14/2016,$100.495,393,$101.9949,$107.2446,$100.495
04/13/2016,$104.2448,"1,244",$97.4951,$107.2446,$95.2452
04/12/2016,$99.565,"1,106",$101.9949,$102.3099,$97.4951
04/11/2016,$103.4948,532,$101.9949,$106.4947,$101.9949
04/08/2016,$104.9948,458,$103.4948,$109.4795,$103.4948
04/07/2016,$106.4947,817,$106.4947,$109.5245,$103.4948
04/06/2016,$106.2097,"1,281",$112.4944,$116.9942,$101.9949
04/05/2016,$113.9943,201,$107.9946,$113.9943,$107.9946
04/04/2016,$113.9793,334,$109.4945,$113.9943,$109.4945
04/01/2016,$110.5745,593,$112.4944,$115.4942,$109.5695
03/31/2016,$112.4944,510,$116.9942,$119.994,$110.9945
03/30/2016,$118.4941,572,$115.4942,$119.994,$109.5095
03/29/2016,$113.0343,704,$110.9945,$116.4242,$110.9945
03/28/2016,$112.4944,567,$116.9942,$117.8941,$112.4944
03/24/2016,$118.4941,"1,088",$118.4941,$119.994,$109.5095
03/23/2016,$119.994,"1,079",$121.7939,$130.1935,$119.469
03/22/2016,$127.4936,"1,158",$127.4936,$128.9936,$121.4939
03/21/2016,$127.1936,803,$122.9938,$127.4936,$121.4939
03/18/2016,$121.4939,745,$125.9937,$125.9937,$119.994
03/17/2016,$124.4938,"1,350",$127.4936,$132.9384,$119.994
03/16/2016,$121.5089,"3,947",$149.9925,$149.9925,$109.4945
03/15/2016,$128.9936,"4,982",$142.4929,$146.9927,$119.994
03/14/2016,$142.5229,"19,823",$155.9922,$199.49,$136.4932
03/11/2016,$124.5088,"3,122",$106.4947,$127.5086,$103.5398
03/10/2016,$101.9949,"2,373",$95.9952,$106.5097,$95.1102
03/09/2016,$91.5104,396,$86.9956,$94.4953,$86.9956
03/08/2016,$89.9955,882,$90.2955,$94.4953,$88.7956
03/07/2016,$88.4956,693,$86.9956,$91.4804,$85.5257
03/04/2016,$86.9956,515,$91.4954,$92.9954,$85.4957
03/03/2016,$87.8356,528,$86.2457,$91.4954,$86.2457
03/02/2016,$88.4956,652,$88.1956,$89.2455,$84.1458
03/01/2016,$85.4957,574,$85.4957,$89.2455,$84.3258
02/29/2016,$86.8457,718,$83.7108,$89.9205,$82.2859
02/26/2016,$88.4956,951,$88.4956,$89.9955,$80.996
02/25/2016,$88.4656,332,$89.9955,$89.9955,$85.7057
02/24/2016,$87.0106,297,$89.9955,$89.9955,$85.7057
02/23/2016,$90.1455,401,$92.9954,$92.9954,$85.7057
02/22/2016,$92.2454,415,$91.3454,$94.8703,$90.1455
02/19/2016,$91.5704,672,$92.9954,$95.9952,$91.2854
02/18/2016,$92.9954,"1,948",$85.4957,$93.8053,$85.4957
02/17/2016,$84.0108,893,$77.9961,$86.9956,$77.9961
02/16/2016,$78.0261,677,$74.9963,$79.496,$74.9963
02/12/2016,$74.9963,300,$74.9963,$76.5262,$70.8415
02/11/2016,$71.9964,565,$74.9963,$74.9963,$67.4966
02/10/2016,$73.4963,"1,160",$74.9963,$82.4959,$73.4963
02/09/2016,$75.7462,631,$79.196,$83.9958,$73.4963
02/08/2016,$76.4962,751,$82.4959,$82.4959,$74.9963
02/05/2016,$82.4959,"1,209",$79.496,$83.2458,$77.9961
02/04/2016,$79.346,289,$77.9961,$81.8659,$77.9961
02/03/2016,$78.0261,244,$77.9961,$83.9958,$77.9961
02/02/2016,$79.736,333,$79.496,$82.4959,$74.9963
02/01/2016,$79.526,"1,020",$82.4959,$88.4956,$74.2463
01/29/2016,$82.5109,"2,318",$85.4957,$89.8155,$73.4963
01/28/2016,$84.0258,648,$91.4954,$91.4954,$82.4959
01/27/2016,$84.2958,"1,690",$89.9955,$92.9954,$82.4959
01/26/2016,$91.7354,844,$89.9955,$95.2602,$87.2956
01/25/2016,$93.8803,737,$95.9952,$99.145,$93.8803
01/22/2016,$94.8703,"1,202",$95.9952,$97.4951,$86.9956
01/21/2016,$92.9954,836,$86.9956,$97.1201,$86.9956
01/20/2016,$86.3057,"1,624",$90.1755,$95.2452,$82.4959
01/19/2016,$95.9952,998,$97.4951,$104.2448,$87.0106
01/15/2016,$97.4951,"1,588",$95.9952,$98.9801,$89.9955
01/14/2016,$97.4951,"2,305",$82.4959,$97.4951,$79.511
01/13/2016,$82.4959,"1,322",$79.496,$83.9958,$76.5262
01/12/2016,$79.376,"1,922",$79.496,$86.4707,$76.3162
01/11/2016,$79.496,"3,146",$80.996,$86.9956,$71.9964
01/08/2016,$77.9961,"14,623",$80.696,$90.7305,$60.147
01/07/2016,$104.9948,"18,012",$142.4929,$142.4929,$101.9949
01/06/2016,$158.9921,"1,984",$155.9922,$163.4918,$155.9922
01/05/2016,$160.492,549,$161.9919,$163.4918,$158.9921
01/04/2016,$161.9919,864,$157.4921,$161.9919,$155.9922
12/31/2015,$161.9919,"2,880",$163.4918,$164.9918,$157.4921
12/30/2015,$166.4917,"1,740",$160.492,$166.4917,$160.492
12/29/2015,$164.9918,"1,327",$164.9918,$172.4914,$158.9921
12/28/2015,$164.9918,"1,868",$173.9913,$175.4912,$164.9918
12/24/2015,$173.9913,"1,214",$169.4915,$175.4912,$169.4915
12/23/2015,$169.4915,"2,132",$167.9916,$170.9914,$167.9916
12/22/2015,$167.9916,"1,761",$170.9914,$175.4912,$165.0067
12/21/2015,$169.4915,"2,472",$161.9919,$170.9914,$157.4921
12/18/2015,$160.492,"3,518",$155.9922,$166.4917,$152.9924
12/17/2015,$158.9921,"2,362",$151.4924,$164.9918,$151.4924
12/16/2015,$158.9921,"2,588",$155.9922,$167.9916,$155.6922
12/15/2015,$155.9922,"2,165",$154.4923,$163.4918,$152.9924
12/14/2015,$155.9922,"1,393",$157.4921,$163.4918,$154.4923
12/11/2015,$158.9921,"3,073",$172.4914,$172.4914,$155.9922
12/10/2015,$172.4914,"3,721",$169.4915,$175.4912,$156.7422
12/09/2015,$161.9919,"2,084",$167.9916,$167.9916,$160.492
12/08/2015,$167.9916,"1,593",$167.9916,$170.6915,$166.4917
12/07/2015,$167.9916,"3,809",$185.9907,$185.9907,$166.4917
12/04/2015,$175.4912,"2,593",$178.4911,$185.9907,$173.9913
12/03/2015,$176.9912,"3,099",$181.4909,$182.9908,$175.4912
12/02/2015,$181.4909,"1,727",$179.991,$188.9906,$178.4911
12/01/2015,$178.4911,"5,624",$187.4906,$202.4899,$175.4912
11/30/2015,$179.991,"2,047",$193.4903,$194.9903,$173.9913
11/27/2015,$188.9906,"1,651",$206.9896,$206.9896,$188.9906
11/25/2015,$179.991,"1,802",$173.9913,$184.4908,$173.9913
11/24/2015,$173.9913,"1,555",$173.9913,$181.4909,$171.7414
11/23/2015,$172.4914,"1,517",$179.991,$181.4909,$172.4914
11/20/2015,$179.991,"2,107",$176.9912,$185.9907,$173.9913
11/19/2015,$170.9914,"1,249",$173.9913,$176.9912,$170.8265
11/18/2015,$169.4915,"1,045",$176.9912,$177.0061,$169.4915
11/17/2015,$175.4912,717,$175.4912,$176.9912,$167.9916
11/16/2015,$173.9913,681,$169.4915,$175.4912,$169.4915
11/13/2015,$167.9916,"1,294",$172.4914,$176.9912,$167.9916
11/12/2015,$172.4914,"3,005",$184.4908,$185.9757,$170.9914
11/11/2015,$183.7408,"1,083",$190.4905,$190.4905,$178.4911
11/10/2015,$188.9906,"1,616",$197.9901,$197.9901,$181.4909
11/09/2015,$196.4902,"1,584",$209.9895,$209.9895,$191.9904
11/06/2015,$200.99,"5,043",$215.9892,$224.9888,$196.4902
11/05/2015,$196.4902,"2,322",$203.9898,$206.9896,$187.4906
11/04/2015,$205.4897,"1,206",$202.4899,$211.4894,$197.9901
11/03/2015,$202.7899,"1,223",$197.9901,$206.9896,$197.9901
11/02/2015,$199.49,"2,940",$172.4914,$203.9898,$172.4914
10/30/2015,$185.9907,"4,450",$175.4912,$190.4905,$164.9918
10/29/2015,$172.4914,"1,347",$167.9916,$178.4911,$167.9916
10/28/2015,$173.9913,"3,854",$175.4912,$182.9908,$160.492
10/27/2015,$178.4911,"1,077",$179.991,$187.4906,$173.2263
10/26/2015,$181.4909,"2,551",$178.4911,$188.9906,$170.9914
10/23/2015,$181.4909,"2,622",$193.4903,$193.4903,$175.4912
10/22/2015,$188.9906,"1,659",$190.4905,$197.9901,$188.9906
10/21/2015,$193.4903,578,$196.4902,$196.4902,$187.4906
10/20/2015,$196.4902,"1,600",$198.4401,$199.49,$187.4906
10/19/2015,$199.49,"1,194",$209.9895,$209.9895,$196.6402
10/16/2015,$205.4897,"1,675",$209.9895,$214.4893,$202.4899
10/15/2015,$211.4894,"1,045",$209.9895,$215.9892,$206.9896
10/14/2015,$206.9896,495,$215.9892,$217.4891,$203.9898
10/13/2015,$214.4893,760,$200.99,$217.4891,$200.99
10/12/2015,$209.9895,518,$212.9894,$212.9894,$199.49
10/09/2015,$206.9896,740,$205.4897,$209.9895,$202.4899
10/08/2015,$206.9896,"1,317",$214.4893,$214.4893,$202.4899
10/07/2015,$209.9895,"1,724",$209.9895,$214.4893,$197.9901
10/06/2015,$205.4897,"2,457",$214.4893,$221.9889,$194.9903
10/05/2015,$215.9892,"1,706",$226.4887,$233.9883,$212.9894
10/02/2015,$221.9889,"1,399",$224.9888,$229.4885,$221.9889
10/01/2015,$226.4887,554,$224.9888,$229.7885,$224.9888
09/30/2015,$223.4888,"1,562",$230.9885,$235.4882,$220.489
09/29/2015,$220.489,"1,632",$233.9883,$234.1383,$217.4891
09/28/2015,$235.4882,"1,460",$241.4879,$248.9876,$227.9886
09/25/2015,$244.4878,"1,241",$261.2869,$268.4866,$241.4879
09/24/2015,$262.4869,650,$254.9873,$268.4866,$248.9876
09/23/2015,$257.9871,975,$277.4861,$277.4861,$251.9874
09/22/2015,$278.9861,"1,795",$269.9865,$281.9859,$268.4866
09/21/2015,$281.9859,"3,179",$269.9865,$287.9856,$269.9865
09/18/2015,$268.4866,"2,070",$274.4863,$274.4863,$262.4869
09/17/2015,$274.4863,"1,334",$278.9861,$281.9859,$274.4863
09/16/2015,$278.9861,992,$280.486,$292.4854,$277.4861
09/15/2015,$280.486,953,$283.4858,$290.9855,$271.4864
09/14/2015,$281.9859,"1,187",$293.9853,$295.4852,$277.4861
09/11/2015,$295.4852,"1,319",$289.4855,$301.4849,$278.9861
09/10/2015,$293.9853,"3,181",$283.4858,$304.4848,$283.4858
09/09/2015,$283.4858,"4,399",$280.486,$304.4848,$280.486
09/08/2015,$275.9862,"1,778",$259.487,$278.9861,$254.9873
09/04/2015,$257.9871,996,$262.4869,$262.4869,$254.9873
09/03/2015,$260.237,"2,366",$244.4878,$263.0118,$241.4879
09/02/2015,$245.9877,"1,656",$259.487,$260.987,$239.988
09/01/2015,$254.9873,"3,186",$229.4885,$257.9871,$229.4885
08/31/2015,$230.9885,"1,089",$218.989,$235.4882,$214.4893
08/28/2015,$215.9892,"1,088",$205.4897,$221.9889,$199.49
08/27/2015,$203.9898,"1,423",$187.4906,$205.4897,$187.4906
08/26/2015,$191.2404,855,$191.9904,$196.4902,$185.9907
08/25/2015,$191.9904,"1,033",$197.9901,$202.4899,$188.9906
08/24/2015,$190.4905,"2,041",$187.4906,$194.9903,$172.4914
08/21/2015,$199.49,"2,060",$194.9903,$202.4899,$191.9904
08/20/2015,$202.4899,"1,300",$205.4897,$206.9896,$194.9903
08/19/2015,$208.4896,"1,218",$206.9896,$211.4894,$190.4905
08/18/2015,$209.9895,667,$206.9896,$215.9892,$206.9896
08/17/2015,$209.9895,"2,235",$209.9895,$226.4887,$203.9898
08/14/2015,$209.9895,"2,442",$229.4885,$239.988,$209.9895
08/13/2015,$224.9888,"4,341",$206.9896,$230.9885,$197.9901
08/12/2015,$209.9895,"2,489",$205.4897,$215.9892,$188.9906
08/11/2015,$205.4897,"4,399",$187.4906,$211.2494,$180.006
08/10/2015,$182.9908,"3,566",$175.4912,$196.4902,$167.9916
08/07/2015,$172.4914,"8,237",$224.9888,$226.4887,$164.9918
08/06/2015,$229.4885,"1,120",$238.4881,$238.4881,$227.9886
08/05/2015,$236.9882,977,$241.4879,$245.9877,$230.9885
08/04/2015,$238.4881,"1,130",$238.4881,$248.9426,$232.4884
08/03/2015,$236.9882,"6,183",$250.4875,$262.4869,$226.5037
07/31/2015,$247.4876,"2,045",$259.487,$262.4869,$244.4878
07/30/2015,$259.487,"1,155",$260.987,$266.9867,$259.487
07/29/2015,$260.987,772,$263.9868,$266.9867,$260.987
07/28/2015,$268.4866,"1,251",$259.487,$275.9862,$256.4872
07/27/2015,$260.987,"2,016",$272.9864,$284.9858,$257.9871
07/24/2015,$274.4863,914,$284.9858,$284.9858,$274.4863
07/23/2015,$274.4863,"1,966",$283.4858,$283.4858,$272.9864
07/22/2015,$278.9861,"1,136",$290.9855,$290.9855,$275.9862
07/21/2015,$287.9856,"1,036",$278.9861,$287.9856,$278.9861
07/20/2015,$277.4861,"1,328",$287.9856,$287.9856,$274.4863
07/17/2015,$284.9858,"1,149",$295.4852,$299.985,$277.4861
07/16/2015,$281.9859,767,$283.4858,$290.9855,$278.9861
07/15/2015,$284.9858,"1,392",$290.9855,$294.7353,$278.9861
07/14/2015,$286.4857,"1,795",$299.985,$299.985,$284.9858
07/13/2015,$293.9853,"6,043",$293.9853,$304.5148,$286.2907
07/10/2015,$283.4858,"1,534",$281.9859,$293.9853,$277.4861
07/09/2015,$277.4861,749,$278.9861,$283.4858,$275.9862
07/08/2015,$278.9861,"2,650",$287.9856,$287.9856,$271.4864
07/07/2015,$283.4858,"1,475",$292.4854,$298.4851,$277.4861
07/06/2015,$286.4857,"1,505",$274.4863,$289.4855,$274.4863
07/02/2015,$277.4861,"1,515",$284.9858,$289.4855,$277.4861
07/01/2015,$283.4858,"1,775",$284.9858,$298.4851,$281.9859
06/30/2015,$280.486,727,$280.486,$289.4855,$274.4863
06/29/2015,$281.9859,"2,085",$275.9862,$284.9858,$269.9865
06/26/2015,$280.486,"28,045",$298.4851,$298.4851,$272.9864
06/25/2015,$295.4852,"2,142",$298.4851,$305.9847,$293.2353
06/24/2015,$299.985,"2,695",$311.9844,$311.9844,$293.9853
06/23/2015,$311.9844,"5,527",$299.985,$317.9841,$284.9858
06/22/2015,$295.4852,"2,749",$298.4851,$304.4848,$290.9855
06/19/2015,$299.985,"8,326",$293.9853,$299.985,$272.9864
06/18/2015,$292.4854,"3,469",$292.4854,$304.4848,$287.9856
06/17/2015,$292.4854,"6,034",$307.4846,$313.4843,$289.4855
06/16/2015,$307.4846,"3,179",$313.4843,$322.4839,$304.4848
06/15/2015,$310.4845,"3,956",$322.4839,$322.4839,$304.4848
06/12/2015,$319.484,"2,072",$310.4845,$323.9838,$310.4845
06/11/2015,$311.9844,"4,417",$331.4834,$331.4834,$310.4845
06/10/2015,$329.9835,"2,631",$323.9838,$335.9832,$323.9838
06/09/2015,$331.4834,"5,595",$349.4825,$352.4824,$319.484
06/08/2015,$349.4825,"1,992",$344.9828,$350.9675,$326.9837
06/05/2015,$337.4831,"7,451",$350.9824,$355.3322,$337.4831
06/04/2015,$350.9824,"5,378",$350.9824,$364.4668,$343.4828
06/03/2015,$350.9824,"9,876",$347.9826,$361.4819,$338.983
06/02/2015,$338.983,"7,925",$323.9838,$343.4828,$319.139
06/01/2015,$317.9841,"6,079",$322.4839,$327.7336,$313.4843
05/29/2015,$319.484,"10,076",$311.9844,$328.4836,$310.4845
05/28/2015,$308.9846,"49,144",$307.4846,$317.9841,$304.4848
05/27/2015,$394.4803,"5,822",$403.4798,$425.9787,$389.9805
05/26/2015,$398.9801,"6,513",$431.9784,$434.9633,$393.7303
05/22/2015,$431.9784,"23,372",$460.477,$472.4764,$398.9801
05/21/2015,$442.4779,"39,928",$340.483,$520.474,$338.983
05/20/2015,$344.9828,"1,521",$352.4824,$353.9823,$337.4981
05/19/2015,$352.4824,"2,261",$352.4824,$355.4822,$340.483
05/18/2015,$355.4822,"1,257",$358.4821,$358.4821,$346.4827
05/15/2015,$356.9821,"2,010",$344.9828,$364.4818,$344.9828
05/14/2015,$346.4827,"2,245",$347.9826,$352.4824,$338.983
05/13/2015,$347.9826,"1,532",$350.9824,$358.4821,$341.9829
05/12/2015,$347.9826,"1,769",$349.4825,$352.1824,$337.4831
05/11/2015,$353.9823,"2,111",$355.4822,$359.982,$346.4827
05/08/2015,$353.9823,"1,688",$356.9821,$370.4815,$341.9829
05/07/2015,$352.4824,"2,570",$352.4824,$364.4818,$343.4828
05/06/2015,$356.9821,"4,240",$359.982,$363.1318,$322.4839
05/05/2015,$368.9816,"6,678",$413.9793,$419.979,$350.9824
05/04/2015,$422.9789,"1,766",$416.9792,$434.9783,$416.9792
05/01/2015,$418.4791,"1,392",$427.4786,$440.978,$418.4791
04/30/2015,$431.9784,"2,406",$434.9783,$437.9781,$416.9792
04/29/2015,$430.4785,"1,572",$437.9781,$454.4773,$421.4789
04/28/2015,$440.978,"2,658",$434.9783,$462.7269,$434.9783
04/27/2015,$436.4782,"2,176",$445.4777,$459.127,$434.9783
04/24/2015,$436.4782,"2,356",$458.9771,$467.9766,$436.4782
04/23/2015,$457.4771,"3,499",$433.4783,$467.9766,$431.9784
04/22/2015,$431.9784,"2,655",$424.4788,$436.4782,$404.9798
04/21/2015,$422.9789,"2,074",$446.9777,$449.5275,$418.4791
04/20/2015,$451.4774,"3,566",$439.478,$460.027,$427.4786
04/17/2015,$424.4788,"1,421",$425.9787,$437.9781,$419.979
04/16/2015,$433.4783,"2,115",$431.9784,$442.4629,$430.4785
04/15/2015,$436.4782,"2,286",$434.9783,$446.9777,$434.2283
04/14/2015,$443.9778,"1,039",$449.9775,$449.9775,$436.4782
04/13/2015,$443.9778,"2,081",$442.4779,$449.9775,$436.4782
04/10/2015,$446.9777,"1,764",$440.978,$448.4776,$431.2284
04/09/2015,$437.9781,"2,847",$467.9766,$470.9765,$431.9784
04/08/2015,$464.9768,"2,762",$455.9772,$466.4767,$434.9783
04/07/2015,$461.9769,"4,763",$416.9792,$463.4768,$404.9798
04/06/2015,$409.4795,"2,067",$407.9796,$416.9792,$398.9801
04/02/2015,$406.4797,"4,394",$419.979,$440.978,$406.4797
04/01/2015,$392.9804,"5,388",$377.9811,$397.4801,$350.9824
03/31/2015,$380.981,"4,174",$389.9805,$391.4804,$379.481
03/30/2015,$395.9802,"4,472",$413.9793,$413.9793,$379.481
03/27/2015,$415.4792,"5,634",$443.9778,$446.9777,$400.48
03/26/2015,$440.978,"5,803",$458.9771,$472.4764,$437.9781
03/25/2015,$461.9769,"3,865",$490.4755,$490.4755,$455.2272
03/24/2015,$491.9754,"1,609",$479.976,$493.4753,$479.976
03/23/2015,$482.9759,"1,337",$472.4764,$502.4749,$470.9765
03/20/2015,$475.4762,"3,543",$497.9751,$505.4747,$472.4764
03/19/2015,$494.9753,"2,788",$476.9762,$515.0742,$475.4762
03/18/2015,$472.4764,"6,030",$535.4732,$535.4732,$469.4765
03/17/2015,$535.4732,"3,758",$563.9718,$568.4716,$527.2236
03/16/2015,$571.4714,"5,664",$635.9682,$637.4531,$533.9733
03/13/2015,$604.4698,"7,401",$590.9705,$626.9687,$587.9706
03/12/2015,$584.9708,"1,670",$569.9715,$584.9708,$568.4716
03/11/2015,$569.9715,"1,657",$587.9706,$592.4704,$562.4719
03/10/2015,$586.4707,"1,179",$571.4714,$589.4705,$563.9718
03/09/2015,$574.4713,"1,162",$568.4716,$595.4702,$562.4719
03/06/2015,$568.4716,"1,393",$595.4702,$599.97,$563.9718
03/05/2015,$595.4702,"1,392",$602.9698,$605.9697,$586.9207
03/04/2015,$604.4698,"2,236",$599.97,$608.9695,$580.471
03/03/2015,$598.4701,"2,964",$572.9714,$622.4689,$571.4864
03/02/2015,$569.9715,444,$559.472,$575.5212,$559.472
02/27/2015,$563.9718,"1,100",$569.9715,$575.9712,$560.972
02/26/2015,$574.4713,"1,499",$587.9706,$587.9706,$557.9721
02/25/2015,$583.4708,616,$590.9705,$591.1204,$578.971
02/24/2015,$584.9708,"1,128",$593.9703,$605.9697,$583.4708
02/23/2015,$596.9701,"1,510",$614.9692,$614.9692,$574.4713
02/20/2015,$610.4695,"1,778",$611.9694,$629.9685,$599.97
02/19/2015,$625.4687,"2,184",$611.9694,$638.968,$593.9853
02/18/2015,$602.9698,"1,461",$577.4711,$604.4698,$577.4711
02/17/2015,$580.471,"1,352",$574.4713,$590.2205,$559.472
02/13/2015,$566.9716,"1,652",$551.9724,$581.9709,$547.4726
02/12/2015,$545.9727,"1,646",$526.4737,$554.9723,$524.9738
02/11/2015,$520.474,786,$517.4741,$539.973,$517.4741
02/10/2015,$521.9739,"1,199",$524.9738,$533.9733,$511.4744
02/09/2015,$523.4738,"1,035",$527.9736,$530.8235,$517.4891
02/06/2015,$526.4737,656,$535.4732,$536.8232,$524.9738
02/05/2015,$530.9735,903,$524.9738,$538.4731,$522.8889
02/04/2015,$521.9739,"1,240",$527.9736,$544.6228,$520.474
02/03/2015,$533.9733,869,$530.9735,$535.4732,$524.9738
02/02/2015,$530.9735,"1,105",$529.4735,$532.8484,$515.9742
01/30/2015,$530.9735,975,$545.9727,$547.4726,$526.4737
01/29/2015,$545.9727,979,$523.4738,$550.4725,$515.9742
01/28/2015,$524.9738,"1,089",$544.4728,$554.9723,$524.9738
01/27/2015,$544.4728,906,$535.4732,$556.4722,$530.9735
01/26/2015,$538.4731,"1,282",$539.973,$562.4719,$524.9738
01/23/2015,$536.9732,665,$530.9735,$544.0228,$518.9741
01/22/2015,$533.9733,"1,726",$536.9732,$536.9732,$512.9743
01/21/2015,$536.9732,"1,146",$539.973,$544.4728,$527.9736
01/20/2015,$539.973,"1,185",$562.4719,$562.4719,$527.9736
01/16/2015,$547.4726,"1,789",$517.4741,$559.472,$517.4741
01/15/2015,$521.9739,"3,228",$571.4714,$572.9714,$517.4741
01/14/2015,$572.9714,"3,899",$577.4711,$622.4689,$556.4722
01/13/2015,$586.4707,"2,569",$622.4689,$622.4689,$571.4714
01/12/2015,$608.9695,"5,111",$604.4698,$619.454,$584.9708
01/09/2015,$581.9709,"3,361",$601.4699,$604.4698,$577.4711
01/08/2015,$550.4725,"2,743",$538.4731,$584.9708,$532.4734
01/07/2015,$532.4734,"1,160",$527.9736,$545.9727,$527.9736
01/06/2015,$523.4738,"1,211",$526.4737,$541.4729,$517.4741
01/05/2015,$524.9738,"2,051",$553.4723,$560.957,$524.9738
01/02/2015,$559.472,"1,215",$571.4714,$581.9709,$548.9726
12/31/2014,$565.4717,"2,089",$562.4719,$569.9715,$550.4725
12/30/2014,$562.4719,"3,431",$565.4717,$614.3693,$560.972
12/29/2014,$574.4713,"4,699",$517.4741,$577.4711,$517.4741
12/26/2014,$508.4746,"1,956",$488.9756,$513.7243,$488.9756
12/24/2014,$490.4755,634,$484.4758,$497.2251,$479.976
12/23/2014,$487.4756,"1,658",$511.4744,$515.9742,$479.976
12/22/2014,$508.4746,"1,715",$499.475,$512.9743,$488.9756
12/19/2014,$500.9749,"2,150",$485.9757,$506.9747,$476.9762
12/18/2014,$487.4756,"2,761",$521.9739,$521.9739,$485.9757
12/17/2014,$508.4746,"1,988",$479.976,$509.9745,$479.976
12/16/2014,$484.4758,"1,641",$476.9762,$523.4738,$476.9762
12/15/2014,$482.9759,"2,581",$536.9732,$539.973,$467.9766
12/12/2014,$536.9732,"4,175",$464.9768,$547.4726,$461.9769
12/11/2014,$490.4755,"4,033",$523.4738,$535.4732,$479.991
12/10/2014,$524.9738,"1,726",$539.973,$547.4726,$523.4738
12/09/2014,$539.973,"3,301",$547.4726,$548.9726,$517.9241
12/08/2014,$548.9726,"1,655",$568.4716,$568.4716,$545.9727
12/05/2014,$562.4719,"3,166",$572.9714,$574.4863,$539.973
12/04/2014,$572.9714,"1,210",$583.4708,$599.97,$569.9715
12/03/2014,$589.4705,"1,485",$586.4707,$608.1746,$583.4708
12/02/2014,$595.4702,"3,374",$565.4717,$599.97,$565.4717
12/01/2014,$566.9716,"2,326",$587.9706,$590.9705,$565.4717
11/28/2014,$590.9705,"1,919",$602.9698,$617.9691,$586.4707
11/26/2014,$601.4699,"2,490",$601.4699,$626.9687,$599.97
11/25/2014,$590.9705,"2,667",$614.9692,$617.5191,$584.9708
11/24/2014,$605.9697,"5,177",$599.97,$611.9694,$562.4719
11/21/2014,$605.9697,"15,994",$671.9664,$682.4659,$533.9733
11/20/2014,$667.4666,"5,473",$652.4674,$688.4656,$647.9676
11/19/2014,$649.4675,"11,742",$709.4645,$734.9633,$646.4677
11/18/2014,$716.9642,"27,611",$760.462,$815.9592,$674.9663
11/17/2014,"$1,016.9492","13,298","$1,031.9484","$1,082.9459",$986.6507
11/14/2014,$925.4537,"7,264",$827.9586,$968.9516,$809.9595
11/13/2014,$808.4596,"1,807",$802.4599,$826.4287,$802.4599
11/12/2014,$799.46,"3,083",$826.4587,$826.4587,$781.4609
11/11/2014,$806.9597,"2,187",$764.9617,$806.9597,$746.9627
11/10/2014,$752.9624,"1,702",$734.9633,$758.9471,$728.9636
11/07/2014,$727.4636,"1,244",$721.4639,$740.963,$718.4641
11/06/2014,$727.4636,"2,598",$754.4623,$759.337,$694.4653
11/05/2014,$751.4624,"1,317",$758.962,$782.9459,$745.4627
11/04/2014,$752.9624,"1,036",$752.9624,$765.8617,$748.4626
11/03/2014,$760.462,"1,416",$770.9615,$776.9611,$745.4627
10/31/2014,$769.4615,"1,065",$779.961,$779.961,$752.9624
10/30/2014,$773.9613,"1,101",$772.4614,$778.4611,$752.9624
10/29/2014,$778.4611,593,$787.4606,$789.5605,$767.9616
10/28/2014,$793.4603,878,$770.9615,$794.9602,$761.9619
10/27/2014,$764.9617,925,$797.9601,$800.96,$761.9619
10/24/2014,$797.9601,984,$794.9602,$797.9601,$763.4618
10/23/2014,$790.4605,804,$796.4602,$806.9597,$773.9613
10/22/2014,$784.4608,"1,330",$824.9588,$824.9588,$767.9766
10/21/2014,$809.9595,597,$799.46,$817.4591,$799.46
10/20/2014,$799.46,746,$802.4599,$821.9589,$794.9602
10/17/2014,$799.46,718,$820.459,$821.9589,$793.4603
10/16/2014,$814.4593,"1,182",$772.4614,$821.9589,$760.462
10/15/2014,$788.9606,"1,331",$779.961,$793.4603,$749.9625
10/14/2014,$787.4606,"1,403",$745.4627,$797.9601,$745.4627
10/13/2014,$770.9615,"1,072",$755.9622,$779.961,$745.4627
10/10/2014,$746.9627,"1,062",$749.9625,$793.4603,$745.4627
10/09/2014,$754.4623,"1,085",$785.9607,$790.4605,$749.9625
10/08/2014,$790.4605,"1,253",$764.9617,$793.0103,$751.4624
10/07/2014,$763.4618,"1,189",$778.4611,$784.4458,$758.962
10/06/2014,$781.4609,672,$820.459,$854.9573,$781.4609
10/03/2014,$779.961,"1,267",$766.4617,$821.9589,$766.4617
10/02/2014,$770.9615,"1,609",$790.4605,$802.4599,$763.4618
10/01/2014,$796.4602,"1,232",$835.4582,$848.9576,$787.4606
09/30/2014,$829.4585,"1,155",$889.4555,$899.955,$827.9586
09/29/2014,$872.9564,"2,510",$886.4557,$926.9537,$869.9565
09/26/2014,$883.4558,"2,018",$809.9595,$892.4554,$809.9595
09/25/2014,$811.4594,"1,062",$793.4603,$815.9592,$788.9606
09/24/2014,$799.46,755,$788.9606,$799.46,$776.9611
09/23/2014,$788.9606,922,$784.4608,$812.9593,$782.9609
09/22/2014,$784.4608,938,$785.9607,$799.46,$782.9609
09/19/2014,$785.9607,"1,540",$779.961,$808.4596,$772.3114
09/18/2014,$779.961,"1,634",$764.9617,$791.9604,$764.9617
09/17/2014,$769.4615,"2,137",$800.96,$800.96,$764.9617
09/16/2014,$802.4599,465,$800.96,$817.4591,$796.4602
09/15/2014,$805.4597,"1,154",$839.958,$839.958,$799.475
09/12/2014,$839.958,820,$824.9588,$854.9573,$824.9588
09/11/2014,$823.4588,746,$827.9586,$835.4582,$811.4594
09/10/2014,$829.4585,"1,002",$830.9585,$832.4584,$811.8194
09/09/2014,$832.4584,586,$859.457,$859.457,$832.4584
09/08/2014,$857.9571,627,$833.9583,$862.4569,$833.9583
09/05/2014,$836.9582,787,$838.4581,$847.4576,$826.4587
09/04/2014,$830.9585,"1,647",$842.9579,$860.957,$824.9588
09/03/2014,$854.9573,"1,468",$877.4561,$877.4561,$848.9576
09/02/2014,$877.4561,"1,493",$868.4566,$889.4555,$856.4572
08/29/2014,$862.4569,799,$863.9568,$871.4564,$854.9573
08/28/2014,$863.9568,754,$862.4569,$869.9565,$854.9573
08/27/2014,$869.9565,622,$869.9565,$881.9559,$863.9568
08/26/2014,$872.9564,957,$860.957,$876.1062,$860.657
08/25/2014,$863.9568,966,$862.4569,$889.4555,$847.4576
08/22/2014,$866.9567,741,$842.9579,$881.9409,$842.9579
08/21/2014,$847.4576,"1,460",$871.4564,$872.9564,$842.9579
08/20/2014,$871.4564,818,$886.4557,$887.9406,$862.4569
08/19/2014,$884.9558,811,$895.4552,$907.4546,$877.4561
08/18/2014,$884.9558,943,$896.9552,$896.9552,$873.1063
08/15/2014,$892.4554,965,$899.955,$908.9545,$866.9567
08/14/2014,$898.4551,"1,261",$899.955,$919.454,$884.9558
08/13/2014,$893.9553,"1,307",$871.4564,$893.9553,$842.9579
08/12/2014,$860.957,"1,428",$895.4552,$895.4552,$848.9576
08/11/2014,$889.4555,"1,050",$907.4546,$908.9545,$881.9559
08/08/2014,$896.9552,"2,410",$920.9539,$922.4539,$872.9564
08/07/2014,$937.4531,"1,220",$974.9513,$974.9513,$922.9339
08/06/2014,$967.4516,"1,476",$937.4531,$982.4509,$927.7036
08/05/2014,$935.9532,981,$922.4539,$944.9528,$917.9541
08/04/2014,$922.4539,"1,095",$917.9541,$928.4536,$907.4546
08/01/2014,$931.4534,"1,173",$899.955,$935.9532,$899.955
07/31/2014,$925.4537,"1,345",$932.9534,$935.9532,$920.9539
07/30/2014,$932.9534,"1,122",$929.9535,$935.9532,$922.4539
07/29/2014,$914.9543,551,$916.4542,$928.4536,$911.9544
07/28/2014,$910.4545,"1,028",$937.4531,$949.4525,$906.1047
07/25/2014,$925.4537,"1,699",$899.955,$947.9526,$899.955
07/24/2014,$899.955,829,$904.4548,$923.9538,$898.4551
07/23/2014,$896.9552,668,$902.9548,$902.9548,$884.3558
07/22/2014,$901.4549,"1,155",$898.4551,$905.9547,$893.9553
07/21/2014,$889.4555,"1,309",$895.4552,$904.4548,$884.9558
07/18/2014,$881.9559,870,$850.4575,$883.4558,$847.4576
07/17/2014,$859.457,"1,406",$872.9564,$883.4558,$854.9573
07/16/2014,$884.9558,883,$880.456,$896.9552,$872.9564
07/15/2014,$881.9559,921,$916.4542,$929.9535,$881.9559
07/14/2014,$914.9543,"1,078",$901.4549,$925.4537,$899.955
07/11/2014,$901.4549,901,$883.4558,$922.4389,$878.9561
07/10/2014,$878.9561,"1,748",$877.4561,$890.9555,$842.9579
07/09/2014,$887.9556,"1,176",$887.9556,$911.9394,$877.4561
07/08/2014,$896.9552,"2,951",$928.4536,$928.4536,$869.9565
07/07/2014,$926.9537,"2,387",$958.4521,$967.4516,$908.9545
07/03/2014,$956.9522,786,$970.4515,$976.6162,$949.4525
07/02/2014,$970.4515,"1,021",$956.9522,$986.9507,$953.9673
07/01/2014,$958.4521,"2,521",$985.4507,"$1,001.9499",$953.9523
06/30/2014,$977.9511,"2,614",$994.4503,"$1,011.0994",$976.4512
06/27/2014,$992.9504,"21,321","$1,030.4485","$1,034.9483",$944.9528
06/26/2014,"$1,028.9486",986,"$1,028.9486","$1,033.4483","$1,004.9498"
06/25/2014,"$1,022.9489","1,568","$1,003.4498","$1,027.4486",$998.2001
06/24/2014,"$1,003.4498","1,653","$1,019.949","$1,036.4482",$991.4504
06/23/2014,"$1,016.9492","1,244","$1,031.9484","$1,033.4483",$994.4503
06/20/2014,"$1,001.9499","2,980","$1,028.9486","$1,040.948",$968.9516
06/19/2014,"$1,031.9484","1,475","$1,046.9477","$1,055.9472","$1,021.4489"
06/18/2014,"$1,051.4474","1,216","$1,046.9477","$1,058.9471","$1,034.9483"
06/17/2014,"$1,046.9477","1,611","$1,048.4476","$1,063.4468","$1,028.9486"
06/16/2014,"$1,048.4476","2,070","$1,049.9475","$1,064.4068","$1,040.948"
06/13/2014,"$1,045.4477","1,680","$1,057.4471","$1,057.4471","$1,015.8992"
06/12/2014,"$1,061.9469","2,108","$1,049.9475","$1,063.4468","$1,028.9486"
06/11/2014,"$1,057.4471","1,522","$1,067.9466","$1,067.9466","$1,043.9478"
06/10/2014,"$1,069.4465","3,370","$1,057.4471","$1,084.4458","$1,036.4482"
06/09/2014,"$1,043.9478","1,755","$1,033.4483","$1,048.4476","$1,004.9498"
06/06/2014,"$1,028.9486","1,867","$1,042.4479","$1,045.4477","$1,000.45"
06/05/2014,"$1,031.9484","1,382","$1,028.9486","$1,040.948","$1,009.4495"
06/04/2014,"$1,030.4485","1,236","$1,019.949","$1,040.948",$995.9502
06/03/2014,"$1,013.9493","1,514","$1,027.4486","$1,030.4335",$974.9513
06/02/2014,"$1,010.9495","1,167","$1,022.9489","$1,022.9489",$989.9505
05/30/2014,"$1,021.4489","1,174","$1,019.949","$1,024.4338",$997.4501
05/29/2014,"$1,021.4489","2,290","$1,045.4477","$1,045.4477",$985.4507
05/28/2014,"$1,003.4498","2,113","$1,049.9475","$1,049.9625",$976.4512
05/27/2014,"$1,007.9496","3,228",$946.4527,"$1,027.4486",$944.9528
05/23/2014,$934.4533,"1,294",$913.4543,$935.9532,$895.4552
05/22/2014,$905.9547,963,$887.9556,$910.4545,$877.4561
05/21/2014,$890.9555,"1,412",$920.9539,$920.9539,$871.4564
05/20/2014,$928.4536,"2,892",$899.955,$932.9534,$884.9558
05/19/2014,$881.9559,"2,938",$794.9602,$887.9556,$793.4603
05/16/2014,$794.9602,895,$809.9595,$809.9595,$772.4614
05/15/2014,$808.4596,"1,176",$791.9604,$808.4596,$779.961
05/14/2014,$778.4611,"1,040",$791.9604,$808.4596,$767.9616
05/13/2014,$788.9606,"2,558",$763.4618,$821.9589,$743.9628
05/12/2014,$749.9625,"2,080",$755.9622,$794.9602,$734.9633
05/09/2014,$737.9631,"2,968",$683.9658,$778.4461,$683.9658
05/08/2014,$688.4656,"6,806",$839.958,$843.7078,$685.4657
05/07/2014,$845.9577,"1,641",$893.9553,$907.4546,$832.4584
05/06/2014,$896.9552,"1,138",$923.9538,$943.4528,$893.9553
05/05/2014,$926.9537,"1,332",$902.9548,$931.4534,$896.9552
05/02/2014,$911.9544,"1,223",$929.9535,$932.9534,$886.4557
05/01/2014,$919.454,717,$889.4555,$928.4536,$872.9564
04/30/2014,$887.9556,"3,271",$929.9535,$937.4531,$835.4582
04/29/2014,$937.4531,"1,577",$952.4524,$959.937,$922.4539
04/28/2014,$950.9525,"2,602",$980.951,$992.9504,$929.9535
04/25/2014,$970.4515,"1,969","$1,024.4488","$1,028.9486",$968.9516
04/24/2014,"$1,028.9486",386,"$1,037.9481","$1,042.4479","$1,019.949"
04/23/2014,"$1,034.9483","2,021","$1,033.4483","$1,048.4476","$1,006.4497"
04/22/2014,"$1,034.9483","1,635","$1,004.9498","$1,042.4479","$1,003.4498"
04/21/2014,"$1,012.4494","2,289",$968.9516,"$1,019.949",$968.9516
04/17/2014,$968.9516,"2,213",$985.4507,$998.9501,$959.952
04/16/2014,$998.9501,808,$973.4513,"$1,003.4498",$962.9519
04/15/2014,$964.4518,"3,200","$1,048.4476","$1,048.4476",$940.453
04/14/2014,"$1,018.4491","1,980","$1,013.9493","$1,019.949",$967.4366
04/11/2014,$959.952,"2,467","$1,000.45","$1,013.1993",$944.9677
04/10/2014,"$1,019.949","2,330","$1,040.948","$1,054.4473","$1,006.4497"
04/09/2014,"$1,043.9478","1,150","$1,046.9477","$1,051.4474","$1,027.4486"
04/08/2014,"$1,037.9481","1,359","$1,025.9487","$1,052.9473","$1,012.4644"
04/07/2014,"$1,016.9492","1,839","$1,052.9473","$1,066.4467","$1,013.9493"
04/04/2014,"$1,040.948","2,399","$1,085.9457","$1,089.6955","$1,036.4482"
04/03/2014,"$1,079.946","1,136","$1,102.4449","$1,104.6948","$1,067.9466"
04/02/2014,"$1,105.4447","2,227","$1,069.4465","$1,108.4446","$1,063.4468"
04/01/2014,"$1,069.4465","1,174","$1,063.4468","$1,079.946","$1,057.4471"
03/31/2014,"$1,057.4471","1,777","$1,043.9478","$1,058.9471",$998.9501
03/28/2014,"$1,045.4477","1,259","$1,082.9459","$1,089.6955","$1,045.4477"
03/27/2014,"$1,085.9457","3,979","$1,034.9483","$1,087.4456",$934.4533
03/26/2014,"$1,039.448","3,217","$1,075.4462","$1,087.4456","$1,028.9486"
03/25/2014,"$1,054.4473","2,680","$1,096.4452","$1,124.9438","$1,049.9475"
03/24/2014,"$1,079.946","2,753","$1,087.4456","$1,108.1896","$1,042.4479"
03/21/2014,"$1,072.4464","1,922","$1,085.9457","$1,087.4456","$1,064.9468"
03/20/2014,"$1,076.9462","1,632","$1,076.9462","$1,103.9448","$1,064.9468"
03/19/2014,"$1,087.4456","1,479","$1,129.4435","$1,132.4434","$1,085.9457"
03/18/2014,"$1,127.9436","1,270","$1,129.4435","$1,135.4432","$1,108.4446"
03/17/2014,"$1,129.4435","1,538","$1,132.4434","$1,150.4425","$1,111.4444"
03/14/2014,"$1,123.4438","1,874","$1,109.9445","$1,162.4269","$1,096.4452"
03/13/2014,"$1,132.4434","3,461","$1,196.9402","$1,196.9402","$1,087.4456"
03/12/2014,"$1,171.4414","3,439","$1,126.4437","$1,175.9412","$1,106.9447"
03/11/2014,"$1,130.9435","5,951","$1,105.4447","$1,154.9423","$1,091.9454"
03/10/2014,"$1,082.9459","2,359","$1,087.4456","$1,102.4449","$1,054.4473"
03/07/2014,"$1,073.9463","1,806","$1,087.4456","$1,087.4456","$1,052.9473"
03/06/2014,"$1,078.4461","1,923","$1,049.9475","$1,087.4456","$1,047.7426"
03/05/2014,"$1,040.948","2,113","$1,057.4471","$1,063.4468","$1,034.9483"
03/04/2014,"$1,049.9475","2,455","$1,049.9475","$1,063.4468","$1,042.4479"
03/03/2014,"$1,040.948","2,168","$1,042.4479","$1,055.9472","$1,034.9483"
