Date,Close,Volume,Open,High,Low
03/01/2024,$0.0301,"4,171",$0.042,$0.0495,$0.0301
02/29/2024,$0.0484,"17,598",$0.0495,$0.0495,$0.0484
02/28/2024,$0.045,"29,258",$0.042,$0.0473,$0.0409
02/27/2024,$0.035,"12,086",$0.025,$0.035,$0.0235
02/26/2024,$0.023,"25,950",$0.026,$0.026,$0.023
02/23/2024,$0.027,"57,031",$0.029,$0.04,$0.026
02/22/2024,$0.048,"29,191",$0.03,$0.0561,$0.03
02/21/2024,$0.03,"21,691",$0.03,$0.04,$0.03
02/20/2024,$0.0416,"10,949",$0.0399,$0.0599,$0.03
02/16/2024,$0.0399,"42,906",$0.0425,$0.065,$0.0363
02/15/2024,$0.0255,"32,450",$0.0424,$0.0425,$0.0255
02/14/2024,$0.0331,211,$0.033,$0.0331,$0.033
02/13/2024,$0.025,"47,215",$0.0359,$0.041,$0.025
02/12/2024,$0.0351,"5,098",$0.06,$0.06,$0.035
02/09/2024,$0.036,"6,327",$0.0678,$0.0678,$0.0351
02/08/2024,$0.05,"15,450",$0.0425,$0.05,$0.0351
02/07/2024,$0.04,"6,330",$0.0505,$0.0578,$0.04
02/06/2024,$0.0501,"6,798",$0.06,$0.06,$0.0501
02/05/2024,$0.062,N/A,$0.062,$0.062,$0.062
02/02/2024,$0.062,"7,674",$0.072,$0.072,$0.0614
02/01/2024,$0.0717,"6,694",$0.065,$0.0717,$0.065
01/31/2024,$0.0613,525,$0.0768,$0.0768,$0.0613
01/30/2024,$0.08,"30,013",$0.08,$0.08,$0.08
01/29/2024,$0.10,N/A,$0.10,$0.10,$0.10
01/26/2024,$0.10,197,$0.10,$0.10,$0.10
01/25/2024,$0.1221,"1,156",$0.055,$0.1221,$0.055
01/24/2024,$0.09,N/A,$0.09,$0.09,$0.09
01/23/2024,$0.09,"20,050",$0.09,$0.09,$0.09
01/22/2024,$0.0999,N/A,$0.0999,$0.0999,$0.0999
01/19/2024,$0.0999,"3,905",$0.10,$0.10,$0.0361
01/18/2024,$0.14,200,$0.14,$0.14,$0.14
01/17/2024,$0.14,N/A,$0.14,$0.14,$0.14
01/16/2024,$0.14,200,$0.14,$0.14,$0.14
01/12/2024,$0.1422,275,$0.1422,$0.1422,$0.1422
01/11/2024,$0.147,"13,014",$0.12,$0.147,$0.09
01/10/2024,$0.146,"1,000",$0.146,$0.146,$0.146
01/09/2024,$0.146,N/A,$0.146,$0.146,$0.146
01/08/2024,$0.146,"2,029",$0.148,$0.18,$0.146
01/05/2024,$0.135,"2,566",$0.1471,$0.1471,$0.09
01/04/2024,$0.1542,N/A,$0.1542,$0.1542,$0.1542
01/03/2024,$0.1542,N/A,$0.1542,$0.1542,$0.1542
01/02/2024,$0.1542,333,$0.1542,$0.1542,$0.1542
12/29/2023,$0.11,"22,166",$0.10,$0.1191,$0.0631
12/28/2023,$0.1774,353,$0.1774,$0.1774,$0.1774
12/27/2023,$0.1774,"14,620",$0.1121,$0.1775,$0.1121
12/26/2023,$0.15,"30,007",$0.112,$0.15,$0.112
12/22/2023,$0.112,"22,754",$0.13,$0.13,$0.11
12/21/2023,$0.11,N/A,$0.11,$0.11,$0.11
12/20/2023,$0.11,"39,266",$0.10,$0.11,$0.10
12/19/2023,$0.1299,"10,577",$0.13,$0.13,$0.10
12/18/2023,$0.1088,"3,561",$0.08,$0.1125,$0.0666
12/15/2023,$0.075,N/A,$0.075,$0.075,$0.075
12/14/2023,$0.075,"3,854",$0.075,$0.075,$0.0729
12/13/2023,$0.0656,N/A,$0.0656,$0.0656,$0.0656
12/12/2023,$0.0656,"22,568",$0.05,$0.0656,$0.0499
12/11/2023,$0.0562,"22,261",$0.06,$0.06,$0.0351
12/08/2023,$0.0561,200,$0.056,$0.0561,$0.056
12/07/2023,$0.075,N/A,$0.075,$0.075,$0.075
12/06/2023,$0.075,"14,039",$0.0606,$0.08,$0.05
12/05/2023,$0.0507,"7,836",$0.0601,$0.0631,$0.0507
12/04/2023,$0.06,"50,790",$0.0601,$0.0602,$0.0505
12/01/2023,$0.075,"1,345",$0.075,$0.075,$0.075
11/30/2023,$0.0699,"23,416",$0.0899,$0.0899,$0.05
11/29/2023,$0.06,"86,648",$0.0601,$0.0601,$0.0512
11/28/2023,$0.055,"11,043",$0.055,$0.104,$0.055
11/27/2023,$0.076,750,$0.076,$0.076,$0.076
11/24/2023,$0.05,"18,015",$0.05,$0.05,$0.0499
11/22/2023,$0.0502,"11,889",$0.0594,$0.06,$0.05
11/21/2023,$0.09,"15,635",$0.05,$0.0959,$0.05
11/20/2023,$0.07,862,$0.07,$0.07,$0.07
11/17/2023,$0.06,"1,216",$0.0659,$0.0659,$0.06
11/16/2023,$0.06,"14,630",$0.06,$0.06,$0.0501
11/15/2023,$0.065,N/A,$0.065,$0.065,$0.065
11/14/2023,$0.065,"4,180",$0.053,$0.065,$0.05
11/13/2023,$0.065,"27,314",$0.09,$0.09,$0.0562
11/10/2023,$0.0675,"12,250",$0.0802,$0.0802,$0.0675
11/09/2023,$0.09,N/A,$0.09,$0.09,$0.09
11/08/2023,$0.09,N/A,$0.09,$0.09,$0.09
11/07/2023,$0.09,"5,286",$0.0776,$0.09,$0.0752
11/06/2023,$0.09,"12,894",$0.086,$0.09,$0.0751
11/03/2023,$0.0861,"20,528",$0.0751,$0.0861,$0.0751
11/02/2023,$0.0775,"5,911",$0.09,$0.09,$0.0726
11/01/2023,$0.09,"2,646",$0.1024,$0.1024,$0.0876
10/31/2023,$0.0976,"6,042",$0.158,$0.185,$0.0976
10/30/2023,$0.115,"3,804",$0.1025,$0.115,$0.0951
10/27/2023,$0.102,"13,813",$0.1263,$0.1263,$0.102
10/26/2023,$0.115,"8,899",$0.12,$0.12,$0.115
10/25/2023,$0.1201,"15,388",$0.1151,$0.1201,$0.1151
10/24/2023,$0.1151,"15,875",$0.12,$0.1202,$0.1126
10/23/2023,$0.12,N/A,$0.12,$0.12,$0.12
10/20/2023,$0.12,"10,925",$0.1126,$0.1201,$0.1126
10/19/2023,$0.1125,"1,000",$0.1125,$0.1125,$0.1125
10/18/2023,$0.17,N/A,$0.17,$0.17,$0.17
10/17/2023,$0.17,N/A,$0.17,$0.17,$0.17
10/16/2023,$0.17,N/A,$0.17,$0.17,$0.17
10/13/2023,$0.17,N/A,$0.17,$0.17,$0.17
10/12/2023,$0.17,N/A,$0.17,$0.17,$0.17
10/11/2023,$0.17,N/A,$0.17,$0.17,$0.17
10/10/2023,$0.17,"21,516",$0.1675,$0.23,$0.1601
10/09/2023,$0.155,N/A,$0.155,$0.155,$0.155
10/06/2023,$0.155,"6,250",$0.1725,$0.1725,$0.1451
10/05/2023,$0.1201,N/A,$0.1201,$0.1201,$0.1201
10/04/2023,$0.1201,200,$0.1201,$0.1201,$0.1201
10/03/2023,$0.1021,"20,800",$0.12,$0.1201,$0.1021
10/02/2023,$0.12,100,$0.12,$0.12,$0.12
09/29/2023,$0.1001,N/A,$0.1001,$0.1001,$0.1001
09/28/2023,$0.1001,N/A,$0.1001,$0.1001,$0.1001
09/27/2023,$0.1001,N/A,$0.1001,$0.1001,$0.1001
09/26/2023,$0.1001,N/A,$0.1001,$0.1001,$0.1001
09/25/2023,$0.1001,N/A,$0.1001,$0.1001,$0.1001
09/22/2023,$0.1001,"20,279",$0.121,$0.121,$0.1001
09/21/2023,$0.125,"4,437",$0.12,$0.125,$0.12
09/20/2023,$0.1301,"11,313",$0.1301,$0.1301,$0.1301
09/19/2023,$0.13,"23,021",$0.1011,$0.1437,$0.101
09/18/2023,$0.0911,"23,170",$0.1211,$0.1675,$0.0911
09/15/2023,$0.1216,"2,470",$0.19,$0.19,$0.1216
09/14/2023,$0.22,N/A,$0.22,$0.22,$0.22
09/13/2023,$0.22,"1,500",$0.24,$0.24,$0.14
09/12/2023,$0.27,"1,076",$0.16,$0.27,$0.16
09/11/2023,$0.19,"14,870",$0.20,$0.272,$0.15
09/08/2023,$0.18,"5,429",$0.132,$0.20,$0.115
09/07/2023,$0.151,"33,610",$0.17,$0.1725,$0.151
09/06/2023,$0.20,"64,390",$0.13,$0.20,$0.12
09/05/2023,$0.129,"101,384",$0.15,$0.17,$0.101
09/01/2023,$0.118,"36,913",$0.101,$0.12,$0.101
08/31/2023,$0.101,"30,201",$0.11,$0.11,$0.1001
08/30/2023,$0.1179,"2,600",$0.118,$0.118,$0.1092
08/29/2023,$0.118,100,$0.118,$0.118,$0.118
08/28/2023,$0.0966,"27,932",$0.1098,$0.118,$0.09
08/25/2023,$0.10,"7,052",$0.0801,$0.10,$0.0801
08/24/2023,$0.105,N/A,$0.105,$0.105,$0.105
08/23/2023,$0.105,"8,110",$0.0872,$0.118,$0.0872
08/22/2023,$0.10,"5,700",$0.09,$0.10,$0.0862
08/21/2023,$0.07,N/A,$0.07,$0.07,$0.07
08/18/2023,$0.07,300,$0.07,$0.07,$0.07
08/17/2023,$0.08,"32,198",$0.081,$0.0927,$0.08
08/16/2023,$0.081,"8,493",$0.06,$0.081,$0.06
08/15/2023,$0.0784,"6,798",$0.065,$0.0784,$0.065
08/14/2023,$0.065,"21,630",$0.07,$0.07,$0.05
08/11/2023,$0.08,776,$0.10,$0.10,$0.08
08/10/2023,$0.07,N/A,$0.07,$0.07,$0.07
08/09/2023,$0.07,"3,693",$0.10,$0.11,$0.07
08/08/2023,$0.06,"9,228",$0.08,$0.15,$0.0512
08/07/2023,$0.0833,"16,076",$0.0833,$0.0834,$0.0817
08/04/2023,$0.0833,"4,345",$0.0827,$0.13,$0.0822
08/03/2023,$0.1312,400,$0.1313,$0.1313,$0.1312
08/02/2023,$0.0751,"28,324",$0.105,$0.12,$0.064
08/01/2023,$0.1199,100,$0.1199,$0.1199,$0.1199
07/31/2023,$0.12,N/A,$0.12,$0.12,$0.12
07/28/2023,$0.12,"43,712",$0.137,$0.1506,$0.12
07/27/2023,$0.1424,400,$0.1425,$0.1425,$0.1424
07/26/2023,$0.125,"10,000",$0.125,$0.125,$0.125
07/25/2023,$0.12,N/A,$0.12,$0.12,$0.12
07/24/2023,$0.12,N/A,$0.12,$0.12,$0.12
07/21/2023,$0.12,"4,054",$0.154,$0.154,$0.12
07/20/2023,$0.1201,"3,007",$0.12,$0.1201,$0.12
07/19/2023,$0.158,N/A,$0.158,$0.158,$0.158
07/18/2023,$0.158,104,$0.158,$0.158,$0.158
07/17/2023,$0.1452,N/A,$0.1452,$0.1452,$0.1452
07/14/2023,$0.1452,"17,700",$0.12,$0.1638,$0.12
07/13/2023,$0.15,N/A,$0.15,$0.15,$0.15
07/12/2023,$0.15,N/A,$0.15,$0.15,$0.15
07/11/2023,$0.15,N/A,$0.15,$0.15,$0.15
07/10/2023,$0.15,N/A,$0.15,$0.15,$0.15
07/07/2023,$0.15,N/A,$0.15,$0.15,$0.15
07/06/2023,$0.15,N/A,$0.15,$0.15,$0.15
07/05/2023,$0.15,"7,624",$0.15,$0.15,$0.15
07/03/2023,$0.15,"66,259",$0.16,$0.168,$0.15
06/30/2023,$0.16,"30,712",$0.16,$0.1601,$0.16
06/29/2023,$0.15,"3,211",$0.15,$0.168,$0.1499
06/28/2023,$0.13,"14,973",$0.12,$0.1408,$0.12
06/27/2023,$0.1101,101,$0.1101,$0.1101,$0.1101
06/26/2023,$0.11,"38,426",$0.20,$0.22,$0.11
06/23/2023,$0.1775,N/A,$0.1775,$0.1775,$0.1775
06/22/2023,$0.1775,N/A,$0.1775,$0.1775,$0.1775
06/21/2023,$0.1775,N/A,$0.1775,$0.1775,$0.1775
06/20/2023,$0.1775,"4,553",$0.2375,$0.2375,$0.1775
06/16/2023,$0.2592,"250,431",$0.11,$0.2633,$0.0012
06/15/2023,$0.1298,"1,000",$0.1298,$0.1298,$0.1298
06/14/2023,$0.11,146,$0.11,$0.11,$0.11
06/13/2023,$0.1022,"114,563",$0.101,$0.1555,$0.101
06/12/2023,$0.139,"18,062",$0.1388,$0.139,$0.13
06/09/2023,$0.13,N/A,$0.13,$0.13,$0.13
06/08/2023,$0.13,"119,323",$0.135,$0.2073,$0.13
06/07/2023,$0.13,"1,992",$0.1201,$0.135,$0.1201
06/06/2023,$0.1301,N/A,$0.1301,$0.1301,$0.1301
06/05/2023,$0.1301,"3,124",$0.135,$0.135,$0.13
06/02/2023,$0.12,337,$0.1199,$0.12,$0.1199
06/01/2023,$0.10,311,$0.10,$0.10,$0.10
05/31/2023,$0.11,"32,426",$0.101,$0.14,$0.10
05/30/2023,$0.1399,"5,400",$0.1362,$0.1399,$0.121
05/26/2023,$0.1011,"56,032",$0.13,$0.1375,$0.1011
05/25/2023,$0.101,"7,759",$0.1275,$0.1275,$0.101
05/24/2023,$0.1375,N/A,$0.1375,$0.1375,$0.1375
05/23/2023,$0.1375,"1,574",$0.1001,$0.1375,$0.1001
05/22/2023,$0.13,"3,319",$0.13,$0.13,$0.1251
05/19/2023,$0.1475,N/A,$0.1475,$0.1475,$0.1475
05/18/2023,$0.1475,300,$0.1475,$0.1475,$0.11
05/17/2023,$0.11,"1,950",$0.15,$0.15,$0.11
05/16/2023,$0.11,N/A,$0.11,$0.11,$0.11
05/15/2023,$0.11,"5,259",$0.10,$0.12,$0.10
05/12/2023,$0.15,"1,300",$0.1399,$0.15,$0.1001
05/11/2023,$0.1349,"8,800",$0.1349,$0.135,$0.1349
05/10/2023,$0.1389,N/A,$0.1389,$0.1389,$0.1389
05/09/2023,$0.1389,"32,381",$0.12,$0.1399,$0.0901
05/08/2023,$0.1299,100,$0.1299,$0.1299,$0.1299
05/05/2023,$0.11,"69,013",$0.1101,$0.1499,$0.1051
05/04/2023,$0.1349,"3,050",$0.11,$0.135,$0.11
05/03/2023,$0.1462,"31,201",$0.1397,$0.1499,$0.1389
05/02/2023,$0.1297,"33,920",$0.1299,$0.1375,$0.1297
05/01/2023,$0.1199,"74,900",$0.1139,$0.1272,$0.1027
04/28/2023,$0.1145,"17,900",$0.1286,$0.1386,$0.101
04/27/2023,$0.14,"87,500",$0.095,$0.1402,$0.0905
04/26/2023,$0.095,"4,500",$0.1036,$0.1036,$0.095
04/25/2023,$0.0904,"1,200",$0.0904,$0.0904,$0.0904
04/24/2023,$0.1425,"89,865",$0.1575,$0.1575,$0.0812
04/21/2023,$0.1401,"8,900",$0.14,$0.1666,$0.135
04/20/2023,$0.13,"116,169",$0.15,$0.1593,$0.13
04/19/2023,$0.14,"33,466",$0.1774,$0.18,$0.1189
04/18/2023,$0.16,"7,410",$0.12,$0.1775,$0.12
04/17/2023,$0.1002,N/A,$0.1002,$0.1002,$0.1002
04/14/2023,$0.1002,N/A,$0.1002,$0.1002,$0.1002
04/13/2023,$0.1002,"2,190",$0.10,$0.1399,$0.10
04/12/2023,$0.11,N/A,$0.11,$0.11,$0.11
04/11/2023,$0.11,N/A,$0.11,$0.11,$0.11
04/10/2023,$0.11,"1,400",$0.12,$0.12,$0.11
04/06/2023,$0.1001,"54,812",$0.12,$0.1423,$0.10
04/05/2023,$0.15,N/A,$0.15,$0.15,$0.15
04/04/2023,$0.15,N/A,$0.15,$0.15,$0.15
04/03/2023,$0.15,N/A,$0.15,$0.15,$0.15
03/31/2023,$0.15,"86,750",$0.12,$0.1596,$0.0801
03/30/2023,$0.1001,"42,097",$0.145,$0.145,$0.10
03/29/2023,$0.14,"32,100",$0.12,$0.1499,$0.12
03/28/2023,$0.146,"6,715",$0.1575,$0.1575,$0.1369
03/27/2023,$0.1574,N/A,$0.1574,$0.1574,$0.1574
03/24/2023,$0.1574,300,$0.13,$0.1574,$0.13
03/23/2023,$0.16,"38,160",$0.12,$0.16,$0.10
03/22/2023,$0.13,N/A,$0.13,$0.13,$0.13
03/21/2023,$0.13,"3,400",$0.1298,$0.13,$0.1298
03/20/2023,$0.12,"28,929",$0.10,$0.15,$0.10
03/17/2023,$0.1418,N/A,$0.1418,$0.1418,$0.1418
03/16/2023,$0.1418,N/A,$0.1418,$0.1418,$0.1418
03/15/2023,$0.1418,N/A,$0.1418,$0.1418,$0.1418
03/14/2023,$0.1418,"7,785",$0.1126,$0.1625,$0.10
03/13/2023,$0.1643,"1,790",$0.1425,$0.18,$0.13
03/10/2023,$0.1962,N/A,$0.1962,$0.1962,$0.1962
03/09/2023,$0.1962,150,$0.1962,$0.1962,$0.1962
03/08/2023,$0.1801,N/A,$0.1801,$0.1801,$0.1801
03/07/2023,$0.1801,N/A,$0.1801,$0.1801,$0.1801
03/06/2023,$0.1801,N/A,$0.1801,$0.1801,$0.1801
03/03/2023,$0.1801,"8,850",$0.18,$0.1975,$0.1426
03/02/2023,$0.1426,"2,300",$0.1449,$0.1713,$0.1426
03/01/2023,$0.191,"1,927",$0.145,$0.191,$0.1448
02/28/2023,$0.20,400,$0.20,$0.20,$0.20
02/27/2023,$0.19,700,$0.19,$0.19,$0.19
02/24/2023,$0.19,"1,502",$0.15,$0.19,$0.15
02/23/2023,$0.15,N/A,$0.15,$0.15,$0.15
02/22/2023,$0.15,"2,000",$0.15,$0.15,$0.15
02/21/2023,$0.1604,"8,074",$0.161,$0.161,$0.1371
02/17/2023,$0.22,"6,200",$0.22,$0.22,$0.22
02/16/2023,$0.22,"5,100",$0.195,$0.22,$0.17
02/15/2023,$0.205,"23,100",$0.15,$0.21,$0.15
02/14/2023,$0.1998,"61,900",$0.145,$0.2049,$0.145
02/13/2023,$0.15,"19,950",$0.185,$0.185,$0.15
02/10/2023,$0.2199,"14,110",$0.174,$0.2375,$0.174
02/09/2023,$0.1795,"48,140",$0.265,$0.265,$0.1621
02/08/2023,$0.27,N/A,$0.27,$0.27,$0.27
02/07/2023,$0.27,"1,682",$0.27,$0.27,$0.27
02/06/2023,$0.2975,"4,600",$0.28,$0.3037,$0.2751
02/03/2023,$0.2509,"9,198",$0.25,$0.2509,$0.25
02/02/2023,$0.2419,"3,249",$0.23,$0.242,$0.23
02/01/2023,$0.2251,"3,698",$0.2408,$0.2419,$0.2251
01/31/2023,$0.21,"4,105",$0.2409,$0.2409,$0.21
01/30/2023,$0.22,N/A,$0.22,$0.22,$0.22
01/27/2023,$0.22,"22,200",$0.2424,$0.2424,$0.2141
01/26/2023,$0.2198,"10,042",$0.2281,$0.2349,$0.2049
01/25/2023,$0.17,N/A,$0.17,$0.17,$0.17
01/24/2023,$0.17,"23,965",$0.17,$0.18,$0.17
01/23/2023,$0.164,"8,801",$0.17,$0.18,$0.164
01/20/2023,$0.1799,"14,280",$0.17,$0.18,$0.165
01/19/2023,$0.18,"1,419",$0.18,$0.18,$0.18
01/18/2023,$0.18,"69,751",$0.2505,$0.2505,$0.1575
01/17/2023,$0.2476,"14,644",$0.29,$0.3175,$0.2204
01/13/2023,$0.26,N/A,$0.26,$0.26,$0.26
01/12/2023,$0.26,"17,700",$0.2975,$0.30,$0.2201
01/11/2023,$0.30,100,$0.30,$0.30,$0.30
01/10/2023,$0.28,"4,400",$0.269,$0.28,$0.2419
01/09/2023,$0.2486,N/A,$0.2486,$0.2486,$0.2486
01/06/2023,$0.2486,"6,300",$0.244,$0.2725,$0.244
01/05/2023,$0.22,"37,311",$0.224,$0.29,$0.2144
01/04/2023,$0.2675,100,$0.2675,$0.2675,$0.2675
01/03/2023,$0.24,"37,651",$0.24,$0.2401,$0.23
12/30/2022,$0.22,"25,950",$0.23,$0.23,$0.2001
12/29/2022,$0.23,"23,829",$0.2274,$0.238,$0.2115
12/28/2022,$0.23,"4,049",$0.23,$0.23,$0.23
12/27/2022,$0.2025,"67,950",$0.2152,$0.2494,$0.2025
12/23/2022,$0.2252,"1,645",$0.2251,$0.2663,$0.2152
12/22/2022,$0.23,"27,950",$0.23,$0.23,$0.23
12/21/2022,$0.2573,497,$0.2625,$0.2769,$0.23
12/20/2022,$0.20,"19,180",$0.32,$0.32,$0.20
12/19/2022,$0.32,"20,702",$0.2405,$0.32,$0.1998
12/16/2022,$0.28,N/A,$0.28,$0.28,$0.28
12/15/2022,$0.28,"17,575",$0.29,$0.29,$0.2488
12/14/2022,$0.29,"10,957",$0.30,$0.3075,$0.2816
12/13/2022,$0.28,"11,052",$0.28,$0.29,$0.27
12/12/2022,$0.28,"3,600",$0.30,$0.30,$0.28
12/09/2022,$0.32,201,$0.32,$0.32,$0.32
12/08/2022,$0.2899,"36,708",$0.30,$0.30,$0.2899
12/07/2022,$0.30,"9,548",$0.284,$0.30,$0.255
12/06/2022,$0.30,"5,202",$0.392,$0.399,$0.30
12/05/2022,$0.30,"8,898",$0.36,$0.36,$0.25
12/02/2022,$0.3394,"4,703",$0.3592,$0.3799,$0.3091
12/01/2022,$0.2761,"4,505",$0.27,$0.3938,$0.2501
11/30/2022,$0.29,"90,604",$0.25,$0.3299,$0.2101
11/29/2022,$0.30,"1,692",$0.3538,$0.3538,$0.30
11/28/2022,$0.327,"12,166",$0.3524,$0.3524,$0.2423
11/25/2022,$0.3499,N/A,$0.3499,$0.3499,$0.3499
11/23/2022,$0.3499,"3,785",$0.33,$0.3887,$0.33
11/22/2022,$0.3302,"17,807",$0.45,$0.45,$0.33
11/21/2022,$0.3947,"9,720",$0.3899,$0.43,$0.3627
11/18/2022,$0.4229,"13,613",$0.3643,$0.49,$0.3643
11/17/2022,$0.405,500,$0.405,$0.405,$0.405
11/16/2022,$0.361,"146,295",$0.4401,$0.4401,$0.3313
11/15/2022,$0.47,"33,800",$0.4999,$0.50,$0.4402
11/14/2022,$0.52,100,$0.52,$0.52,$0.52
11/11/2022,$0.51,"31,731",$0.46,$0.51,$0.4399
11/10/2022,$0.50,"20,000",$0.46,$0.5124,$0.44
11/09/2022,$0.46,N/A,$0.46,$0.46,$0.46
11/08/2022,$0.46,"16,701",$0.4857,$0.49,$0.4322
11/07/2022,$0.5124,"3,051",$0.5123,$0.5124,$0.5111
11/04/2022,$0.50,902,$0.478,$0.50,$0.4778
11/03/2022,$0.5499,"1,309",$0.4721,$0.5499,$0.4721
11/02/2022,$0.55,"5,500",$0.50,$0.55,$0.4721
11/01/2022,$0.60,200,$0.6001,$0.6001,$0.60
10/31/2022,$0.5697,"6,700",$0.5699,$0.5699,$0.5598
10/28/2022,$0.525,"6,400",$0.50,$0.5899,$0.4803
10/27/2022,$0.5274,"44,435",$0.5399,$0.5605,$0.44
10/26/2022,$0.48,"45,228",$0.67,$0.67,$0.4646
10/25/2022,$0.60,"7,411",$0.5995,$0.6005,$0.5995
10/24/2022,$0.60,"6,059",$0.59,$0.60,$0.4751
10/21/2022,$0.55,400,$0.5323,$0.60,$0.5323
10/20/2022,$0.55,N/A,$0.55,$0.55,$0.55
10/19/2022,$0.55,100,$0.55,$0.55,$0.55
10/18/2022,$0.55,"4,900",$0.5363,$0.55,$0.5363
10/17/2022,$0.5363,"2,900",$0.5499,$0.55,$0.50
10/14/2022,$0.5499,"3,600",$0.55,$0.55,$0.5499
10/13/2022,$0.55,N/A,$0.55,$0.55,$0.55
10/12/2022,$0.55,"29,014",$0.55,$0.59,$0.40
10/11/2022,$0.68,"1,200",$0.68,$0.68,$0.68
10/10/2022,$0.5872,"12,700",$0.4999,$0.5872,$0.4999
10/07/2022,$0.55,N/A,$0.55,$0.55,$0.55
10/06/2022,$0.55,"2,450",$0.56,$0.56,$0.55
10/05/2022,$0.53,"2,750",$0.5299,$0.5311,$0.5297
10/04/2022,$0.4979,"5,316",$0.50,$0.50,$0.457
10/03/2022,$0.4599,"1,150",$0.4899,$0.4899,$0.4599
09/30/2022,$0.44,"22,065",$0.45,$0.5198,$0.423
09/29/2022,$0.45,"11,900",$0.4301,$0.4662,$0.4149
09/28/2022,$0.47,"26,391",$0.58,$0.58,$0.4249
09/27/2022,$0.464,N/A,$0.464,$0.464,$0.464
09/26/2022,$0.464,"8,702",$0.475,$0.475,$0.464
09/23/2022,$0.565,"29,626",$0.5199,$0.565,$0.5099
09/22/2022,$0.54,"22,816",$0.54,$0.5724,$0.478
09/21/2022,$0.59,"11,752",$0.58,$0.59,$0.58
09/20/2022,$0.5335,"2,199",$0.59,$0.64,$0.5335
09/19/2022,$0.64,N/A,$0.64,$0.64,$0.64
09/16/2022,$0.64,N/A,$0.64,$0.64,$0.64
09/15/2022,$0.64,"21,152",$0.55,$0.64,$0.5343
09/14/2022,$0.70,N/A,$0.70,$0.70,$0.70
09/13/2022,$0.70,800,$0.7005,$0.7005,$0.70
09/12/2022,$0.64,"4,700",$0.6493,$0.65,$0.635
09/09/2022,$0.6399,"1,100",$0.5735,$0.6399,$0.5336
09/08/2022,$0.64,"2,200",$0.64,$0.64,$0.63
09/07/2022,$0.65,700,$0.63,$0.65,$0.63
09/06/2022,$0.6099,855,$0.5718,$0.6099,$0.5718
09/02/2022,$0.60,"2,466",$0.62,$0.62,$0.59
09/01/2022,$0.58,"8,600",$0.55,$0.6099,$0.5254
08/31/2022,$0.6099,N/A,$0.6099,$0.6099,$0.6099
08/30/2022,$0.6099,"8,596",$0.62,$0.6399,$0.5503
08/29/2022,$0.6199,"4,023",$0.6394,$0.6399,$0.5801
08/26/2022,$0.6497,"2,114",$0.6498,$0.6498,$0.6497
08/25/2022,$0.6101,"5,100",$0.64,$0.66,$0.61
08/24/2022,$0.64,"9,350",$0.561,$0.6799,$0.561
08/23/2022,$0.6688,"4,500",$0.669,$0.669,$0.5821
08/22/2022,$0.62,"5,463",$0.60,$0.6399,$0.5908
08/19/2022,$0.575,"8,299",$0.5612,$0.59,$0.5612
08/18/2022,$0.72,"45,453",$0.72,$0.72,$0.515
08/17/2022,$0.6547,"36,566",$0.8999,$0.8999,$0.6301
08/16/2022,$1.045,"41,346",$1.20,$1.20,$1.00
08/15/2022,$1.29,"27,765",$1.30,$1.3001,$1.17
08/12/2022,$1.32,"45,596",$1.06,$1.39,$1.06
08/11/2022,$1.05,"9,292",$1.05,$1.05,$1.02
08/10/2022,$1.0002,"8,298",$1.01,$1.05,$1.00
08/09/2022,$0.981,"21,172",$1.05,$1.05,$0.9701
08/08/2022,$1.0301,"43,250",$1.14,$1.24,$1.01
08/05/2022,$1.10,"33,110",$1.03,$1.10,$1.01
08/04/2022,$1.0386,"34,650",$1.05,$1.18,$1.00
08/03/2022,$1.05,"6,850",$1.38,$1.38,$0.98
08/02/2022,$0.995,"174,685",$0.79,$1.01,$0.75
08/01/2022,$0.70,"29,071",$0.744,$0.7575,$0.66
07/29/2022,$0.6399,"8,637",$0.6639,$0.6639,$0.60
07/28/2022,$0.59,"41,879",$0.6001,$0.6269,$0.57
07/27/2022,$0.585,"41,372",$0.648,$0.69,$0.585
07/26/2022,$0.6199,"14,100",$0.6479,$0.67,$0.618
07/25/2022,$0.64,"10,590",$0.6319,$0.6479,$0.63
07/22/2022,$0.63,"6,400",$0.6478,$0.6478,$0.59
07/21/2022,$0.6479,"9,012",$0.684,$0.684,$0.6001
07/20/2022,$0.67,"44,851",$0.59,$0.6798,$0.59
07/19/2022,$0.5886,"6,591",$0.5859,$0.59,$0.5402
07/18/2022,$0.57,"24,568",$0.5499,$0.6374,$0.5394
07/15/2022,$0.5152,"8,491",$0.55,$0.55,$0.50
07/14/2022,$0.54,"1,806",$0.55,$0.55,$0.5399
07/13/2022,$0.52,"1,383",$0.53,$0.53,$0.52
07/12/2022,$0.535,"3,100",$0.53,$0.54,$0.52
07/11/2022,$0.53,"8,747",$0.55,$0.55,$0.5038
07/08/2022,$0.54,"11,268",$0.5499,$0.55,$0.51
07/07/2022,$0.5298,"5,512",$0.54,$0.55,$0.525
07/06/2022,$0.51,"8,963",$0.5499,$0.5499,$0.5088
07/05/2022,$0.4989,"3,450",$0.50,$0.50,$0.4989
07/01/2022,$0.475,"3,785",$0.4749,$0.475,$0.471
06/30/2022,$0.50,"38,056",$0.46,$0.50,$0.4252
06/29/2022,$0.4999,"9,434",$0.5459,$0.5459,$0.485
06/28/2022,$0.4992,"18,500",$0.55,$0.55,$0.4992
06/27/2022,$0.5699,"3,436",$0.5899,$0.5899,$0.5699
06/24/2022,$0.5823,"3,750",$0.63,$0.63,$0.5451
06/23/2022,$0.5401,"9,310",$0.5095,$0.5456,$0.475
06/22/2022,$0.52,"2,875",$0.51,$0.52,$0.51
06/21/2022,$0.5298,"1,825",$0.5299,$0.5299,$0.5298
06/17/2022,$0.5385,N/A,$0.5385,$0.5385,$0.5385
06/16/2022,$0.5385,N/A,$0.5385,$0.5385,$0.5385
06/15/2022,$0.5385,700,$0.5699,$0.57,$0.5385
06/14/2022,$0.54,"2,500",$0.4201,$0.5599,$0.4201
06/13/2022,$0.55,100,$0.55,$0.55,$0.55
06/10/2022,$0.625,N/A,$0.625,$0.625,$0.625
06/09/2022,$0.625,N/A,$0.625,$0.625,$0.625
06/08/2022,$0.625,"2,683",$0.6299,$0.654,$0.625
06/07/2022,$0.6002,"9,348",$0.5899,$0.6002,$0.5479
06/06/2022,$0.55,N/A,$0.55,$0.55,$0.55
06/03/2022,$0.55,"17,791",$0.55,$0.58,$0.5063
06/02/2022,$0.60,"23,044",$0.5699,$0.60,$0.5301
06/01/2022,$0.49,"12,138",$0.5725,$0.5725,$0.4804
05/31/2022,$0.63,N/A,$0.63,$0.63,$0.63
05/27/2022,$0.63,"8,789",$0.62,$0.65,$0.6074
05/26/2022,$0.61,"1,002",$0.5823,$0.61,$0.56
05/25/2022,$0.6084,N/A,$0.6084,$0.6084,$0.6084
05/24/2022,$0.6084,"2,650",$0.5502,$0.6159,$0.5501
05/23/2022,$0.625,"4,050",$0.624,$0.625,$0.60
05/20/2022,$0.5999,"16,111",$0.6319,$0.6319,$0.5851
05/19/2022,$0.6699,N/A,$0.6699,$0.6699,$0.6699
05/18/2022,$0.6699,"3,450",$0.62,$0.6699,$0.6197
05/17/2022,$0.64,"3,255",$0.6439,$0.66,$0.618
05/16/2022,$0.63,"18,900",$0.632,$0.644,$0.593
05/13/2022,$0.6488,"14,938",$0.62,$0.68,$0.62
05/12/2022,$0.6479,"14,648",$0.6599,$0.676,$0.5801
05/11/2022,$0.672,"2,670",$0.7479,$0.7479,$0.6399
05/10/2022,$0.69,"18,185",$0.7501,$0.7501,$0.69
05/09/2022,$0.768,"6,300",$0.748,$0.8506,$0.724
05/06/2022,$0.75,"2,400",$0.744,$0.75,$0.744
05/05/2022,$0.7798,"7,480",$0.6201,$0.82,$0.6201
05/04/2022,$0.7499,"1,500",$0.704,$0.7499,$0.704
05/03/2022,$0.72,"6,120",$0.7699,$0.77,$0.7102
05/02/2022,$0.7251,"4,020",$0.6959,$0.752,$0.6959
04/29/2022,$0.6877,"1,000",$0.7158,$0.7519,$0.6877
04/28/2022,$0.6638,"1,350",$0.6639,$0.6639,$0.6624
04/27/2022,$0.6334,"53,512",$0.68,$0.7602,$0.63
04/26/2022,$0.6599,"3,835",$0.61,$0.6599,$0.59
04/25/2022,$0.6001,"13,417",$0.60,$0.6001,$0.5901
04/22/2022,$0.6137,"4,841",$0.60,$0.6137,$0.55
04/21/2022,$0.5501,464,$0.6185,$0.6185,$0.5501
04/20/2022,$0.6501,N/A,$0.6501,$0.6501,$0.6501
04/19/2022,$0.6501,"1,766",$0.642,$0.6501,$0.6307
04/18/2022,$0.634,"14,578",$0.6757,$0.6757,$0.5723
04/14/2022,$0.7399,"2,692",$0.6302,$0.7399,$0.6202
04/13/2022,$0.6625,"29,951",$0.6132,$0.6699,$0.6132
04/12/2022,$0.6397,"16,405",$0.62,$0.6791,$0.5999
04/11/2022,$0.6199,"20,671",$0.6299,$0.6399,$0.522
04/08/2022,$0.64,"5,055",$0.67,$0.67,$0.6155
04/07/2022,$0.7081,447,$0.7098,$0.7098,$0.7081
04/06/2022,$0.65,"23,433",$0.701,$0.701,$0.65
04/05/2022,$0.701,"10,220",$0.701,$0.7299,$0.701
04/04/2022,$0.7011,"29,028",$0.8001,$0.8699,$0.6801
04/01/2022,$0.6951,"155,044",$0.7935,$0.80,$0.6951
03/31/2022,$0.82,"131,867",$0.7601,$0.8488,$0.6849
03/30/2022,$0.872,"15,998",$0.85,$0.9199,$0.85
03/29/2022,$0.98,"11,789",$0.90,$1.01,$0.90
03/28/2022,$0.945,"18,838",$0.9002,$0.97,$0.80
03/25/2022,$0.9755,"12,811",$0.99,$0.99,$0.91
03/24/2022,$1.02,"19,597",$0.9648,$1.02,$0.88
03/23/2022,$0.9699,"35,391",$0.92,$1.03,$0.865
03/22/2022,$0.8899,"3,548",$0.9001,$0.9001,$0.85
03/21/2022,$0.8902,"10,410",$0.9699,$0.9699,$0.8902
03/18/2022,$0.9023,"28,565",$0.9597,$1.03,$0.90
03/17/2022,$0.9302,"20,478",$0.8795,$1.02,$0.8795
03/16/2022,$0.7749,"1,425",$0.7125,$0.7749,$0.7125
03/15/2022,$0.74,"14,404",$0.7499,$0.77,$0.6402
03/14/2022,$0.72,"21,555",$0.76,$0.76,$0.72
03/11/2022,$0.81,"14,374",$0.8899,$0.8899,$0.7701
03/10/2022,$0.86,"1,000",$0.8727,$0.8727,$0.8598
03/09/2022,$0.9088,"30,128",$0.9099,$0.9636,$0.8998
03/08/2022,$0.86,"2,090",$0.8501,$0.88,$0.85
03/07/2022,$0.8799,"1,506",$0.8799,$0.90,$0.8799
03/04/2022,$0.88,"2,300",$0.90,$0.90,$0.8414
03/03/2022,$0.8999,"9,084",$0.97,$0.97,$0.8999
03/02/2022,$0.94,"2,400",$0.9301,$0.9902,$0.9301
03/01/2022,$0.9303,"1,000",$0.965,$0.965,$0.9303
02/28/2022,$1.00,"2,015",$1.04,$1.08,$1.00
02/25/2022,$0.9801,"6,400",$0.95,$1.0205,$0.95
02/24/2022,$0.984,"8,201",$0.85,$0.99,$0.85
02/23/2022,$0.90,"6,000",$0.90,$0.90,$0.90
02/22/2022,$0.94,"19,300",$0.94,$0.975,$0.93
02/18/2022,$0.95,"7,221",$0.95,$0.9798,$0.95
02/17/2022,$0.9801,"1,900",$1.06,$1.06,$0.9801
02/16/2022,$1.0901,"3,650",$1.14,$1.14,$1.0901
02/15/2022,$1.1898,"1,900",$1.0301,$1.19,$1.0301
02/14/2022,$1.06,"5,037",$1.18,$1.18,$1.06
02/11/2022,$1.14,"32,591",$1.29,$1.29,$1.13
02/10/2022,$1.28,"11,650",$1.3299,$1.35,$1.27
02/09/2022,$1.2797,"70,336",$1.13,$1.40,$1.13
02/08/2022,$1.07,"1,175",$1.065,$1.07,$1.065
02/07/2022,$1.07,"3,801",$1.08,$1.1125,$1.07
02/04/2022,$1.0499,"1,103",$0.95,$1.0499,$0.95
02/03/2022,$0.9992,"1,347",$0.9999,$1.00,$0.9992
02/02/2022,$1.05,N/A,$1.05,$1.05,$1.05
02/01/2022,$1.05,"11,179",$1.03,$1.15,$1.0101
01/31/2022,$0.92,"48,747",$1.00,$1.07,$0.92
01/28/2022,$0.94,"9,800",$0.91,$0.9401,$0.8901
01/27/2022,$0.92,"13,975",$0.99,$0.99,$0.905
01/26/2022,$0.97,"29,399",$1.00,$1.00,$0.95
01/25/2022,$0.99,"7,350",$0.99,$0.99,$0.9001
01/24/2022,$1.015,"12,312",$0.86,$1.015,$0.80
01/21/2022,$0.97,"52,253",$1.00,$1.00,$0.90
01/20/2022,$1.01,"31,337",$1.11,$1.1699,$1.01
01/19/2022,$1.0999,"1,201",$1.24,$1.24,$1.0999
01/18/2022,$1.10,"1,401",$1.17,$1.1799,$1.10
01/14/2022,$1.19,"44,763",$1.18,$1.2499,$1.10
01/13/2022,$1.1998,"49,659",$1.30,$1.30,$1.13
01/12/2022,$1.43,"60,140",$1.31,$1.55,$1.30
01/11/2022,$1.35,"41,421",$1.2699,$1.40,$1.26
01/10/2022,$1.2294,"11,933",$1.3044,$1.3044,$1.1301
01/07/2022,$1.24,"8,316",$1.23,$1.33,$1.23
01/06/2022,$1.35,"64,956",$1.425,$1.425,$1.14
01/05/2022,$1.37,"71,597",$1.46,$1.46,$1.37
01/04/2022,$1.50,"14,450",$1.65,$1.69,$1.50
01/03/2022,$1.53,"23,365",$1.4999,$1.64,$1.4501
12/31/2021,$1.60,"16,334",$1.64,$1.64,$1.53
12/30/2021,$1.65,"7,325",$1.52,$1.65,$1.52
12/29/2021,$1.575,"18,294",$1.59,$1.65,$1.54
12/28/2021,$1.73,"11,967",$1.70,$1.73,$1.65
12/27/2021,$1.74,"41,544",$1.84,$1.86,$1.70
12/23/2021,$1.76,"29,555",$1.65,$1.7699,$1.50
12/22/2021,$1.64,"59,268",$1.77,$1.77,$1.50
12/21/2021,$1.94,"8,968",$1.90,$1.97,$1.90
12/20/2021,$1.8599,"14,725",$1.85,$1.8599,$1.83
12/17/2021,$1.89,"17,905",$1.71,$1.92,$1.70
12/16/2021,$1.78,"2,975",$1.90,$1.90,$1.78
12/15/2021,$1.96,"17,822",$1.84,$1.96,$1.71
12/14/2021,$1.8399,"29,122",$1.835,$1.86,$1.79
12/13/2021,$2.02,"20,681",$1.95,$2.02,$1.80
12/10/2021,$2.04,"11,491",$2.17,$2.17,$2.00
12/09/2021,$2.12,"1,445",$2.10,$2.12,$2.10
12/08/2021,$2.4099,"2,510",$2.40,$2.4105,$2.40
12/07/2021,$2.26,"12,385",$2.21,$2.42,$2.195
12/06/2021,$2.08,"2,400",$1.865,$2.08,$1.865
12/03/2021,$2.015,"46,245",$2.17,$2.17,$1.98
12/02/2021,$2.22,"18,634",$2.20,$2.22,$2.11
12/01/2021,$2.09,"14,731",$2.22,$2.22,$2.02
11/30/2021,$2.25,"19,165",$2.27,$2.295,$2.16
11/29/2021,$2.25,"48,248",$2.50,$2.50,$2.25
11/26/2021,$2.43,"7,898",$2.45,$2.54,$2.28
11/24/2021,$2.76,"10,369",$2.52,$3.38,$2.50
11/23/2021,$2.56,"24,354",$2.30,$2.58,$2.28
11/22/2021,$2.52,"28,879",$2.80,$2.82,$2.45
11/19/2021,$2.825,"20,813",$2.90,$3.055,$2.825
11/18/2021,$2.675,"15,933",$2.737,$2.80,$2.60
11/17/2021,$2.655,"198,230",$2.44,$2.83,$2.21
11/16/2021,$3.45,"28,789",$3.38,$3.50,$3.37
11/15/2021,$3.45,"8,749",$3.62,$3.64,$3.36
11/12/2021,$3.66,"36,858",$3.60,$3.745,$3.56
11/11/2021,$3.80,"6,202",$3.74,$3.80,$3.74
11/10/2021,$3.66,"13,552",$3.85,$3.96,$3.61
11/09/2021,$3.95,"10,436",$4.03,$4.03,$3.88
11/08/2021,$4.19,"7,920",$4.30,$4.31,$4.19
11/05/2021,$4.16,"6,153",$4.31,$4.32,$4.16
11/04/2021,$4.22,"4,036",$4.19,$4.25,$4.16
11/03/2021,$4.07,"5,125",$3.89,$4.07,$3.88
11/02/2021,$3.81,"26,917",$3.89,$3.90,$3.77
11/01/2021,$3.94,"4,509",$3.95,$4.03,$3.91
10/29/2021,$4.01,"12,793",$4.14,$4.14,$4.00
10/28/2021,$4.18,"14,208",$4.14,$4.2599,$4.1019
10/27/2021,$4.125,"7,126",$4.21,$4.31,$4.125
10/26/2021,$4.35,"19,025",$4.40,$4.40,$4.235
10/25/2021,$4.49,"7,054",$4.35,$4.50,$4.25
10/22/2021,$4.2551,"34,691",$4.43,$4.535,$4.22
10/21/2021,$4.60,398,$4.63,$4.63,$4.60
10/20/2021,$4.5182,"8,355",$4.55,$4.6799,$4.50
10/19/2021,$4.67,"5,838",$4.85,$4.87,$4.64
10/18/2021,$4.68,"18,828",$4.50,$4.68,$4.40
10/15/2021,$4.55,"37,230",$4.79,$4.87,$4.51
10/14/2021,$5.0799,"51,777",$6.04,$6.04,$4.90
10/13/2021,$6.15,"6,442",$6.272,$6.30,$6.075
10/12/2021,$6.15,"12,685",$6.30,$6.39,$6.11
10/11/2021,$6.2499,"20,619",$6.53,$6.54,$6.22
10/08/2021,$6.67,"2,450",$6.68,$6.69,$6.655
10/07/2021,$7.13,"54,691",$6.623,$7.32,$6.60
10/06/2021,$6.65,"3,778",$6.60,$6.65,$6.39
10/05/2021,$6.69,"27,022",$6.46,$6.6999,$6.46
10/04/2021,$6.28,"6,736",$6.59,$6.59,$6.1924
10/01/2021,$6.81,"11,259",$6.55,$6.81,$6.49
09/30/2021,$6.91,"23,389",$6.97,$7.18,$6.75
09/29/2021,$6.80,"15,220",$6.94,$6.94,$6.71
09/28/2021,$6.85,"6,457",$6.80,$6.96,$6.78
09/27/2021,$7.23,"9,435",$7.46,$7.52,$7.21
09/24/2021,$7.60,"55,617",$7.50,$7.96,$7.47
09/23/2021,$7.72,"233,217",$6.90,$8.07,$6.90
09/22/2021,$6.66,"18,254",$6.44,$6.69,$6.32
09/21/2021,$6.55,"15,337",$6.00,$6.59,$6.00
09/20/2021,$5.859,"11,018",$6.08,$6.18,$5.75
09/17/2021,$6.56,"19,210",$6.14,$6.56,$6.14
09/16/2021,$5.95,"4,700",$6.19,$6.19,$5.87
09/15/2021,$5.84,"30,575",$5.82,$6.03,$5.7901
09/14/2021,$5.93,"28,181",$6.30,$6.38,$5.85
09/13/2021,$6.32,"42,355",$6.3801,$6.3816,$6.12
09/10/2021,$6.45,"46,025",$6.78,$6.80,$6.45
09/09/2021,$6.74,"17,695",$6.65,$6.88,$6.65
09/08/2021,$6.60,"23,118",$6.61,$6.61,$6.335
09/07/2021,$6.64,"20,099",$6.90,$6.90,$6.50
09/03/2021,$6.84,"136,937",$6.46,$6.945,$6.33
09/02/2021,$6.53,"72,248",$6.48,$6.64,$6.12
09/01/2021,$6.12,"304,477",$5.90,$6.66,$5.78
08/31/2021,$5.56,"18,960",$5.61,$5.70,$5.55
08/30/2021,$5.58,"10,344",$5.41,$5.60,$5.36
08/27/2021,$5.6508,"34,556",$5.50,$5.80,$5.50
08/26/2021,$5.40,"10,877",$5.55,$5.69,$5.40
08/25/2021,$5.3865,"16,250",$5.30,$5.49,$5.22
08/24/2021,$5.25,"39,178",$5.0467,$5.25,$5.0467
08/23/2021,$4.8197,"10,526",$4.61,$4.82,$4.565
08/20/2021,$4.57,"41,182",$4.37,$4.60,$4.25
08/19/2021,$4.37,"1,875",$4.38,$4.39,$4.37
08/18/2021,$4.25,"5,568",$4.42,$4.617,$4.25
08/17/2021,$4.30,"11,644",$4.30,$4.41,$4.16
08/16/2021,$4.61,"20,764",$4.59,$4.64,$4.25
08/13/2021,$4.46,"45,805",$5.58,$5.58,$4.46
08/12/2021,$5.72,"37,721",$5.58,$6.04,$5.58
08/11/2021,$5.39,"15,150",$5.48,$5.50,$5.24
08/10/2021,$5.65,"17,290",$5.91,$6.00,$5.47
08/09/2021,$6.00,"17,004",$5.97,$6.14,$5.90
08/06/2021,$6.02,"29,794",$5.91,$6.05,$5.52
08/05/2021,$5.8501,"35,780",$5.43,$5.92,$5.43
08/04/2021,$5.365,"2,762",$5.44,$5.48,$5.365
08/03/2021,$5.22,"6,805",$5.60,$5.60,$5.22
08/02/2021,$5.52,"105,093",$5.20,$5.71,$5.00
07/30/2021,$5.435,"12,331",$5.42,$5.435,$5.15
07/29/2021,$5.39,"168,806",$4.45,$5.75,$4.41
07/28/2021,$5.2404,"99,128",$4.58,$5.28,$4.58
07/27/2021,$4.4877,"7,395",$4.56,$4.56,$4.30
07/26/2021,$4.70,"33,893",$4.42,$4.85,$4.33
07/23/2021,$4.2401,"4,318",$4.10,$4.35,$4.10
07/22/2021,$4.35,"2,893",$4.05,$4.36,$4.05
07/21/2021,$4.02,"36,005",$3.93,$4.21,$3.90
07/20/2021,$3.94,"18,664",$3.70,$3.94,$3.6626
07/19/2021,$3.659,"5,523",$3.53,$3.77,$3.45
07/16/2021,$3.6699,"13,149",$3.66,$3.68,$3.5924
07/15/2021,$3.6548,"2,655",$3.75,$3.75,$3.50
07/14/2021,$3.70,"12,552",$4.05,$4.06,$3.65
07/13/2021,$4.0384,"10,032",$4.15,$4.15,$4.00
07/12/2021,$4.12,"8,587",$4.181,$4.214,$4.04
07/09/2021,$4.17,"106,867",$4.17,$4.305,$4.15
07/08/2021,$4.15,"205,101",$4.22,$4.29,$3.89
07/07/2021,$4.494,"27,472",$4.26,$4.5999,$4.26
07/06/2021,$4.50,"1,975",$4.57,$4.61,$4.495
07/02/2021,$4.651,"9,262",$4.62,$4.70,$4.50
07/01/2021,$4.76,"31,790",$4.75,$4.76,$4.62
06/30/2021,$4.85,"10,715",$4.74,$4.85,$4.68
06/29/2021,$4.75,"24,417",$5.00,$5.00,$4.74
06/28/2021,$4.98,"5,171",$5.02,$5.05,$4.79
06/25/2021,$5.02,"14,053",$5.01,$5.185,$5.01
06/24/2021,$4.965,"19,504",$5.12,$5.13,$4.917
06/23/2021,$5.38,"68,511",$5.035,$5.40,$4.99
06/22/2021,$4.83,"43,183",$4.86,$5.06,$4.75
06/21/2021,$4.85,"15,536",$4.77,$4.92,$4.485
06/18/2021,$4.7122,"28,650",$4.79,$4.98,$4.67
06/17/2021,$4.90,"20,950",$4.5801,$4.91,$4.5801
06/16/2021,$4.47,"1,189",$4.40,$4.47,$4.35
06/15/2021,$4.42,"7,515",$4.30,$4.49,$4.29
06/14/2021,$4.25,"2,939",$4.19,$4.27,$4.19
06/11/2021,$4.22,"14,814",$4.26,$4.30,$4.10
06/10/2021,$4.26,"24,002",$4.23,$4.37,$3.93
06/09/2021,$4.14,"33,109",$4.66,$4.68,$4.14
06/08/2021,$4.605,"35,080",$4.68,$4.90,$4.20
06/07/2021,$4.64,"55,673",$4.21,$4.67,$4.21
06/04/2021,$4.16,"105,357",$4.10,$4.27,$4.10
06/03/2021,$4.01,"11,891",$3.85,$4.01,$3.80
06/02/2021,$3.96,"48,207",$3.85,$4.00,$3.82
06/01/2021,$3.7551,"4,045",$3.79,$3.899,$3.74
05/28/2021,$3.70,"33,605",$3.70,$3.82,$3.63
05/27/2021,$3.67,"59,742",$3.58,$3.735,$3.5751
05/26/2021,$3.5628,"58,027",$3.39,$3.5628,$3.2801
05/25/2021,$3.4499,"3,927",$3.44,$3.45,$3.40
05/24/2021,$3.3176,"2,747",$3.17,$3.3176,$3.15
05/21/2021,$3.18,"1,686",$3.11,$3.2199,$3.11
05/20/2021,$3.00,"7,365",$2.89,$3.0799,$2.83
05/19/2021,$2.9788,"1,663",$2.60,$3.188,$2.60
05/18/2021,$2.81,"19,343",$2.51,$2.835,$2.39
05/17/2021,$2.69,"5,800",$2.49,$2.81,$2.39
05/14/2021,$2.66,"4,032",$2.57,$2.80,$2.57
05/13/2021,$2.67,"36,902",$2.73,$2.73,$2.47
05/12/2021,$2.73,"3,792",$2.81,$2.81,$2.72
05/11/2021,$2.80,"35,415",$2.6899,$2.9199,$2.6899
05/10/2021,$2.78,"13,380",$2.73,$3.0799,$2.65
05/07/2021,$3.10,"3,911",$2.97,$3.11,$2.97
05/06/2021,$3.05,"4,958",$3.14,$3.14,$2.896
05/05/2021,$3.01,"19,607",$3.09,$3.16,$3.00
05/04/2021,$3.086,"41,278",$3.19,$3.20,$3.049
05/03/2021,$3.55,"42,879",$3.39,$3.90,$3.26
04/30/2021,$3.06,"3,202",$3.13,$3.14,$3.05
04/29/2021,$3.17,401,$3.17,$3.17,$3.17
04/28/2021,$3.17,"9,578",$4.20,$4.25,$3.0901
04/27/2021,$3.05,"1,175",$3.38,$3.38,$3.05
04/26/2021,$3.2201,"8,273",$3.11,$3.4499,$3.11
04/23/2021,$3.23,"25,220",$2.95,$3.24,$2.95
04/22/2021,$2.86,"6,700",$3.10,$3.10,$2.70
04/21/2021,$2.85,"2,700",$3.00,$3.089,$2.85
04/20/2021,$2.89,"63,265",$2.96,$3.01,$2.67
04/19/2021,$2.88,"32,684",$3.1519,$3.1519,$2.80
04/16/2021,$3.40,"11,260",$3.39,$3.43,$3.26
04/15/2021,$3.25,"10,237",$3.30,$3.49,$3.23
04/14/2021,$3.35,"26,185",$3.40,$3.48,$3.25
04/13/2021,$3.34,"166,627",$4.20,$4.20,$3.22
04/12/2021,$4.21,"40,540",$4.47,$4.51,$4.20
04/09/2021,$4.26,"30,047",$4.26,$4.55,$4.09
04/08/2021,$4.34,"45,283",$4.17,$4.34,$4.01
04/07/2021,$4.15,"53,262",$4.32,$4.90,$4.15
04/06/2021,$4.55,"259,618",$3.70,$4.83,$3.70
04/05/2021,$3.54,"26,513",$3.30,$3.6745,$3.30
04/01/2021,$3.30,"52,513",$2.94,$3.50,$2.92
03/31/2021,$2.83,"12,574",$2.813,$3.15,$2.80
03/30/2021,$3.05,"146,483",$2.36,$3.05,$2.24
03/29/2021,$2.40,"31,562",$2.477,$2.519,$2.38
03/26/2021,$2.55,"29,120",$2.50,$2.7299,$2.395
03/25/2021,$2.64,"63,974",$2.43,$2.70,$2.35
03/24/2021,$2.52,"66,181",$2.82,$2.82,$2.4509
03/23/2021,$2.795,"18,171",$2.9917,$2.9917,$2.71
03/22/2021,$2.86,"45,353",$3.01,$3.02,$2.86
03/19/2021,$3.03,"128,221",$2.75,$3.09,$2.70
03/18/2021,$2.69,"58,712",$2.75,$3.00,$2.63
03/17/2021,$2.64,"90,300",$2.50,$2.76,$2.50
03/16/2021,$2.605,"16,488",$2.70,$2.90,$2.5985
03/15/2021,$2.78,"28,044",$2.766,$2.84,$2.67
03/12/2021,$2.80,"23,148",$2.70,$2.80,$2.50
03/11/2021,$2.72,"46,113",$2.49,$2.75,$2.48
03/10/2021,$2.38,"49,992",$2.39,$2.48,$2.16
03/09/2021,$2.27,"67,278",$2.41,$2.497,$2.20
03/08/2021,$2.16,"33,568",$2.225,$2.3588,$2.15
03/05/2021,$2.29,"96,478",$2.37,$2.45,$1.88
03/04/2021,$2.20,"248,156",$2.63,$2.643,$2.01
03/03/2021,$2.62,"155,623",$2.68,$2.76,$2.55
03/02/2021,$2.81,"178,288",$2.59,$3.11,$2.53
03/01/2021,$2.54,"88,531",$2.69,$2.72,$2.50
02/26/2021,$2.71,"72,881",$2.93,$2.95,$2.58
02/25/2021,$2.90,"126,108",$3.20,$3.20,$2.66
02/24/2021,$3.00,"104,651",$2.97,$3.31,$2.92
02/23/2021,$2.9201,"351,855",$3.20,$3.20,$2.60
02/22/2021,$3.80,"612,671",$2.60,$3.93,$2.435
02/19/2021,$2.8899,"106,373",$3.13,$3.13,$2.67
02/18/2021,$3.13,"117,690",$2.81,$3.25,$2.70
02/17/2021,$3.30,"293,606",$3.00,$3.30,$2.44
02/16/2021,$2.81,"603,178",$2.14,$3.03,$1.99
02/12/2021,$2.00,"298,072",$1.80,$2.079,$1.67
02/11/2021,$1.6419,"348,100",$1.50,$1.8999,$1.4307
02/10/2021,$1.42,"163,241",$1.39,$1.50,$1.31
02/09/2021,$1.1909,"158,360",$1.224,$1.35,$1.18
02/08/2021,$1.165,"37,747",$1.18,$1.21,$1.15
02/05/2021,$1.11,"33,430",$1.1551,$1.17,$1.09
02/04/2021,$1.1499,"18,054",$1.08,$1.1499,$1.08
02/03/2021,$1.08,"34,876",$1.05,$1.16,$1.05
02/02/2021,$1.11,"22,614",$1.145,$1.18,$1.09
02/01/2021,$1.1899,"47,448",$0.95,$1.2401,$0.95
01/29/2021,$1.108,"13,225",$1.19,$1.19,$1.0002
01/28/2021,$1.06,"16,101",$1.12,$1.20,$1.05
01/27/2021,$1.078,"24,914",$1.1002,$1.16,$1.04
01/26/2021,$1.1405,"21,610",$1.28,$1.28,$1.1201
01/25/2021,$1.18,"232,679",$1.10,$1.2597,$0.975
01/22/2021,$1.15,"21,112",$1.1999,$1.1999,$1.095
01/21/2021,$1.19,"9,738",$1.0801,$1.2298,$1.0801
01/20/2021,$1.15,"26,250",$1.17,$1.17,$1.045
01/19/2021,$1.19,"15,435",$1.05,$1.206,$1.04
01/15/2021,$1.101,"20,219",$1.09,$1.1031,$1.0798
01/14/2021,$1.15,"4,594",$1.06,$1.18,$1.05
01/13/2021,$1.123,"5,727",$1.08,$1.15,$1.08
01/12/2021,$1.15,"14,830",$1.12,$1.24,$1.10
01/11/2021,$1.145,"24,218",$1.237,$1.255,$1.08
01/08/2021,$1.23,"7,810",$1.42,$1.42,$1.18
01/07/2021,$1.29,"15,867",$1.24,$1.35,$1.24
01/06/2021,$1.24,"21,458",$1.135,$1.49,$1.135
01/05/2021,$1.32,"50,716",$1.25,$1.35,$1.22
01/04/2021,$1.19,"51,876",$1.2099,$1.25,$1.1495
12/31/2020,$1.17,"15,347",$1.235,$1.235,$1.125
12/30/2020,$1.13,"48,720",$1.19,$1.2198,$1.1201
12/29/2020,$1.20,"31,989",$1.15,$1.20,$1.08
12/28/2020,$1.18,"39,607",$1.10,$1.19,$1.065
12/24/2020,$1.045,"77,802",$1.0099,$1.13,$0.9701
12/23/2020,$0.9599,"7,191",$0.96,$0.96,$0.9594
12/22/2020,$1.00,"27,396",$0.95,$1.09,$0.9199
12/21/2020,$0.96,"35,632",$0.95,$1.06,$0.8799
12/18/2020,$0.87,"23,078",$0.913,$0.918,$0.84
12/17/2020,$0.95,"14,718",$0.98,$0.98,$0.9102
12/16/2020,$0.97,"27,525",$1.00,$1.14,$0.93
12/15/2020,$0.96,"8,893",$0.90,$1.04,$0.90
12/14/2020,$0.95,"5,006",$0.9409,$0.98,$0.8901
12/11/2020,$0.94,"39,154",$0.95,$1.07,$0.90
12/10/2020,$0.98,"3,841",$0.98,$0.98,$0.94
12/09/2020,$1.00,"13,528",$0.96,$1.04,$0.942
12/08/2020,$0.9726,"1,300",$0.9726,$0.9726,$0.9726
12/07/2020,$0.99,"40,256",$1.04,$1.04,$0.9798
12/04/2020,$1.0432,"15,983",$0.98,$1.10,$0.98
12/03/2020,$0.9599,"10,020",$0.9899,$0.99,$0.935
12/02/2020,$0.93,"7,776",$0.90,$0.96,$0.8821
12/01/2020,$0.92,"140,269",$0.93,$0.9383,$0.86
11/30/2020,$0.96,"32,618",$0.94,$0.96,$0.93
11/27/2020,$1.0098,"2,017",$0.9899,$1.0098,$0.9851
11/25/2020,$1.0299,"16,846",$0.98,$1.0299,$0.9453
11/24/2020,$0.95,"10,805",$0.9151,$0.9501,$0.89
11/23/2020,$0.94,"71,818",$0.82,$0.94,$0.8099
11/20/2020,$0.81,"12,170",$0.81,$0.8201,$0.7901
11/19/2020,$0.7967,"62,145",$0.84,$0.95,$0.78
11/18/2020,$0.79,"88,532",$0.80,$0.82,$0.7801
11/17/2020,$0.7799,"14,892",$0.80,$0.80,$0.765
11/16/2020,$0.78,"31,800",$0.7899,$0.79,$0.7531
11/13/2020,$0.7502,"37,002",$0.779,$0.80,$0.7501
11/12/2020,$0.7746,"10,300",$0.775,$0.79,$0.77
11/11/2020,$0.77,"30,699",$0.77,$0.79,$0.7502
11/10/2020,$0.76,"13,817",$0.78,$0.78,$0.7363
11/09/2020,$0.77,"158,198",$0.79,$0.825,$0.7251
11/06/2020,$0.77,"27,255",$0.80,$0.80,$0.76
11/05/2020,$0.775,"9,011",$0.80,$0.8074,$0.7701
11/04/2020,$0.78,"4,800",$0.80,$0.80,$0.76
11/03/2020,$0.77,"63,974",$0.76,$0.80,$0.76
11/02/2020,$0.7877,"93,608",$0.765,$0.82,$0.7373
10/30/2020,$0.78,"53,658",$0.82,$0.84,$0.7241
10/29/2020,$0.79,"55,055",$0.83,$0.83,$0.7601
10/28/2020,$0.8201,"37,801",$0.81,$0.84,$0.81
10/27/2020,$0.85,"73,170",$0.8401,$0.8699,$0.73
10/26/2020,$0.85,"27,538",$0.90,$0.90,$0.8001
10/23/2020,$0.8705,"11,868",$0.901,$0.927,$0.85
10/22/2020,$0.87,"5,023",$0.87,$0.91,$0.80
10/21/2020,$0.87,"8,625",$0.9189,$0.9189,$0.87
10/20/2020,$0.89,"17,378",$0.90,$0.90,$0.8658
10/19/2020,$0.8803,"6,741",$0.8702,$0.90,$0.8702
10/16/2020,$0.9099,"17,349",$0.92,$0.9512,$0.8701
10/15/2020,$0.90,"12,667",$0.89,$0.94,$0.89
10/14/2020,$0.92,"32,423",$0.96,$0.96,$0.8699
10/13/2020,$0.9499,"25,273",$0.96,$0.9899,$0.9003
10/12/2020,$0.9154,"73,988",$0.96,$0.96,$0.8706
10/09/2020,$0.95,"80,674",$0.87,$0.95,$0.87
10/08/2020,$0.89,"3,200",$0.8691,$0.9282,$0.8691
10/07/2020,$0.88,"3,649",$0.9282,$0.9282,$0.88
10/06/2020,$0.86,"21,230",$0.8755,$0.88,$0.85
10/05/2020,$0.90,"15,079",$0.87,$0.90,$0.85
10/02/2020,$0.87,"77,592",$0.8288,$0.887,$0.80
10/01/2020,$0.83,700,$0.8374,$0.8374,$0.81
09/30/2020,$0.8333,"9,003",$0.8296,$0.8499,$0.80
09/29/2020,$0.8299,"8,998",$0.83,$0.83,$0.815
09/28/2020,$0.82,"34,166",$0.815,$0.83,$0.81
09/25/2020,$0.84,"14,998",$0.83,$0.85,$0.80
09/24/2020,$0.8399,"17,273",$0.8199,$0.88,$0.7797
09/23/2020,$0.88,N/A,$0.88,$0.88,$0.88
09/22/2020,$0.88,"11,801",$0.814,$0.89,$0.783
09/21/2020,$0.89,"71,808",$0.9399,$0.9399,$0.851
09/18/2020,$0.9399,"10,616",$0.95,$0.95,$0.93
09/17/2020,$0.93,"122,371",$0.84,$0.94,$0.84
09/16/2020,$0.89,"23,816",$0.88,$0.90,$0.865
09/15/2020,$0.8703,"384,640",$0.84,$0.8902,$0.84
09/14/2020,$0.86,"60,726",$0.86,$0.90,$0.84
09/11/2020,$0.86,"38,359",$0.8949,$0.8949,$0.71
09/10/2020,$0.8901,"5,795",$0.91,$0.91,$0.885
09/09/2020,$0.9156,"25,000",$0.84,$0.92,$0.8266
09/08/2020,$0.90,"23,466",$0.899,$0.90,$0.8295
09/04/2020,$0.8884,"52,799",$0.85,$0.89,$0.8142
09/03/2020,$0.90,"41,979",$0.9499,$0.9499,$0.8959
09/02/2020,$0.9498,"53,058",$0.9598,$0.9599,$0.931
09/01/2020,$0.95,"32,263",$0.94,$0.95,$0.931
08/31/2020,$0.95,"25,877",$0.961,$0.97,$0.95
08/28/2020,$0.95,"16,831",$0.95,$0.9712,$0.9281
08/27/2020,$0.95,"6,277",$0.9791,$0.99,$0.95
08/26/2020,$0.9791,"10,242",$0.9352,$0.98,$0.9352
08/25/2020,$0.9245,"29,481",$0.911,$0.9499,$0.9054
08/24/2020,$0.9253,"43,985",$0.96,$0.98,$0.9253
08/21/2020,$0.96,"28,327",$0.9849,$0.9849,$0.94
08/20/2020,$0.98,"55,550",$0.921,$0.99,$0.921
08/19/2020,$0.97,"42,717",$0.97,$1.00,$0.9102
08/18/2020,$0.99,"22,777",$0.9975,$1.00,$0.9701
08/17/2020,$1.0003,"60,088",$1.02,$1.05,$0.9803
08/14/2020,$1.0271,"17,010",$1.00,$1.035,$0.9524
08/13/2020,$1.04,"49,617",$0.97,$1.06,$0.9612
08/12/2020,$0.9599,"10,028",$1.01,$1.01,$0.911
08/11/2020,$0.96,"12,626",$0.95,$1.00,$0.95
08/10/2020,$0.9887,"43,622",$0.99,$1.03,$0.90
08/07/2020,$1.0199,"13,837",$0.9979,$1.05,$0.9801
08/06/2020,$0.9979,"9,132",$0.955,$0.9979,$0.9426
08/05/2020,$0.9548,"10,898",$0.955,$0.955,$0.93
08/04/2020,$0.95,"41,236",$0.95,$0.955,$0.9424
08/03/2020,$0.96,"9,210",$0.9699,$0.97,$0.9499
07/31/2020,$0.97,"21,703",$0.91,$0.97,$0.91
07/30/2020,$1.00,"15,178",$0.96,$1.00,$0.9441
07/29/2020,$0.91,"61,420",$0.91,$0.98,$0.88
07/28/2020,$0.97,"6,630",$0.98,$0.98,$0.96
07/27/2020,$0.98,"123,277",$0.92,$1.00,$0.8801
07/24/2020,$0.9985,"22,013",$0.9806,$1.00,$0.9612
07/23/2020,$0.9601,"35,100",$1.00,$1.03,$0.93
07/22/2020,$0.9999,"3,248",$0.9801,$1.00,$0.9753
07/21/2020,$1.00,"13,438",$1.02,$1.03,$1.00
07/20/2020,$1.0099,"73,928",$0.98,$1.01,$0.9462
07/17/2020,$1.00,"21,946",$0.97,$1.02,$0.97
07/16/2020,$0.99,"11,269",$1.00,$1.01,$0.95
07/15/2020,$1.00,"36,950",$0.96,$1.03,$0.95
07/14/2020,$1.0099,"65,963",$1.00,$1.01,$0.9462
07/13/2020,$1.00,"53,778",$1.00,$1.05,$0.97
07/10/2020,$1.01,"2,928",$0.96,$1.02,$0.96
07/09/2020,$0.99,"14,734",$0.989,$0.99,$0.94
07/08/2020,$1.02,"29,017",$1.0298,$1.0298,$0.936
07/07/2020,$1.02,"16,737",$1.00,$1.04,$0.9955
07/06/2020,$0.9826,"76,696",$0.95,$1.01,$0.9255
07/02/2020,$0.98,"61,629",$1.00,$1.00,$0.9423
07/01/2020,$1.03,"17,019",$1.0499,$1.0499,$0.95
06/30/2020,$1.0299,"43,784",$1.06,$1.08,$1.01
06/29/2020,$1.0567,"35,603",$1.09,$1.09,$0.9999
06/26/2020,$1.09,"7,300",$1.10,$1.12,$1.09
06/25/2020,$1.14,"19,679",$1.12,$1.14,$1.07
06/24/2020,$1.1445,"22,437",$1.1385,$1.1999,$1.0401
06/23/2020,$1.1699,"36,360",$1.11,$1.21,$1.10
06/22/2020,$1.14,"24,408",$1.22,$1.22,$1.10
06/19/2020,$1.1661,"21,914",$1.19,$1.24,$1.1661
06/18/2020,$1.15,"57,411",$1.19,$1.19,$1.14
06/17/2020,$1.12,"54,375",$1.10,$1.17,$1.075
06/16/2020,$1.08,"28,672",$1.20,$1.20,$0.99
06/15/2020,$1.0848,"104,302",$1.00,$1.10,$1.00
06/12/2020,$1.00,"45,421",$1.00,$1.00,$0.90
06/11/2020,$0.98,"125,895",$0.97,$1.01,$0.8875
06/10/2020,$1.01,"81,022",$1.03,$1.03,$0.9599
06/09/2020,$1.0329,"42,655",$1.08,$1.08,$1.0329
06/08/2020,$1.052,"37,571",$1.06,$1.09,$1.04
06/05/2020,$1.03,"66,389",$0.99,$1.06,$0.98
06/04/2020,$1.00,"47,605",$1.08,$1.09,$0.9648
06/03/2020,$1.0899,"64,577",$1.10,$1.11,$1.02
06/02/2020,$1.09,"66,082",$1.03,$1.09,$1.0296
06/01/2020,$1.03,"49,396",$1.02,$1.04,$0.90
05/29/2020,$0.984,"53,595",$1.00,$1.00,$0.95
05/28/2020,$0.99,"97,166",$1.09,$1.09,$0.96
05/27/2020,$0.9998,"126,461",$1.10,$1.10,$0.98
05/26/2020,$1.0699,"213,445",$1.2001,$1.22,$0.99
05/22/2020,$1.23,"177,204",$1.23,$1.29,$1.1409
05/21/2020,$1.35,"110,098",$1.37,$1.43,$1.325
05/20/2020,$1.32,"110,770",$1.332,$1.35,$1.25
05/19/2020,$1.27,"71,101",$1.15,$1.2999,$1.1444
05/18/2020,$1.17,"17,164",$1.165,$1.185,$1.11
05/15/2020,$1.17,"35,503",$1.122,$1.17,$1.09
05/14/2020,$1.17,"64,979",$1.10,$1.18,$1.07
05/13/2020,$1.19,"125,002",$1.19,$1.19,$1.07
05/12/2020,$1.19,"18,396",$1.28,$1.29,$1.17
05/11/2020,$1.245,"109,083",$1.21,$1.29,$1.165
05/08/2020,$1.2835,"37,345",$1.26,$1.29,$1.215
05/07/2020,$1.30,"20,311",$1.25,$1.30,$1.22
05/06/2020,$1.199,"64,917",$1.22,$1.2243,$1.13
05/05/2020,$1.185,"16,286",$1.20,$1.25,$1.13
05/04/2020,$1.1999,"72,833",$1.085,$1.1999,$1.085
05/01/2020,$1.075,"76,848",$1.10,$1.10,$1.04
04/30/2020,$1.09,"32,905",$1.11,$1.1273,$1.04
04/29/2020,$1.075,"112,246",$1.02,$1.14,$0.9359
04/28/2020,$1.0625,"151,761",$1.1999,$1.20,$1.00
04/27/2020,$1.244,"39,219",$1.275,$1.30,$1.18
04/24/2020,$1.29,"52,110",$1.25,$1.30,$1.20
04/23/2020,$1.2838,"105,668",$1.32,$1.38,$1.21
04/22/2020,$1.389,"100,853",$1.40,$1.435,$1.25
04/21/2020,$1.34,"281,186",$1.16,$1.49,$1.13
04/20/2020,$1.145,"72,484",$1.14,$1.19,$1.1232
04/17/2020,$1.15,"70,510",$1.20,$1.25,$1.11
04/16/2020,$1.1345,"43,089",$1.0898,$1.15,$1.05
04/15/2020,$1.08,"34,699",$1.05,$1.08,$0.95
04/14/2020,$1.06,"129,772",$1.01,$1.12,$0.9994
04/13/2020,$0.9821,"86,328",$0.953,$1.00,$0.925
04/09/2020,$0.8127,"13,900",$0.84,$0.84,$0.786
04/08/2020,$0.87,"31,400",$0.81,$0.88,$0.80
04/07/2020,$0.81,"32,209",$0.828,$0.868,$0.70
04/06/2020,$0.82,"26,067",$0.90,$0.93,$0.772
04/03/2020,$0.8361,"30,904",$0.89,$0.89,$0.7552
04/02/2020,$0.90,"17,474",$0.90,$0.95,$0.85
04/01/2020,$0.89,"17,250",$0.77,$0.9099,$0.77
03/31/2020,$0.9295,"37,902",$0.8475,$0.9295,$0.7678
03/30/2020,$0.85,436,$0.855,$0.855,$0.835
03/27/2020,$0.8198,"17,684",$0.80,$0.8357,$0.70
03/26/2020,$0.85,"53,242",$0.775,$0.87,$0.767
03/25/2020,$0.7992,"34,591",$0.80,$0.8249,$0.7061
03/24/2020,$0.75,"23,771",$0.66,$0.80,$0.64
03/23/2020,$0.65,"113,607",$0.64,$0.69,$0.505
03/20/2020,$0.66,"51,664",$0.69,$0.70,$0.61
03/19/2020,$0.70,"12,185",$0.70,$0.70,$0.659
03/18/2020,$0.69,"52,005",$0.67,$0.74,$0.6152
03/17/2020,$0.75,"39,136",$0.735,$0.75,$0.70
03/16/2020,$0.75,"66,092",$0.68,$0.75,$0.6679
03/13/2020,$0.68,"72,063",$0.70,$1.00,$0.6211
03/12/2020,$0.61,"145,433",$0.65,$0.68,$0.59
03/11/2020,$0.751,"308,124",$1.00,$1.06,$0.70
03/10/2020,$1.10,"42,617",$1.21,$1.28,$1.0062
03/09/2020,$1.18,"82,809",$1.00,$1.1899,$0.9654
03/06/2020,$1.186,"48,602",$1.0986,$1.19,$1.04
03/05/2020,$1.1645,"103,922",$1.1204,$1.1899,$1.075
03/04/2020,$1.19,"22,801",$1.34,$1.34,$1.06
03/03/2020,$1.1513,"112,567",$1.21,$1.3099,$1.05
03/02/2020,$1.26,"52,146",$1.1474,$1.35,$1.1474
02/28/2020,$1.17,"379,142",$0.81,$1.265,$0.80
02/27/2020,$0.92,"512,771",$1.25,$1.25,$0.7465
02/26/2020,$1.1898,"436,849",$1.40,$1.50,$1.01
02/25/2020,$1.3931,"115,362",$1.75,$1.75,$1.3598
02/24/2020,$1.69,"120,742",$1.40,$1.70,$1.20
02/21/2020,$1.49,"119,564",$1.43,$1.49,$1.30
02/20/2020,$1.25,"70,322",$1.24,$1.35,$1.20
02/19/2020,$1.2136,"154,018",$1.06,$1.30,$1.06
02/18/2020,$1.11,"396,583",$0.9899,$1.40,$0.8524
02/14/2020,$0.9551,"321,979",$0.72,$0.9599,$0.72
02/13/2020,$0.72,"47,888",$0.75,$0.75,$0.70
02/12/2020,$0.70,"69,909",$0.72,$0.7699,$0.6829
02/11/2020,$0.7176,"284,079",$0.65,$0.7399,$0.60
02/10/2020,$0.6236,"24,239",$0.61,$0.65,$0.6065
02/07/2020,$0.6487,"7,386",$0.62,$0.6487,$0.60
02/06/2020,$0.642,"16,086",$0.62,$0.66,$0.56
02/05/2020,$0.6599,"22,437",$0.5752,$0.6599,$0.5752
02/04/2020,$0.61,"68,730",$0.62,$0.66,$0.583
02/03/2020,$0.62,"107,376",$0.62,$0.6649,$0.58
01/31/2020,$0.642,"15,920",$0.65,$0.65,$0.607
01/30/2020,$0.64,"54,898",$0.64,$0.6549,$0.635
01/29/2020,$0.66,"27,997",$0.661,$0.68,$0.65
01/28/2020,$0.66,"27,810",$0.617,$0.66,$0.617
01/27/2020,$0.6599,"21,228",$0.5628,$0.6599,$0.5628
01/24/2020,$0.67,"13,712",$0.69,$0.69,$0.66
01/23/2020,$0.6597,"59,179",$0.64,$0.67,$0.5898
01/22/2020,$0.62,"17,435",$0.63,$0.63,$0.5972
01/21/2020,$0.6298,"38,150",$0.66,$0.67,$0.62
01/17/2020,$0.64,"67,604",$0.64,$0.646,$0.5975
01/16/2020,$0.65,"30,507",$0.58,$0.70,$0.58
01/15/2020,$0.592,"101,058",$0.50,$0.60,$0.4967
01/14/2020,$0.51,"50,000",$0.6034,$0.6034,$0.50
01/13/2020,$0.55,"263,346",$0.5898,$0.7998,$0.55
01/10/2020,$0.5301,"153,838",$0.4701,$0.56,$0.42
01/09/2020,$0.42,"237,066",$0.408,$0.45,$0.3931
01/08/2020,$0.40,"130,123",$0.40,$0.41,$0.39
01/07/2020,$0.39,"40,000",$0.404,$0.41,$0.3811
01/06/2020,$0.38,"61,568",$0.38,$0.41,$0.3781
01/03/2020,$0.38,"45,020",$0.395,$0.396,$0.37
01/02/2020,$0.3911,"74,353",$0.392,$0.41,$0.3832
12/31/2019,$0.3886,"110,559",$0.385,$0.399,$0.37
12/30/2019,$0.3689,"23,937",$0.3697,$0.37,$0.35
12/27/2019,$0.3551,"48,360",$0.37,$0.375,$0.3304
12/26/2019,$0.3671,"238,210",$0.34,$0.38,$0.34
12/24/2019,$0.3352,"28,800",$0.34,$0.34,$0.3351
12/23/2019,$0.3362,"42,600",$0.3388,$0.34,$0.33
12/20/2019,$0.32,"23,157",$0.3205,$0.3205,$0.32
12/19/2019,$0.3299,"12,697",$0.34,$0.34,$0.3299
12/18/2019,$0.3362,"19,849",$0.31,$0.34,$0.31
12/17/2019,$0.3301,"11,900",$0.3394,$0.3394,$0.3298
12/16/2019,$0.3399,"69,824",$0.31,$0.34,$0.31
12/13/2019,$0.3003,"38,076",$0.31,$0.31,$0.3003
12/12/2019,$0.31,500,$0.31,$0.31,$0.31
12/11/2019,$0.3075,578,$0.3075,$0.3075,$0.3075
12/10/2019,$0.3001,"37,700",$0.33,$0.33,$0.299
12/09/2019,$0.3174,"1,000",$0.319,$0.319,$0.3174
12/06/2019,$0.32,"2,135",$0.33,$0.33,$0.30
12/05/2019,$0.32,"37,289",$0.3285,$0.3285,$0.305
12/04/2019,$0.319,862,$0.31,$0.319,$0.31
12/03/2019,$0.32,100,$0.32,$0.32,$0.32
12/02/2019,$0.31,"5,091",$0.33,$0.33,$0.2652
11/29/2019,$0.31,N/A,$0.31,$0.31,$0.31
11/27/2019,$0.31,"10,500",$0.295,$0.32,$0.29
11/26/2019,$0.3199,"3,267",$0.3199,$0.3199,$0.3199
11/25/2019,$0.33,"23,151",$0.285,$0.33,$0.2457
11/22/2019,$0.2926,"90,001",$0.32,$0.33,$0.2926
11/21/2019,$0.305,"63,328",$0.3226,$0.33,$0.28
11/20/2019,$0.3154,"85,473",$0.31,$0.33,$0.30
11/19/2019,$0.2903,"24,200",$0.30,$0.30,$0.2903
11/18/2019,$0.30,"56,016",$0.30,$0.30,$0.29
11/15/2019,$0.295,"12,901",$0.29,$0.3058,$0.29
11/14/2019,$0.2891,"29,450",$0.30,$0.30,$0.2851
11/13/2019,$0.2837,N/A,$0.2837,$0.2837,$0.2837
11/12/2019,$0.2837,"4,160",$0.29,$0.30,$0.2837
11/11/2019,$0.2701,N/A,$0.2701,$0.2701,$0.2701
11/08/2019,$0.2701,"7,200",$0.30,$0.30,$0.2701
11/07/2019,$0.30,"7,400",$0.30,$0.30,$0.30
11/06/2019,$0.301,"2,000",$0.301,$0.301,$0.301
11/05/2019,$0.30,"2,100",$0.29,$0.3034,$0.2886
11/04/2019,$0.2986,"9,000",$0.28,$0.30,$0.28
11/01/2019,$0.30,"1,400",$0.33,$0.33,$0.30
10/31/2019,$0.30,N/A,$0.30,$0.30,$0.30
10/30/2019,$0.30,N/A,$0.30,$0.30,$0.30
10/29/2019,$0.30,750,$0.295,$0.30,$0.28
10/28/2019,$0.30,"15,000",$0.30,$0.30,$0.30
10/25/2019,$0.3035,"4,128",$0.2802,$0.305,$0.28
10/24/2019,$0.30,"2,000",$0.30,$0.30,$0.30
10/23/2019,$0.30,"10,040",$0.305,$0.305,$0.299
10/22/2019,$0.305,N/A,$0.305,$0.305,$0.305
10/21/2019,$0.305,"4,400",$0.32,$0.32,$0.305
10/18/2019,$0.284,N/A,$0.284,$0.284,$0.284
10/17/2019,$0.284,"13,000",$0.2879,$0.29,$0.284
10/16/2019,$0.30,"26,273",$0.29,$0.32,$0.28
10/15/2019,$0.32,100,$0.32,$0.32,$0.32
10/14/2019,$0.28,"31,300",$0.31,$0.3126,$0.28
10/11/2019,$0.33,N/A,$0.33,$0.33,$0.33
10/10/2019,$0.33,200,$0.33,$0.33,$0.33
10/09/2019,$0.33,N/A,$0.33,$0.33,$0.33
10/08/2019,$0.33,"9,700",$0.33,$0.33,$0.325
10/07/2019,$0.33,N/A,$0.33,$0.33,$0.33
10/04/2019,$0.33,N/A,$0.33,$0.33,$0.33
10/03/2019,$0.33,N/A,$0.33,$0.33,$0.33
10/02/2019,$0.33,"6,000",$0.33,$0.33,$0.33
10/01/2019,$0.31,400,$0.32,$0.32,$0.31
09/30/2019,$0.32,400,$0.32,$0.32,$0.32
09/27/2019,$0.32,N/A,$0.32,$0.32,$0.32
09/26/2019,$0.32,"25,850",$0.311,$0.32,$0.31
09/25/2019,$0.3191,N/A,$0.3191,$0.3191,$0.3191
09/24/2019,$0.3191,N/A,$0.3191,$0.3191,$0.3191
09/23/2019,$0.3191,"17,800",$0.32,$0.33,$0.315
09/20/2019,$0.325,"5,400",$0.32,$0.3287,$0.32
09/19/2019,$0.301,200,$0.3011,$0.3011,$0.301
09/18/2019,$0.32,N/A,$0.32,$0.32,$0.32
09/17/2019,$0.32,"2,200",$0.32,$0.32,$0.32
09/16/2019,$0.32,"2,400",$0.28,$0.33,$0.28
09/13/2019,$0.3201,"10,500",$0.32,$0.325,$0.32
09/12/2019,$0.323,"17,301",$0.33,$0.33,$0.2712
09/11/2019,$0.33,"11,600",$0.32,$0.3448,$0.32
09/10/2019,$0.3209,"4,928",$0.32,$0.33,$0.32
09/09/2019,$0.32,"4,200",$0.3319,$0.3319,$0.313
09/06/2019,$0.31,"1,000",$0.31,$0.31,$0.31
09/05/2019,$0.30,"16,000",$0.26,$0.30,$0.26
09/04/2019,$0.35,"19,730",$0.335,$0.35,$0.335
09/03/2019,$0.33,"13,815",$0.33,$0.34,$0.2843
08/30/2019,$0.33,"16,061",$0.33,$0.33,$0.33
08/29/2019,$0.33,"1,700",$0.33,$0.335,$0.33
08/28/2019,$0.33,N/A,$0.33,$0.33,$0.33
08/27/2019,$0.33,"2,000",$0.33,$0.33,$0.33
08/26/2019,$0.3201,"11,889",$0.32,$0.33,$0.3187
08/23/2019,$0.33,"12,200",$0.32,$0.33,$0.315
08/22/2019,$0.32,"12,022",$0.32,$0.32,$0.315
08/21/2019,$0.32,"13,173",$0.32,$0.321,$0.3155
08/20/2019,$0.32,"6,150",$0.32,$0.32,$0.3094
08/19/2019,$0.32,"5,300",$0.32,$0.32,$0.31
08/16/2019,$0.32,"14,400",$0.32,$0.32,$0.29
08/15/2019,$0.30,"7,000",$0.32,$0.3214,$0.30
08/14/2019,$0.3199,"10,851",$0.33,$0.33,$0.2911
08/13/2019,$0.33,N/A,$0.33,$0.33,$0.33
08/12/2019,$0.33,"10,700",$0.35,$0.35,$0.30
08/09/2019,$0.35,"67,788",$0.35,$0.35,$0.275
08/08/2019,$0.3401,"5,800",$0.38,$0.38,$0.34
08/07/2019,$0.38,N/A,$0.38,$0.38,$0.38
08/06/2019,$0.38,"1,077",$0.35,$0.38,$0.35
08/05/2019,$0.35,"15,096",$0.35,$0.36,$0.321
08/02/2019,$0.38,200,$0.38,$0.38,$0.38
08/01/2019,$0.36,800,$0.36,$0.36,$0.36
07/31/2019,$0.38,"3,000",$0.35,$0.38,$0.35
07/30/2019,$0.34,"5,500",$0.35,$0.35,$0.33
07/29/2019,$0.34,"6,150",$0.38,$0.38,$0.31
07/26/2019,$0.38,"1,350",$0.37,$0.39,$0.37
07/25/2019,$0.37,"5,500",$0.36,$0.37,$0.36
07/24/2019,$0.37,"12,600",$0.3954,$0.3954,$0.36
07/23/2019,$0.36,"3,344",$0.36,$0.3601,$0.36
07/22/2019,$0.36,"8,872",$0.3251,$0.37,$0.3251
07/19/2019,$0.36,"10,450",$0.35,$0.36,$0.35
07/18/2019,$0.35,"49,533",$0.35,$0.351,$0.35
07/17/2019,$0.35,"117,600",$0.348,$0.35,$0.30
07/16/2019,$0.34,"1,000",$0.35,$0.35,$0.34
07/15/2019,$0.355,"8,000",$0.303,$0.355,$0.303
07/12/2019,$0.35,"4,219",$0.3001,$0.35,$0.3001
07/11/2019,$0.35,"4,857",$0.3001,$0.35,$0.3001
07/10/2019,$0.36,"10,575",$0.3001,$0.39,$0.3001
07/09/2019,$0.38,N/A,$0.38,$0.38,$0.38
07/08/2019,$0.38,300,$0.38,$0.38,$0.38
07/05/2019,$0.3551,"16,677",$0.35,$0.356,$0.35
07/03/2019,$0.38,"19,000",$0.351,$0.38,$0.35
07/02/2019,$0.42,N/A,$0.42,$0.42,$0.42
07/01/2019,$0.42,"35,300",$0.36,$0.42,$0.35
06/28/2019,$0.42,275,$0.42,$0.42,$0.42
06/27/2019,$0.42,N/A,$0.42,$0.42,$0.42
06/26/2019,$0.42,"5,700",$0.3601,$0.47,$0.3601
06/25/2019,$0.42,N/A,$0.42,$0.42,$0.42
06/24/2019,$0.42,"31,009",$0.43,$0.4649,$0.42
06/21/2019,$0.41,"1,875",$0.41,$0.41,$0.41
06/20/2019,$0.41,"53,252",$0.40,$0.41,$0.3881
06/19/2019,$0.39,"7,000",$0.35,$0.39,$0.35
06/18/2019,$0.40,625,$0.40,$0.40,$0.40
06/17/2019,$0.40,"1,300",$0.39,$0.40,$0.39
06/14/2019,$0.39,N/A,$0.39,$0.39,$0.39
06/13/2019,$0.39,N/A,$0.39,$0.39,$0.39
06/12/2019,$0.39,"1,100",$0.39,$0.39,$0.39
06/11/2019,$0.40,"1,500",$0.39,$0.40,$0.39
06/10/2019,$0.385,"7,930",$0.37,$0.385,$0.35
06/07/2019,$0.385,N/A,$0.385,$0.385,$0.385
06/06/2019,$0.385,N/A,$0.385,$0.385,$0.385
06/05/2019,$0.385,600,$0.385,$0.385,$0.385
06/04/2019,$0.377,"44,042",$0.39,$0.39,$0.37
06/03/2019,$0.38,"64,006",$0.37,$0.39,$0.3699
05/31/2019,$0.38,"31,450",$0.38,$0.40,$0.38
05/30/2019,$0.38,"17,618",$0.38,$0.385,$0.37
05/29/2019,$0.385,"12,403",$0.358,$0.385,$0.358
05/28/2019,$0.356,"16,550",$0.38,$0.38,$0.35
05/24/2019,$0.38,"4,120",$0.38,$0.38,$0.38
05/23/2019,$0.38,"14,507",$0.31,$0.38,$0.30
05/22/2019,$0.38,"66,800",$0.39,$0.40,$0.37
05/21/2019,$0.36,"12,500",$0.36,$0.40,$0.36
05/20/2019,$0.36,"13,000",$0.345,$0.36,$0.345
05/17/2019,$0.3474,"61,400",$0.375,$0.375,$0.325
05/16/2019,$0.35,"2,850",$0.4025,$0.4025,$0.35
05/15/2019,$0.35,"20,867",$0.35,$0.35,$0.35
05/14/2019,$0.3982,N/A,$0.3982,$0.3982,$0.3982
05/13/2019,$0.3982,"43,864",$0.35,$0.40,$0.325
05/10/2019,$0.35,402,$0.40,$0.40,$0.35
05/09/2019,$0.3501,"28,805",$0.38,$0.38,$0.35
05/08/2019,$0.40,"6,150",$0.40,$0.40,$0.40
05/07/2019,$0.43,"9,225",$0.43,$0.43,$0.40
05/06/2019,$0.445,N/A,$0.445,$0.445,$0.445
05/03/2019,$0.445,"20,740",$0.455,$0.455,$0.445
05/02/2019,$0.45,"5,419",$0.4582,$0.4749,$0.4324
05/01/2019,$0.4253,526,$0.45,$0.45,$0.4253
04/30/2019,$0.445,"23,701",$0.40,$0.445,$0.258
04/29/2019,$0.44,N/A,$0.44,$0.44,$0.44
04/26/2019,$0.44,"53,269",$0.44,$0.44,$0.44
04/25/2019,$0.41,500,$0.41,$0.41,$0.41
04/24/2019,$0.4343,"20,764",$0.4343,$0.4343,$0.4343
04/23/2019,$0.4343,500,$0.4343,$0.4343,$0.4343
04/22/2019,$0.4121,100,$0.4121,$0.4121,$0.4121
04/18/2019,$0.38,"10,729",$0.39,$0.43,$0.38
04/17/2019,$0.46,"16,884",$0.402,$0.46,$0.402
04/16/2019,$0.40,N/A,$0.40,$0.40,$0.40
04/15/2019,$0.40,384,$0.40,$0.40,$0.40
04/12/2019,$0.43,"1,029",$0.43,$0.43,$0.43
04/11/2019,$0.4344,N/A,$0.4344,$0.4344,$0.4344
04/10/2019,$0.4344,925,$0.4344,$0.4344,$0.4344
04/09/2019,$0.4265,"45,478",$0.4599,$0.46,$0.4244
04/08/2019,$0.4599,"24,764",$0.42,$0.4599,$0.418
04/05/2019,$0.38,"24,976",$0.3811,$0.4168,$0.365
04/04/2019,$0.418,"28,480",$0.396,$0.42,$0.396
04/03/2019,$0.38,"19,515",$0.38,$0.38,$0.3687
04/02/2019,$0.418,"25,300",$0.42,$0.42,$0.38
04/01/2019,$0.392,"93,130",$0.39,$0.40,$0.3589
03/29/2019,$0.3877,"17,140",$0.40,$0.40,$0.3861
03/28/2019,$0.41,"102,832",$0.425,$0.45,$0.408
03/27/2019,$0.40,"31,280",$0.36,$0.40,$0.3592
03/26/2019,$0.3783,"61,662",$0.36,$0.39,$0.35
03/25/2019,$0.40,"12,501",$0.40,$0.40,$0.40
03/22/2019,$0.35,"1,300",$0.45,$0.45,$0.35
03/21/2019,$0.3505,"11,300",$0.40,$0.40,$0.349
03/20/2019,$0.3881,"24,100",$0.40,$0.40,$0.3483
03/19/2019,$0.41,"1,600",$0.41,$0.41,$0.41
03/18/2019,$0.40,"1,000",$0.45,$0.45,$0.40
03/15/2019,$0.3987,"2,300",$0.40,$0.40,$0.3987
03/14/2019,$0.4028,"1,200",$0.39,$0.4028,$0.39
03/13/2019,$0.3881,"31,900",$0.3899,$0.46,$0.3881
03/12/2019,$0.3558,N/A,$0.3558,$0.3558,$0.3558
03/11/2019,$0.3558,"35,200",$0.3567,$0.3567,$0.34
03/08/2019,$0.3503,"53,420",$0.26,$0.3518,$0.26
03/07/2019,$0.32,500,$0.32,$0.32,$0.32
03/06/2019,$0.325,N/A,$0.325,$0.325,$0.325
03/05/2019,$0.325,"1,280",$0.34,$0.34,$0.325
03/04/2019,$0.32,N/A,$0.32,$0.32,$0.32
03/01/2019,$0.32,N/A,$0.32,$0.32,$0.32
02/28/2019,$0.32,N/A,$0.32,$0.32,$0.32
02/27/2019,$0.32,N/A,$0.32,$0.32,$0.32
02/26/2019,$0.32,"62,250",$0.26,$0.34,$0.26
02/25/2019,$0.32,"111,550",$0.32,$0.32,$0.31
02/22/2019,$0.339,"6,031",$0.34,$0.34,$0.339
02/21/2019,$0.32,N/A,$0.32,$0.32,$0.32
02/20/2019,$0.32,"5,000",$0.34,$0.34,$0.32
02/19/2019,$0.32,N/A,$0.32,$0.32,$0.32
02/15/2019,$0.32,"5,270",$0.30,$0.32,$0.291
02/14/2019,$0.326,"2,900",$0.3286,$0.3286,$0.32
02/13/2019,$0.36,N/A,$0.36,$0.36,$0.36
02/12/2019,$0.36,"10,000",$0.35,$0.36,$0.35
02/11/2019,$0.36,"1,500",$0.36,$0.36,$0.36
02/08/2019,$0.36,N/A,$0.36,$0.36,$0.36
02/07/2019,$0.36,660,$0.3303,$0.36,$0.3303
02/06/2019,$0.36,N/A,$0.36,$0.36,$0.36
02/05/2019,$0.36,"5,225",$0.36,$0.36,$0.36
02/04/2019,$0.36,"11,025",$0.301,$0.36,$0.301
02/01/2019,$0.34,"4,500",$0.34,$0.34,$0.34
01/31/2019,$0.345,"2,279",$0.34,$0.345,$0.2868
01/30/2019,$0.3505,"1,000",$0.34,$0.3505,$0.34
01/29/2019,$0.30,N/A,$0.30,$0.30,$0.30
01/28/2019,$0.30,100,$0.30,$0.30,$0.30
01/25/2019,$0.32,N/A,$0.32,$0.32,$0.32
01/24/2019,$0.32,N/A,$0.32,$0.32,$0.32
01/23/2019,$0.32,"4,500",$0.32,$0.32,$0.32
01/22/2019,$0.36,N/A,$0.36,$0.36,$0.36
01/18/2019,$0.36,840,$0.35,$0.36,$0.3155
01/17/2019,$0.35,N/A,$0.35,$0.35,$0.35
01/16/2019,$0.35,N/A,$0.35,$0.35,$0.35
01/15/2019,$0.35,"3,033",$0.32,$0.35,$0.32
01/14/2019,$0.35,"7,500",$0.35,$0.35,$0.35
01/11/2019,$0.28,"5,000",$0.28,$0.28,$0.28
01/10/2019,$0.28,"19,700",$0.28,$0.30,$0.28
01/09/2019,$0.35,"40,000",$0.35,$0.35,$0.35
01/08/2019,$0.36,"6,500",$0.35,$0.36,$0.35
01/07/2019,$0.34,"3,600",$0.32,$0.34,$0.32
01/04/2019,$0.3006,"2,250",$0.32,$0.32,$0.30
01/03/2019,$0.36,N/A,$0.36,$0.36,$0.36
01/02/2019,$0.36,"2,000",$0.36,$0.36,$0.36
12/31/2018,$0.32,"9,300",$0.3144,$0.32,$0.3144
12/28/2018,$0.30,"17,896",$0.30,$0.30,$0.30
12/27/2018,$0.26,N/A,$0.26,$0.26,$0.26
12/26/2018,$0.26,107,$0.26,$0.26,$0.26
12/24/2018,$0.26,"1,020",$0.32,$0.32,$0.26
12/21/2018,$0.335,N/A,$0.335,$0.335,$0.335
12/20/2018,$0.335,N/A,$0.335,$0.335,$0.335
12/19/2018,$0.335,N/A,$0.335,$0.335,$0.335
12/18/2018,$0.335,N/A,$0.335,$0.335,$0.335
12/17/2018,$0.335,"11,500",$0.36,$0.36,$0.335
12/14/2018,$0.32,100,$0.32,$0.32,$0.32
12/13/2018,$0.30,N/A,$0.30,$0.30,$0.30
12/12/2018,$0.30,"1,500",$0.30,$0.30,$0.30
12/11/2018,$0.33,N/A,$0.33,$0.33,$0.33
12/10/2018,$0.33,N/A,$0.33,$0.33,$0.33
12/07/2018,$0.33,N/A,$0.33,$0.33,$0.33
12/06/2018,$0.33,"7,650",$0.30,$0.33,$0.30
12/04/2018,$0.36,"2,600",$0.35,$0.36,$0.35
12/03/2018,$0.36,"9,367",$0.26,$0.3766,$0.26
11/30/2018,$0.3127,"1,000",$0.3127,$0.3127,$0.3127
11/29/2018,$0.26,"23,500",$0.25,$0.27,$0.25
11/28/2018,$0.26,"33,400",$0.26,$0.26,$0.26
11/27/2018,$0.30,"12,490",$0.32,$0.32,$0.29
11/26/2018,$0.30,"20,000",$0.30,$0.30,$0.30
11/23/2018,$0.30,"24,600",$0.32,$0.32,$0.30
11/21/2018,$0.3085,"45,243",$0.325,$0.325,$0.28
11/20/2018,$0.3078,"33,650",$0.3243,$0.325,$0.305
11/19/2018,$0.30,"30,000",$0.30,$0.325,$0.2991
11/16/2018,$0.29,"183,801",$0.32,$0.32,$0.225
11/15/2018,$0.30,"21,085",$0.32,$0.32,$0.277
11/14/2018,$0.32,N/A,$0.32,$0.32,$0.32
11/13/2018,$0.32,N/A,$0.32,$0.32,$0.32
11/12/2018,$0.32,235,$0.32,$0.32,$0.32
11/09/2018,$0.3053,"1,875",$0.32,$0.32,$0.30
11/08/2018,$0.3201,"18,556",$0.32,$0.3279,$0.30
11/07/2018,$0.32,N/A,$0.32,$0.32,$0.32
11/06/2018,$0.32,"25,100",$0.32,$0.32,$0.31
11/05/2018,$0.3325,"271,854",$0.35,$0.35,$0.2799
11/02/2018,$0.3266,"358,450",$0.3012,$0.3266,$0.2911
11/01/2018,$0.36,"100,900",$0.31,$0.36,$0.281
10/31/2018,$0.38,400,$0.34,$0.38,$0.339
10/30/2018,$0.37,N/A,$0.37,$0.37,$0.37
10/29/2018,$0.37,N/A,$0.37,$0.37,$0.37
10/26/2018,$0.37,"46,600",$0.32,$0.37,$0.31
10/25/2018,$0.3766,"277,542",$0.37,$0.38,$0.331
10/24/2018,$0.38,"6,500",$0.38,$0.3817,$0.38
10/23/2018,$0.37,N/A,$0.37,$0.37,$0.37
10/22/2018,$0.37,"4,400",$0.3896,$0.3896,$0.37
10/19/2018,$0.3227,"127,700",$0.34,$0.3605,$0.321
10/18/2018,$0.32,N/A,$0.32,$0.32,$0.32
10/17/2018,$0.32,"150,680",$0.389,$0.4031,$0.32
10/16/2018,$0.39,N/A,$0.39,$0.39,$0.39
10/15/2018,$0.39,N/A,$0.39,$0.39,$0.39
10/12/2018,$0.39,840,$0.3438,$0.41,$0.3438
10/11/2018,$0.3596,"5,140",$0.34,$0.3596,$0.32
10/10/2018,$0.38,N/A,$0.38,$0.38,$0.38
10/09/2018,$0.38,500,$0.38,$0.38,$0.38
10/08/2018,$0.4199,"2,304",$0.42,$0.42,$0.4199
10/05/2018,$0.4283,"19,669",$0.44,$0.44,$0.35
10/04/2018,$0.3682,N/A,$0.3682,$0.3682,$0.3682
10/03/2018,$0.3682,"501,571",$0.38,$0.40,$0.2501
10/02/2018,$0.3899,"68,800",$0.39,$0.39,$0.38
10/01/2018,$0.50,"636,500",$0.47,$0.5143,$0.3884
09/28/2018,$0.47,N/A,$0.47,$0.47,$0.47
09/27/2018,$0.47,700,$0.47,$0.47,$0.47
09/26/2018,$0.5107,"3,430",$0.47,$0.5107,$0.47
09/25/2018,$0.55,"1,550",$0.51,$0.55,$0.51
09/24/2018,$0.4509,900,$0.45,$0.4509,$0.45
09/21/2018,$0.45,N/A,$0.45,$0.45,$0.45
09/20/2018,$0.45,"3,550",$0.44,$0.492,$0.44
09/19/2018,$0.5099,N/A,$0.5099,$0.5099,$0.5099
09/18/2018,$0.5099,200,$0.51,$0.51,$0.5099
09/17/2018,$0.42,N/A,$0.42,$0.42,$0.42
09/14/2018,$0.42,"10,000",$0.425,$0.425,$0.42
09/13/2018,$0.55,650,$0.55,$0.55,$0.55
09/12/2018,$0.5394,"2,024",$0.50,$0.55,$0.50
09/11/2018,$0.5247,500,$0.55,$0.55,$0.5247
09/10/2018,$0.5003,"20,050",$0.50,$0.5062,$0.50
09/07/2018,$0.475,N/A,$0.475,$0.475,$0.475
09/06/2018,$0.475,"29,100",$0.49,$0.51,$0.47
09/05/2018,$0.47,"43,782",$0.4599,$0.4754,$0.457
09/04/2018,$0.47,N/A,$0.47,$0.47,$0.47
08/31/2018,$0.47,"8,101",$0.4598,$0.4715,$0.4598
08/30/2018,$0.4221,N/A,$0.4221,$0.4221,$0.4221
08/29/2018,$0.4221,"8,500",$0.46,$0.46,$0.42
08/28/2018,$0.4299,"40,027",$0.42,$0.4309,$0.4182
08/27/2018,$0.40,315,$0.35,$0.40,$0.35
08/24/2018,$0.3493,"34,192",$0.375,$0.40,$0.3493
08/23/2018,$0.35,"101,486",$0.35,$0.41,$0.33
08/22/2018,$0.53,N/A,$0.53,$0.53,$0.53
08/21/2018,$0.53,"7,097",$0.57,$0.57,$0.525
08/20/2018,$0.5293,"28,000",$0.50,$0.53,$0.50
08/17/2018,$0.5455,"69,841",$0.5349,$0.55,$0.5038
08/16/2018,$0.53,"45,928",$0.537,$0.56,$0.5149
08/15/2018,$0.559,"5,290",$0.59,$0.59,$0.51
08/14/2018,$0.50,"32,000",$0.50,$0.54,$0.50
08/13/2018,$0.58,"10,324",$0.59,$0.59,$0.55
08/10/2018,$0.58,"1,400",$0.59,$0.59,$0.5702
08/09/2018,$0.55,"29,550",$0.55,$0.58,$0.55
08/08/2018,$0.5493,"18,900",$0.57,$0.575,$0.5357
08/07/2018,$0.5228,"19,473",$0.5962,$0.5962,$0.50
08/06/2018,$0.5999,"4,873",$0.58,$0.5999,$0.58
08/03/2018,$0.565,"14,915",$0.60,$0.60,$0.55
08/02/2018,$0.60,N/A,$0.60,$0.60,$0.60
08/01/2018,$0.60,"41,430",$0.60,$0.60,$0.5665
07/31/2018,$0.59,"1,011",$0.60,$0.60,$0.51
07/30/2018,$0.5972,"8,400",$0.60,$0.60,$0.5972
07/27/2018,$0.5471,"2,841",$0.55,$0.55,$0.5471
07/26/2018,$0.5614,N/A,$0.5614,$0.5614,$0.5614
07/25/2018,$0.5614,"13,818",$0.52,$0.5614,$0.48
07/24/2018,$0.5176,"19,420",$0.60,$0.60,$0.5155
07/23/2018,$0.59,"88,545",$0.555,$0.60,$0.5199
07/20/2018,$0.519,"44,424",$0.50,$0.52,$0.50
07/19/2018,$0.4998,"174,579",$0.47,$0.5084,$0.47
07/18/2018,$0.47,500,$0.47,$0.47,$0.47
07/17/2018,$0.44,"1,000",$0.44,$0.44,$0.44
07/16/2018,$0.4478,"5,498",$0.438,$0.45,$0.42
07/13/2018,$0.4501,"63,882",$0.48,$0.49,$0.45
07/12/2018,$0.47,"44,500",$0.4314,$0.48,$0.4275
07/11/2018,$0.40,"39,100",$0.42,$0.4299,$0.3998
07/10/2018,$0.4062,"28,500",$0.40,$0.43,$0.40
07/09/2018,$0.351,N/A,$0.351,$0.351,$0.351
07/06/2018,$0.351,N/A,$0.351,$0.351,$0.351
07/05/2018,$0.351,N/A,$0.351,$0.351,$0.351
07/03/2018,$0.351,"224,766",$0.40,$0.44,$0.351
07/02/2018,$0.39,"44,200",$0.358,$0.39,$0.3491
06/29/2018,$0.34,"115,200",$0.29,$0.34,$0.29
06/28/2018,$0.28,N/A,$0.28,$0.28,$0.28
06/27/2018,$0.28,"6,186",$0.28,$0.28,$0.28
06/26/2018,$0.2907,"148,001",$0.292,$0.292,$0.24
06/25/2018,$0.2962,"48,500",$0.30,$0.31,$0.28
06/22/2018,$0.34,N/A,$0.34,$0.34,$0.34
06/21/2018,$0.34,604,$0.34,$0.34,$0.34
06/20/2018,$0.29,"2,200",$0.30,$0.30,$0.29
06/19/2018,$0.28,"59,677",$0.28,$0.29,$0.279
06/18/2018,$0.30,"4,600",$0.35,$0.35,$0.29
06/15/2018,$0.2988,"28,973",$0.2826,$0.30,$0.28
06/14/2018,$0.28,"125,280",$0.3075,$0.3225,$0.28
06/13/2018,$0.40,"117,685",$0.30,$0.40,$0.30
06/12/2018,$0.30,"5,396",$0.30,$0.3001,$0.30
06/11/2018,$0.3257,"10,100",$0.35,$0.35,$0.3021
06/08/2018,$0.32,N/A,$0.32,$0.32,$0.32
06/07/2018,$0.32,600,$0.44,$0.45,$0.32
06/06/2018,$0.40,N/A,$0.40,$0.40,$0.40
06/05/2018,$0.40,N/A,$0.40,$0.40,$0.40
06/04/2018,$0.40,"7,830",$0.35,$0.40,$0.35
06/01/2018,$0.299,"6,000",$0.50,$0.50,$0.23
05/31/2018,$0.60,100,$0.60,$0.60,$0.60
05/30/2018,$0.5001,N/A,$0.5001,$0.5001,$0.5001
05/29/2018,$0.5001,N/A,$0.5001,$0.5001,$0.5001
05/25/2018,$0.5001,N/A,$0.5001,$0.5001,$0.5001
05/24/2018,$0.5001,N/A,$0.5001,$0.5001,$0.5001
05/23/2018,$0.5001,N/A,$0.5001,$0.5001,$0.5001
05/22/2018,$0.5001,605,$0.51,$0.51,$0.5001
05/21/2018,$0.57,700,$0.60,$0.60,$0.57
05/18/2018,$0.705,N/A,$0.705,$0.705,$0.705
05/17/2018,$0.705,"3,844",$0.64,$0.75,$0.64
05/16/2018,$0.62,300,$0.65,$0.65,$0.62
05/15/2018,$0.69,"2,531",$0.65,$0.761,$0.62
05/14/2018,$0.612,"1,400",$0.60,$0.612,$0.60
05/11/2018,$0.55,N/A,$0.55,$0.55,$0.55
05/10/2018,$0.55,"1,400",$0.5575,$0.5575,$0.55
05/09/2018,$0.55,N/A,$0.55,$0.55,$0.55
05/08/2018,$0.55,N/A,$0.55,$0.55,$0.55
05/07/2018,$0.55,N/A,$0.55,$0.55,$0.55
05/04/2018,$0.55,N/A,$0.55,$0.55,$0.55
05/03/2018,$0.55,N/A,$0.55,$0.55,$0.55
05/02/2018,$0.55,N/A,$0.55,$0.55,$0.55
05/01/2018,$0.55,N/A,$0.55,$0.55,$0.55
04/30/2018,$0.55,N/A,$0.55,$0.55,$0.55
04/27/2018,$0.55,N/A,$0.55,$0.55,$0.55
04/26/2018,$0.55,"5,600",$0.54,$0.55,$0.50
04/25/2018,$1.05,N/A,$1.05,$1.05,$1.05
04/24/2018,$1.05,N/A,$1.05,$1.05,$1.05
04/23/2018,$1.05,N/A,$1.05,$1.05,$1.05
04/20/2018,$1.05,N/A,$1.05,$1.05,$1.05
04/19/2018,$1.05,N/A,$1.05,$1.05,$1.05
04/18/2018,$1.05,N/A,$1.05,$1.05,$1.05
04/17/2018,$1.05,N/A,$1.05,$1.05,$1.05
04/16/2018,$1.05,N/A,$1.05,$1.05,$1.05
04/13/2018,$1.05,200,$1.05,$1.05,$1.05
04/12/2018,$1.30,275,$1.30,$1.30,$1.30
04/11/2018,$1.00,N/A,$1.00,$1.00,$1.00
04/10/2018,$1.00,700,$1.00,$1.00,$1.00
