Date,Close,Volume,Open,High,Low
03/01/2024,$8.00,"29,847",$8.06,$8.12,$7.91
02/29/2024,$8.12,"31,369",$8.14,$8.28,$8.01
02/28/2024,$8.08,"37,941",$8.245,$8.255,$8.05
02/27/2024,$8.24,"27,315",$8.21,$8.34,$8.20
02/26/2024,$8.22,"30,842",$8.32,$8.35,$8.15
02/23/2024,$8.19,"32,716",$8.05,$8.21,$8.05
02/22/2024,$8.01,"41,201",$8.20,$8.2439,$8.01
02/21/2024,$8.21,"49,571",$8.20,$8.3299,$8.12
02/20/2024,$8.16,"56,180",$8.26,$8.305,$8.15
02/16/2024,$8.23,"39,281",$8.14,$8.28,$8.02
02/15/2024,$8.25,"37,023",$8.06,$8.335,$8.05
02/14/2024,$7.93,"78,400",$7.90,$7.95,$7.83
02/13/2024,$7.84,"72,088",$8.00,$8.16,$7.84
02/12/2024,$8.09,"47,354",$7.98,$8.2199,$7.96
02/09/2024,$8.03,"53,843",$8.00,$8.085,$7.96
02/08/2024,$7.98,"17,345",$8.13,$8.13,$7.92
02/07/2024,$8.00,"55,123",$8.17,$8.18,$7.94
02/06/2024,$8.17,"27,278",$8.27,$8.38,$8.13
02/05/2024,$8.26,"19,541",$8.31,$8.37,$8.17
02/02/2024,$8.31,"19,117",$8.25,$8.41,$8.22
02/01/2024,$8.33,"44,451",$8.53,$8.65,$8.11
01/31/2024,$8.51,"53,217",$8.64,$8.70,$8.51
01/30/2024,$8.70,"107,931",$8.81,$8.90,$8.70
01/29/2024,$8.85,"17,338",$8.85,$8.90,$8.74
01/26/2024,$8.80,"26,497",$8.75,$8.88,$8.73
01/25/2024,$8.76,"46,834",$8.75,$8.825,$8.65
01/24/2024,$8.75,"30,731",$8.72,$8.89,$8.71
01/23/2024,$8.72,"60,914",$8.59,$8.94,$8.59
01/22/2024,$8.89,"23,425",$8.91,$8.935,$8.86
01/19/2024,$8.88,"21,541",$8.80,$8.91,$8.74
01/18/2024,$8.805,"42,511",$8.85,$8.95,$8.76
01/17/2024,$8.83,"26,994",$8.80,$8.91,$8.77
01/16/2024,$8.87,"38,840",$8.78,$8.94,$8.25
01/12/2024,$8.92,"34,133",$8.99,$9.14,$8.87
01/11/2024,$9.01,"37,252",$9.00,$9.15,$8.89
01/10/2024,$9.02,"30,314",$9.01,$9.07,$8.95
01/09/2024,$9.06,"35,395",$9.10,$9.13,$8.98
01/08/2024,$9.10,"32,430",$9.10,$9.20,$9.05
01/05/2024,$9.10,"55,288",$9.10,$9.251,$9.00
01/04/2024,$9.13,"72,626",$8.80,$9.15,$8.80
01/03/2024,$8.83,"57,402",$8.96,$9.02,$8.73
01/02/2024,$8.95,"34,127",$8.95,$9.18,$8.78
12/29/2023,$9.00,"32,361",$8.93,$9.14,$8.86
12/28/2023,$8.93,"38,009",$8.87,$8.98,$8.81
12/27/2023,$8.89,"68,403",$8.75,$8.908,$8.74
12/26/2023,$8.74,"34,233",$8.65,$8.75,$8.65
12/22/2023,$8.65,"85,626",$8.65,$8.73,$8.36
12/21/2023,$8.65,"26,557",$8.62,$8.70,$8.5388
12/20/2023,$8.60,"52,200",$8.58,$8.67,$8.48
12/19/2023,$8.61,"71,657",$8.45,$8.65,$8.42
12/18/2023,$8.41,"44,439",$8.30,$8.60,$8.18
12/15/2023,$8.26,"110,125",$8.26,$8.64,$8.11
12/14/2023,$8.23,"55,716",$8.25,$8.305,$8.11
12/13/2023,$8.20,"37,265",$8.08,$8.25,$8.03
12/12/2023,$8.05,"30,083",$8.18,$8.18,$7.98
12/11/2023,$8.18,"12,680",$8.18,$8.235,$8.135
12/08/2023,$8.18,"16,918",$8.15,$8.22,$8.12
12/07/2023,$8.15,"27,241",$8.07,$8.15,$8.06
12/06/2023,$8.05,"32,860",$8.02,$8.13,$7.99
12/05/2023,$7.98,"21,624",$8.02,$8.15,$7.98
12/04/2023,$8.11,"36,791",$8.05,$8.15,$8.01
12/01/2023,$8.05,"29,667",$7.85,$8.07,$7.85
11/30/2023,$7.85,"27,623",$7.91,$7.91,$7.79
11/29/2023,$7.87,"40,288",$7.78,$7.87,$7.78
11/28/2023,$7.74,"87,077",$7.82,$7.82,$7.61
11/27/2023,$7.78,"79,765",$7.75,$7.85,$7.75
11/24/2023,$7.79,"32,423",$7.76,$7.79,$7.70
11/22/2023,$7.73,"52,459",$7.80,$7.80,$7.68
11/21/2023,$7.78,"45,380",$7.80,$7.84,$7.75
11/20/2023,$7.79,"83,438",$7.82,$7.85,$7.76
11/17/2023,$7.78,"34,751",$7.79,$7.80,$7.76
11/16/2023,$7.73,"43,494",$7.78,$7.78,$7.62
11/15/2023,$7.73,"86,047",$7.76,$7.80,$7.67
11/14/2023,$7.71,"61,412",$7.54,$7.77,$7.50
11/13/2023,$7.38,"61,304",$7.32,$7.45,$7.27
11/10/2023,$7.36,"54,558",$7.38,$7.41,$7.32
11/09/2023,$7.35,"97,860",$7.23,$7.44,$7.12
11/08/2023,$7.22,"228,736",$7.495,$7.54,$7.16
11/07/2023,$7.44,"113,744",$7.41,$7.52,$7.3501
11/06/2023,$7.47,"77,888",$7.54,$7.55,$7.43
11/03/2023,$7.48,"163,787",$7.42,$7.58,$7.40
11/02/2023,$7.33,"168,117",$7.19,$7.41,$7.18
11/01/2023,$7.20,"57,156",$7.14,$7.20,$7.07
10/31/2023,$7.17,"112,591",$7.12,$7.21,$7.11
10/30/2023,$7.15,"101,156",$7.13,$7.21,$7.10
10/27/2023,$7.12,"48,960",$7.18,$7.18,$7.05
10/26/2023,$7.18,"49,449",$7.00,$7.31,$7.00
10/25/2023,$7.03,"65,157",$7.26,$7.26,$6.63
10/24/2023,$6.85,"53,046",$6.90,$7.20,$6.85
10/23/2023,$6.89,"111,460",$6.89,$7.05,$6.85
10/20/2023,$6.93,"73,047",$6.925,$7.00,$6.83
10/19/2023,$7.00,"9,637",$7.00,$7.06,$6.91
10/18/2023,$6.97,"21,099",$7.04,$7.04,$6.85
10/17/2023,$7.02,"40,233",$7.22,$7.22,$7.02
10/16/2023,$7.01,"25,928",$7.05,$7.12,$7.01
10/13/2023,$6.97,"85,210",$7.20,$7.20,$6.914
10/12/2023,$7.13,"23,084",$7.12,$7.16,$7.02
10/11/2023,$7.15,"22,163",$7.10,$7.21,$7.03
10/10/2023,$7.05,"21,996",$7.10,$7.15,$7.02
10/09/2023,$7.00,"14,443",$6.95,$7.08,$6.92
10/06/2023,$7.00,"37,872",$6.92,$7.06,$6.89
10/05/2023,$6.94,"65,318",$6.67,$7.0197,$6.67
10/04/2023,$6.63,"24,381",$6.54,$6.70,$6.515
10/03/2023,$6.51,"44,357",$6.45,$6.55,$6.40
10/02/2023,$6.45,"31,179",$6.55,$6.55,$6.39
09/29/2023,$6.49,"19,789",$6.50,$6.54,$6.48
09/28/2023,$6.48,"9,831",$6.56,$6.59,$6.48
09/27/2023,$6.43,"11,793",$6.44,$6.51,$6.43
09/26/2023,$6.44,"17,561",$6.505,$6.54,$6.44
09/25/2023,$6.50,"14,918",$6.57,$6.59,$6.50
09/22/2023,$6.55,"81,623",$6.44,$6.73,$6.435
09/21/2023,$6.45,"35,930",$6.32,$6.48,$6.32
09/20/2023,$6.35,"26,219",$6.35,$6.46,$6.32
09/19/2023,$6.31,"41,123",$6.36,$6.44,$6.2975
09/18/2023,$6.39,"19,633",$6.38,$6.46,$6.32
09/15/2023,$6.44,"49,360",$6.46,$6.48,$6.34
09/14/2023,$6.47,"37,353",$6.30,$6.50,$6.30
09/13/2023,$6.29,"33,718",$6.34,$6.39,$6.29
09/12/2023,$6.39,"19,272",$6.34,$6.47,$6.24
09/11/2023,$6.27,"142,967",$6.375,$6.55,$6.2301
09/08/2023,$6.32,"19,705",$6.27,$6.37,$6.24
09/07/2023,$6.31,"49,240",$6.25,$6.31,$6.19
09/06/2023,$6.25,"40,426",$6.27,$6.29,$6.15
09/05/2023,$6.25,"25,392",$6.37,$6.37,$6.21
09/01/2023,$6.41,"17,962",$6.30,$6.44,$6.30
08/31/2023,$6.30,"23,762",$6.301,$6.36,$6.16
08/30/2023,$6.30,"25,966",$6.31,$6.35,$6.25
08/29/2023,$6.30,"18,389",$6.32,$6.40,$6.27
08/28/2023,$6.27,"20,435",$6.27,$6.35,$6.253
08/25/2023,$6.22,"23,116",$6.24,$6.28,$6.12
08/24/2023,$6.24,"31,069",$6.26,$6.3265,$6.15
08/23/2023,$6.22,"22,123",$6.27,$6.43,$6.20
08/22/2023,$6.22,"43,799",$6.31,$6.32,$6.09
08/21/2023,$6.27,"39,326",$6.35,$6.38,$6.22
08/18/2023,$6.37,"10,096",$6.26,$6.395,$6.26
08/17/2023,$6.30,"15,767",$6.295,$6.38,$6.25
08/16/2023,$6.31,"19,216",$6.25,$6.33,$6.25
08/15/2023,$6.32,"29,726",$6.32,$6.38,$6.25
08/14/2023,$6.36,"40,187",$6.43,$6.43,$6.35
08/11/2023,$6.43,"13,214",$6.35,$6.44,$6.35
08/10/2023,$6.39,"36,704",$6.37,$6.43,$6.32
08/09/2023,$6.39,"36,264",$6.45,$6.45,$6.33
08/08/2023,$6.40,"63,466",$6.45,$6.51,$6.3701
08/07/2023,$6.58,"54,492",$6.61,$6.64,$6.53
08/04/2023,$6.60,"88,321",$6.65,$6.69,$6.5001
08/03/2023,$6.60,"31,948",$6.57,$6.65,$6.4501
08/02/2023,$6.51,"38,720",$6.57,$6.65,$6.485
08/01/2023,$6.61,"33,520",$6.69,$6.69,$6.52
07/31/2023,$6.69,"35,038",$6.71,$6.71,$6.60
07/28/2023,$6.70,"22,929",$6.52,$6.70,$6.51
07/27/2023,$6.51,"50,576",$6.64,$6.64,$6.445
07/26/2023,$6.50,"63,557",$6.48,$6.72,$6.42
07/25/2023,$6.41,"9,435",$6.51,$6.51,$6.40
07/24/2023,$6.51,"22,286",$6.50,$6.515,$6.45
07/21/2023,$6.45,"13,599",$6.555,$6.555,$6.39
07/20/2023,$6.48,"23,623",$6.445,$6.48,$6.365
07/19/2023,$6.50,"39,335",$6.32,$6.50,$6.2607
07/18/2023,$6.33,"44,691",$6.08,$6.33,$6.08
07/17/2023,$6.06,"21,552",$6.08,$6.115,$6.04
07/14/2023,$6.06,"20,763",$6.18,$6.18,$5.975
07/13/2023,$6.10,"54,973",$5.94,$6.10,$5.94
07/12/2023,$5.97,"32,607",$5.88,$6.05,$5.86
07/11/2023,$5.82,"39,396",$5.845,$5.99,$5.82
07/10/2023,$5.80,"20,107",$5.88,$5.97,$5.80
07/07/2023,$5.86,"31,263",$5.81,$5.91,$5.77
07/06/2023,$5.78,"111,345",$5.88,$5.88,$5.68
07/05/2023,$5.87,"31,223",$5.83,$5.90,$5.78
07/03/2023,$5.90,"3,146",$5.85,$5.92,$5.85
06/30/2023,$5.84,"15,508",$5.87,$5.87,$5.80
06/29/2023,$5.87,"9,718",$5.94,$5.96,$5.81
06/28/2023,$5.81,"28,445",$5.96,$5.96,$5.795
06/27/2023,$5.92,"20,313",$5.91,$5.97,$5.78
06/26/2023,$5.90,"28,382",$5.77,$5.93,$5.75
06/23/2023,$5.77,"43,466",$5.75,$5.8798,$5.75
06/22/2023,$5.75,"95,276",$5.88,$5.88,$5.68
06/21/2023,$5.87,"49,201",$5.88,$5.91,$5.835
06/20/2023,$5.92,"51,701",$5.91,$6.00,$5.88
06/16/2023,$5.89,"42,963",$6.13,$6.13,$5.87
06/15/2023,$6.12,"65,773",$5.97,$6.16,$5.97
06/14/2023,$5.95,"52,517",$6.05,$6.15,$5.89
06/13/2023,$6.05,"44,463",$5.88,$6.10,$5.88
06/12/2023,$5.88,"32,078",$6.025,$6.06,$5.86
06/09/2023,$5.95,"46,386",$6.00,$6.08,$5.95
06/08/2023,$6.01,"24,133",$6.14,$6.14,$5.98
06/07/2023,$6.15,"57,132",$6.08,$6.18,$6.08
06/06/2023,$6.07,"92,528",$5.92,$6.12,$5.92
06/05/2023,$5.82,"91,956",$5.96,$5.96,$5.63
06/02/2023,$5.97,"61,682",$5.73,$6.00,$5.73
06/01/2023,$5.69,"54,430",$5.70,$5.74,$5.61
05/31/2023,$5.66,"66,273",$5.75,$5.78,$5.58
05/30/2023,$5.75,"36,271",$5.93,$5.93,$5.66
05/26/2023,$5.90,"67,177",$5.83,$5.92,$5.675
05/25/2023,$5.88,"48,609",$5.95,$6.015,$5.86
05/24/2023,$5.98,"67,744",$6.10,$6.18,$5.87
05/23/2023,$6.09,"85,249",$6.00,$6.28,$6.00
05/22/2023,$5.98,"98,614",$5.95,$6.055,$5.86
05/19/2023,$5.95,"47,068",$6.035,$6.08,$5.90
05/18/2023,$6.05,"49,329",$6.13,$6.15,$6.04
05/17/2023,$6.12,"75,558",$5.95,$6.12,$5.95
05/16/2023,$5.84,"43,266",$5.89,$5.982,$5.84
05/15/2023,$5.90,"29,320",$5.87,$6.02,$5.87
05/12/2023,$5.85,"125,575",$5.89,$5.96,$5.82
05/11/2023,$5.85,"36,842",$5.90,$5.92,$5.77
05/10/2023,$5.94,"44,197",$5.96,$5.99,$5.85
05/09/2023,$5.84,"52,736",$6.01,$6.01,$5.715
05/08/2023,$6.02,"71,865",$6.07,$6.1563,$6.01
05/05/2023,$6.00,"88,302",$6.02,$6.11,$5.87
05/04/2023,$5.85,"160,670",$6.15,$6.26,$5.80
05/03/2023,$6.15,"187,747",$6.08,$6.42,$6.05
05/02/2023,$6.01,"195,651",$6.45,$6.45,$5.84
05/01/2023,$6.40,"117,566",$6.80,$6.81,$6.33
04/28/2023,$6.77,"164,268",$6.87,$7.06,$6.65
04/27/2023,$6.86,"72,552",$7.06,$7.11,$6.76
04/26/2023,$7.10,"56,621",$7.46,$7.565,$7.01
04/25/2023,$7.54,"87,148",$7.83,$7.83,$7.38
04/24/2023,$7.90,"83,298",$7.77,$7.99,$7.77
04/21/2023,$7.74,"130,965",$7.85,$7.88,$7.66
04/20/2023,$7.88,"63,043",$7.85,$7.915,$7.70
04/19/2023,$7.87,"67,411",$7.64,$7.87,$7.53
04/18/2023,$7.57,"89,257",$7.67,$7.785,$7.44
04/17/2023,$7.70,"45,239",$7.78,$7.78,$7.47
04/14/2023,$7.75,"50,759",$7.89,$7.89,$7.61
04/13/2023,$7.84,"52,679",$7.88,$7.91,$7.75
04/12/2023,$7.92,"62,058",$7.90,$7.945,$7.75
04/11/2023,$7.92,"65,372",$7.94,$8.025,$7.85
04/10/2023,$7.96,"89,140",$8.06,$8.14,$7.88
04/06/2023,$8.06,"18,274",$8.10,$8.16,$7.99
04/05/2023,$8.15,"49,139",$8.09,$8.215,$7.96
04/04/2023,$8.08,"51,331",$8.35,$8.35,$8.03
04/03/2023,$8.35,"73,000",$8.18,$8.49,$8.18
03/31/2023,$8.21,"28,678",$8.28,$8.28,$8.12
03/30/2023,$8.24,"22,127",$8.30,$8.445,$8.20
03/29/2023,$8.35,"19,729",$8.44,$8.44,$8.31
03/28/2023,$8.39,"50,928",$8.40,$8.4906,$8.27
03/27/2023,$8.40,"88,516",$8.68,$8.75,$8.40
03/24/2023,$8.62,"54,022",$8.24,$8.62,$8.1987
03/23/2023,$8.27,"65,940",$8.49,$8.5711,$8.17
03/22/2023,$8.50,"63,504",$8.655,$8.77,$8.45
03/21/2023,$8.86,"61,203",$8.68,$8.93,$8.60
03/20/2023,$8.56,"130,375",$8.75,$8.95,$8.14
03/17/2023,$8.65,"113,767",$9.30,$9.3382,$8.52
03/16/2023,$9.44,"60,093",$8.79,$9.525,$8.66
03/15/2023,$8.89,"57,870",$8.72,$9.04,$8.67
03/14/2023,$8.85,"72,458",$9.02,$9.36,$8.75
03/13/2023,$8.79,"83,359",$9.18,$9.18,$8.67
03/10/2023,$9.39,"69,738",$9.55,$9.55,$9.1998
03/09/2023,$9.63,"73,100",$9.93,$9.93,$9.5101
03/08/2023,$9.89,"65,843",$9.438,$9.93,$9.438
03/07/2023,$9.84,"51,633",$9.86,$9.90,$9.69
03/06/2023,$9.90,"25,429",$9.94,$9.96,$9.85
03/03/2023,$9.94,"30,694",$9.92,$9.99,$9.88
03/02/2023,$9.93,"28,505",$10.01,$10.01,$9.895
03/01/2023,$10.01,"39,657",$10.04,$10.07,$9.89
02/28/2023,$10.08,"46,251",$10.10,$10.12,$10.01
02/27/2023,$10.08,"29,366",$10.055,$10.09,$9.97
02/24/2023,$9.94,"24,417",$9.91,$10.03,$9.78
02/23/2023,$10.09,"21,497",$10.08,$10.09,$9.97
02/22/2023,$10.00,"75,567",$10.11,$10.16,$9.96
02/21/2023,$10.04,"76,655",$9.77,$10.12,$9.77
02/17/2023,$10.03,"104,577",$9.88,$10.04,$9.86
02/16/2023,$9.90,"68,840",$9.57,$9.93,$9.57
02/15/2023,$9.67,"35,516",$9.70,$9.78,$9.54
02/14/2023,$9.71,"41,890",$9.83,$9.885,$9.70
02/13/2023,$9.83,"46,281",$9.735,$9.90,$9.735
02/10/2023,$9.72,"30,169",$9.555,$9.72,$9.555
02/09/2023,$9.60,"20,701",$9.88,$9.88,$9.56
02/08/2023,$9.81,"30,310",$10.14,$10.15,$9.76
02/07/2023,$10.09,"75,250",$9.72,$10.20,$9.72
02/06/2023,$9.93,"36,011",$9.93,$9.95,$9.895
02/03/2023,$9.92,"52,879",$9.81,$9.95,$9.81
02/02/2023,$9.92,"43,509",$9.825,$9.92,$9.825
02/01/2023,$9.80,"65,914",$9.75,$9.90,$9.75
01/31/2023,$9.75,"93,806",$9.65,$9.75,$9.555
01/30/2023,$9.64,"21,273",$9.63,$9.68,$9.56
01/27/2023,$9.64,"45,179",$9.72,$9.73,$9.58
01/26/2023,$9.70,"37,883",$9.64,$9.71,$9.64
01/25/2023,$9.61,"35,463",$9.75,$9.84,$9.47
01/24/2023,$9.46,"39,640",$9.43,$9.46,$9.35
01/23/2023,$9.49,"24,154",$9.45,$9.58,$9.44
01/20/2023,$9.45,"26,589",$9.49,$9.68,$9.44
01/19/2023,$9.48,"15,041",$9.56,$9.56,$9.42
01/18/2023,$9.50,"16,759",$9.61,$9.62,$9.46
01/17/2023,$9.61,"19,207",$9.74,$9.74,$9.58
01/13/2023,$9.74,"26,947",$9.56,$9.76,$9.51
01/12/2023,$9.62,"23,818",$9.70,$9.70,$9.53
01/11/2023,$9.71,"58,840",$9.95,$9.95,$9.61
01/10/2023,$9.88,"94,885",$9.73,$9.98,$9.73
01/09/2023,$9.69,"100,297",$9.60,$9.751,$9.52
01/06/2023,$9.55,"79,704",$9.50,$9.55,$9.50
01/05/2023,$9.47,"70,518",$9.40,$9.54,$9.3181
01/04/2023,$9.48,"34,580",$9.49,$9.50,$9.43
01/03/2023,$9.42,"38,753",$9.45,$9.50,$9.40
12/30/2022,$9.46,"43,950",$9.45,$9.49,$9.39
12/29/2022,$9.44,"17,363",$9.50,$9.50,$9.40
12/28/2022,$9.43,"14,083",$9.56,$9.58,$9.43
12/27/2022,$9.51,"11,696",$9.53,$9.63,$9.51
12/23/2022,$9.56,"22,249",$9.55,$9.6499,$9.55
12/22/2022,$9.51,"35,548",$9.63,$9.63,$9.43
12/21/2022,$9.61,"29,776",$9.74,$9.74,$9.60
12/20/2022,$9.63,"116,206",$9.11,$9.73,$9.08
12/19/2022,$9.06,"21,085",$9.14,$9.63,$9.06
12/16/2022,$9.08,"205,693",$9.15,$9.51,$8.79
12/15/2022,$9.25,"51,269",$9.41,$9.46,$9.16
12/14/2022,$9.42,"24,270",$9.43,$9.57,$9.38
12/13/2022,$9.37,"78,564",$9.76,$9.76,$9.36
12/12/2022,$9.64,"14,761",$9.74,$9.74,$9.60
12/09/2022,$9.71,"32,323",$9.75,$9.79,$9.66
12/08/2022,$9.72,"27,875",$9.77,$9.77,$9.58
12/07/2022,$9.72,"36,477",$9.77,$9.80,$9.67
12/06/2022,$9.77,"44,405",$9.80,$9.805,$9.70
12/05/2022,$9.84,"40,934",$9.76,$9.84,$9.645
12/02/2022,$9.85,"14,669",$9.70,$9.85,$9.5207
12/01/2022,$9.75,"21,132",$9.88,$9.88,$9.72
11/30/2022,$9.94,"43,646",$9.96,$9.995,$9.66
11/29/2022,$9.91,"28,380",$9.74,$10.00,$9.72
11/28/2022,$9.82,"45,022",$9.77,$10.25,$9.70
11/25/2022,$9.86,"19,547",$9.88,$9.99,$9.29
11/23/2022,$9.77,"28,831",$9.70,$9.90,$9.54
11/22/2022,$9.65,"37,022",$9.46,$9.70,$9.45
11/21/2022,$9.52,"41,364",$9.50,$9.75,$9.46
11/18/2022,$9.47,"34,951",$9.40,$9.50,$9.3771
11/17/2022,$9.40,"57,909",$9.26,$9.40,$9.2566
11/16/2022,$9.27,"53,820",$9.14,$9.33,$9.14
11/15/2022,$9.16,"19,532",$9.15,$9.19,$9.08
11/14/2022,$9.00,"26,962",$9.18,$9.20,$9.00
11/11/2022,$9.17,"36,720",$9.02,$9.20,$9.02
11/10/2022,$9.08,"41,212",$9.04,$9.10,$8.72
11/09/2022,$9.03,"40,666",$8.94,$9.04,$8.91
11/08/2022,$8.91,"21,355",$8.99,$8.99,$8.835
11/07/2022,$9.00,"23,897",$9.00,$9.09,$8.952
11/04/2022,$8.99,"12,982",$8.977,$8.99,$8.92
11/03/2022,$8.88,"55,299",$8.73,$8.905,$8.73
11/02/2022,$8.75,"17,475",$8.775,$8.775,$8.75
11/01/2022,$8.78,"24,602",$8.66,$8.80,$8.66
10/31/2022,$8.75,"22,826",$8.79,$8.79,$8.65
10/28/2022,$8.80,"27,482",$8.64,$8.84,$8.59
10/27/2022,$8.57,"41,500",$8.49,$8.62,$8.49
10/26/2022,$8.51,"26,404",$8.55,$8.60,$8.48
10/25/2022,$8.44,"21,584",$8.25,$8.5808,$8.25
10/24/2022,$8.40,"16,294",$8.40,$8.40,$8.32
10/21/2022,$8.39,"15,800",$8.55,$8.55,$8.39
10/20/2022,$8.58,"9,862",$8.2852,$8.66,$8.2852
10/19/2022,$8.50,"11,319",$8.5757,$8.6173,$8.50
10/18/2022,$8.57,"12,277",$8.60,$8.70,$8.52
10/17/2022,$8.57,"13,427",$8.59,$8.60,$8.30
10/14/2022,$8.56,"9,113",$8.40,$8.59,$8.40
10/13/2022,$8.59,"13,919",$8.23,$8.65,$8.23
10/12/2022,$8.37,"12,434",$8.14,$8.43,$8.14
10/11/2022,$8.26,"17,238",$8.21,$8.42,$8.16
10/10/2022,$8.26,"10,558",$8.25,$8.42,$8.22
10/07/2022,$8.26,"13,411",$8.14,$8.39,$8.14
10/06/2022,$8.35,"7,326",$8.4275,$8.4454,$8.31
10/05/2022,$8.41,"44,863",$8.48,$8.59,$8.27
10/04/2022,$8.57,"27,176",$8.505,$8.69,$8.50
10/03/2022,$8.47,"28,534",$8.32,$8.55,$8.09
09/30/2022,$8.13,"15,021",$8.13,$8.21,$8.09
09/29/2022,$8.13,"6,655",$8.04,$8.14,$8.015
09/28/2022,$8.03,"18,078",$7.99,$8.31,$7.91
09/27/2022,$7.91,"12,298",$8.06,$8.09,$7.87
09/26/2022,$8.00,"11,381",$8.01,$8.10,$7.95
09/23/2022,$8.15,"10,845",$8.11,$8.215,$8.05
09/22/2022,$8.33,"15,144",$8.21,$8.37,$8.20
09/21/2022,$8.24,"17,629",$8.25,$8.4017,$8.21
09/20/2022,$8.35,"28,706",$8.21,$8.38,$8.195
09/19/2022,$8.34,"16,078",$8.04,$8.37,$8.03
09/16/2022,$8.01,"101,660",$8.11,$8.29,$8.01
09/15/2022,$8.36,"14,743",$8.04,$8.38,$8.04
09/14/2022,$8.16,"28,554",$8.20,$8.45,$8.16
09/13/2022,$8.27,"24,053",$8.35,$8.52,$8.27
09/12/2022,$8.58,"18,599",$8.60,$8.65,$8.51
09/09/2022,$8.55,"16,796",$8.55,$8.70,$8.50
09/08/2022,$8.45,"14,011",$8.14,$8.55,$8.14
09/07/2022,$8.24,"13,371",$8.16,$8.32,$8.1117
09/06/2022,$8.21,"14,486",$8.20,$8.27,$8.095
09/02/2022,$8.30,"8,200",$8.40,$8.40,$8.11
09/01/2022,$8.43,"14,472",$8.38,$8.43,$8.28
08/31/2022,$8.33,"19,215",$8.37,$8.465,$8.28
08/30/2022,$8.40,"8,197",$8.44,$8.6476,$8.32
08/29/2022,$8.50,"30,209",$8.56,$8.67,$8.41
08/26/2022,$8.69,"25,016",$8.9515,$8.9752,$8.6607
08/25/2022,$9.00,"13,080",$9.07,$9.1205,$8.9594
08/24/2022,$9.09,"15,491",$9.12,$9.20,$9.03
08/23/2022,$9.07,"22,623",$9.10,$9.37,$9.05
08/22/2022,$9.08,"42,004",$9.10,$9.26,$9.02
08/19/2022,$9.08,"23,713",$9.00,$9.10,$8.90
08/18/2022,$9.08,"13,101",$9.03,$9.08,$8.90
08/17/2022,$9.00,"11,815",$8.98,$9.03,$8.89
08/16/2022,$8.985,"21,470",$8.97,$9.0899,$8.94
08/15/2022,$8.94,"11,328",$8.86,$9.00,$8.86
08/12/2022,$8.85,"26,862",$8.92,$9.00,$8.81
08/11/2022,$8.88,"19,865",$8.80,$8.93,$8.69
08/10/2022,$8.82,"14,876",$8.94,$8.99,$8.72
08/09/2022,$8.83,"12,015",$8.87,$8.9073,$8.73
08/08/2022,$8.93,"35,377",$8.95,$9.00,$8.885
08/05/2022,$8.82,"25,092",$8.80,$8.9699,$8.79
08/04/2022,$8.85,"27,636",$8.85,$8.90,$8.70
08/03/2022,$8.83,"17,261",$8.82,$8.87,$8.73
08/02/2022,$8.78,"20,790",$8.75,$8.83,$8.66
08/01/2022,$8.82,"73,301",$8.80,$9.03,$8.75
07/29/2022,$8.80,"43,446",$8.62,$9.04,$8.62
07/28/2022,$8.63,"34,458",$8.59,$8.99,$8.50
07/27/2022,$8.58,"54,456",$8.49,$8.75,$8.34
07/26/2022,$7.78,"20,848",$7.69,$7.89,$7.69
07/25/2022,$7.77,"38,622",$7.98,$8.0223,$7.68
07/22/2022,$7.84,"15,999",$7.78,$7.95,$7.70
07/21/2022,$7.73,"24,009",$7.72,$7.91,$7.6278
07/20/2022,$7.69,"20,757",$7.63,$7.75,$7.58
07/19/2022,$7.69,"28,782",$7.38,$7.75,$7.38
07/18/2022,$7.35,"45,754",$7.55,$7.6811,$7.35
07/15/2022,$7.47,"15,642",$7.40,$7.64,$7.35
07/14/2022,$7.41,"16,657",$7.26,$7.48,$7.26
07/13/2022,$7.42,"15,689",$7.25,$7.49,$7.25
07/12/2022,$7.26,"94,934",$7.46,$7.466,$7.26
07/11/2022,$7.39,"21,065",$7.34,$7.46,$7.33
07/08/2022,$7.42,"8,103",$7.44,$7.55,$7.42
07/07/2022,$7.47,"32,025",$7.47,$7.5782,$7.47
07/06/2022,$7.41,"36,907",$7.33,$7.49,$7.33
07/05/2022,$7.33,"33,248",$7.435,$7.435,$7.27
07/01/2022,$7.38,"17,324",$7.5412,$7.5412,$7.335
06/30/2022,$7.46,"12,038",$7.50,$7.60,$7.40
06/29/2022,$7.60,"14,056",$7.86,$7.86,$7.55
06/28/2022,$7.87,"40,590",$7.64,$7.93,$7.61
06/27/2022,$7.65,"11,670",$7.49,$7.695,$7.49
06/24/2022,$7.50,"19,295",$7.27,$7.61,$7.26
06/23/2022,$7.31,"17,756",$7.35,$7.47,$7.31
06/22/2022,$7.41,"26,291",$7.42,$7.54,$7.35
06/21/2022,$7.41,"38,182",$7.31,$7.54,$7.31
06/17/2022,$7.25,"72,234",$7.62,$7.62,$7.13
06/16/2022,$7.56,"23,086",$7.83,$7.85,$7.51
06/15/2022,$7.77,"21,087",$7.82,$7.99,$7.72
06/14/2022,$7.79,"16,031",$8.06,$8.06,$7.79
06/13/2022,$7.91,"18,111",$8.08,$8.0967,$7.91
06/10/2022,$8.13,"23,383",$8.03,$8.215,$7.995
06/09/2022,$8.07,"63,609",$8.44,$8.52,$7.73
06/08/2022,$8.44,"15,525",$8.51,$8.5118,$8.40
06/07/2022,$8.45,"29,527",$8.46,$8.61,$8.44
06/06/2022,$8.46,"15,130",$8.40,$8.46,$8.36
06/03/2022,$8.36,"25,030",$8.48,$8.60,$8.36
06/02/2022,$8.51,"16,644",$8.41,$8.56,$8.39
06/01/2022,$8.40,"29,880",$8.40,$8.59,$8.35
05/31/2022,$8.50,"14,446",$8.53,$8.555,$8.42
05/27/2022,$8.49,"27,483",$8.38,$8.53,$8.25
05/26/2022,$8.32,"26,044",$8.46,$8.675,$8.32
05/25/2022,$8.38,"20,837",$8.39,$8.57,$8.32
05/24/2022,$8.35,"29,377",$8.13,$8.44,$8.13
05/23/2022,$8.10,"36,125",$8.23,$8.23,$8.10
05/20/2022,$8.10,"31,196",$8.45,$8.45,$8.10
05/19/2022,$8.37,"21,162",$8.41,$8.44,$8.28
05/18/2022,$8.42,"17,404",$8.37,$8.54,$8.36
05/17/2022,$8.40,"20,247",$8.28,$8.49,$8.28
05/16/2022,$8.18,"41,618",$8.26,$8.29,$8.11
05/13/2022,$8.22,"20,178",$8.26,$8.26,$8.15
05/12/2022,$8.20,"19,374",$8.20,$8.28,$8.17
05/11/2022,$8.29,"25,791",$8.15,$8.39,$8.15
05/10/2022,$8.13,"30,049",$8.45,$8.45,$8.03
05/09/2022,$8.30,"36,808",$8.92,$8.92,$8.26
05/06/2022,$8.30,"17,310",$8.54,$8.54,$8.30
05/05/2022,$8.54,"16,049",$8.82,$8.82,$8.48
05/04/2022,$8.76,"24,598",$8.54,$8.76,$8.535
05/03/2022,$8.53,"33,669",$8.37,$8.665,$8.37
05/02/2022,$8.42,"45,457",$8.59,$8.65,$8.38
04/29/2022,$8.59,"81,136",$8.67,$8.69,$8.50
04/28/2022,$8.69,"18,928",$8.67,$8.845,$8.60
04/27/2022,$8.63,"43,668",$8.559,$8.806,$8.52
04/26/2022,$8.55,"28,191",$8.57,$8.71,$8.51
04/25/2022,$8.67,"21,631",$8.74,$8.755,$8.50
04/22/2022,$8.82,"11,605",$8.91,$8.95,$8.82
04/21/2022,$8.96,"14,839",$9.03,$9.03,$8.94
04/20/2022,$9.04,"21,902",$8.77,$9.08,$8.77
04/19/2022,$8.80,"6,953",$8.83,$8.84,$8.78
04/18/2022,$8.67,"25,739",$8.74,$8.8557,$8.65
04/14/2022,$8.70,"11,295",$8.67,$8.79,$8.65
04/13/2022,$8.67,"28,248",$8.68,$8.72,$8.6562
04/12/2022,$8.74,"29,205",$8.651,$8.86,$8.65
04/11/2022,$8.65,"37,165",$8.72,$8.80,$8.65
04/08/2022,$8.78,"11,460",$8.845,$8.885,$8.74
04/07/2022,$8.85,"45,438",$8.73,$8.89,$8.70
04/06/2022,$8.77,"13,676",$8.71,$8.92,$8.70
04/05/2022,$8.75,"19,870",$8.94,$8.9525,$8.75
04/04/2022,$8.91,"27,515",$8.95,$9.045,$8.90
04/01/2022,$8.95,"15,763",$9.06,$9.06,$8.95
03/31/2022,$8.94,"20,631",$8.97,$9.09,$8.94
03/30/2022,$9.01,"28,939",$9.12,$9.14,$9.00
03/29/2022,$9.12,"42,155",$9.19,$9.21,$8.995
03/28/2022,$9.18,"39,146",$9.07,$9.19,$8.935
03/25/2022,$9.10,"42,106",$8.79,$9.15,$8.66
03/24/2022,$8.75,"25,093",$8.87,$8.87,$8.67
03/23/2022,$8.80,"37,895",$8.96,$8.96,$8.785
03/22/2022,$8.99,"30,314",$8.96,$9.075,$8.9281
03/21/2022,$8.87,"68,055",$8.51,$8.93,$8.48
03/18/2022,$8.23,"280,615",$9.08,$9.08,$8.22
03/17/2022,$9.11,"10,975",$9.08,$9.175,$8.90
03/16/2022,$9.08,"15,780",$9.10,$9.19,$9.01
03/15/2022,$9.02,"17,041",$9.07,$9.11,$8.95
03/14/2022,$9.06,"21,147",$9.03,$9.255,$9.03
03/11/2022,$9.14,"9,525",$9.19,$9.19,$9.05
03/10/2022,$9.17,"23,056",$8.98,$9.20,$8.95
03/09/2022,$8.95,"21,621",$8.90,$9.14,$8.87
03/08/2022,$8.86,"59,214",$8.98,$8.98,$8.81
03/07/2022,$9.00,"36,416",$9.09,$9.16,$8.98
03/04/2022,$9.15,"26,736",$9.20,$9.21,$8.96
03/03/2022,$9.19,"17,170",$9.15,$9.20,$9.06
03/02/2022,$9.11,"21,600",$9.08,$9.26,$9.00
03/01/2022,$9.10,"39,397",$9.26,$9.43,$9.03
02/28/2022,$9.26,"22,859",$9.27,$9.35,$9.24
02/25/2022,$9.37,"22,580",$9.20,$9.41,$9.16
02/24/2022,$9.14,"66,797",$9.12,$9.15,$8.89
02/23/2022,$9.27,"55,007",$9.30,$9.5668,$9.27
02/22/2022,$9.27,"77,964",$9.35,$9.41,$9.25
02/18/2022,$9.35,"16,498",$9.34,$9.41,$9.34
02/17/2022,$9.34,"30,771",$9.29,$9.36,$9.26
02/16/2022,$9.26,"32,113",$9.26,$9.32,$9.16
02/15/2022,$9.34,"26,172",$9.28,$9.34,$9.16
02/14/2022,$9.24,"27,921",$9.20,$9.40,$9.20
02/11/2022,$9.18,"27,507",$9.30,$9.31,$9.15
02/10/2022,$9.41,"19,744",$9.20,$9.41,$9.20
02/09/2022,$9.20,"34,596",$9.20,$9.30,$9.02
02/08/2022,$9.20,"34,151",$9.20,$9.20,$9.10
02/07/2022,$9.19,"25,215",$9.17,$9.20,$9.17
02/04/2022,$9.17,"25,494",$9.20,$9.20,$9.11
02/03/2022,$9.16,"23,559",$9.20,$9.20,$9.10
02/02/2022,$9.19,"25,164",$9.15,$9.2824,$9.15
02/01/2022,$9.09,"39,203",$9.10,$9.27,$9.09
01/31/2022,$9.08,"44,487",$9.34,$9.34,$9.05
01/28/2022,$9.37,"29,504",$9.022,$9.37,$9.022
01/27/2022,$9.23,"17,428",$9.13,$9.33,$9.01
01/26/2022,$9.04,"37,651",$9.23,$9.23,$9.00
01/25/2022,$8.73,"98,767",$8.69,$8.73,$8.44
01/24/2022,$8.65,"28,532",$8.52,$8.75,$8.52
01/21/2022,$8.66,"35,904",$8.88,$8.94,$8.58
01/20/2022,$8.80,"21,664",$9.00,$9.00,$8.80
01/19/2022,$9.00,"28,961",$9.05,$9.21,$8.92
01/18/2022,$8.95,"15,789",$9.17,$9.23,$8.92
01/14/2022,$9.15,"15,469",$9.15,$9.1899,$9.06
01/13/2022,$9.13,"11,268",$9.15,$9.19,$9.06
01/12/2022,$9.10,"16,983",$9.13,$9.26,$9.06
01/11/2022,$9.14,"14,556",$9.26,$9.26,$9.10
01/10/2022,$9.16,"18,442",$9.25,$9.25,$9.11
01/07/2022,$9.20,"16,653",$9.23,$9.2766,$9.13
01/06/2022,$9.19,"14,993",$8.93,$9.27,$8.92
01/05/2022,$8.95,"14,496",$8.825,$9.1399,$8.81
01/04/2022,$8.89,"21,537",$8.90,$9.1177,$8.82
01/03/2022,$8.83,"21,717",$8.926,$8.96,$8.69
12/31/2021,$8.76,"7,569",$8.78,$8.93,$8.61
12/30/2021,$8.61,"24,239",$8.66,$8.80,$8.60
12/29/2021,$8.66,"11,539",$8.70,$8.76,$8.60
12/28/2021,$8.69,"8,670",$8.81,$8.81,$8.61
12/27/2021,$8.86,"30,508",$8.67,$8.86,$8.55
12/23/2021,$8.61,"7,351",$8.70,$8.75,$8.55
12/22/2021,$8.59,"7,258",$8.63,$8.75,$8.57
12/21/2021,$8.70,"26,182",$8.67,$8.8199,$8.54
12/20/2021,$8.70,"30,911",$8.92,$8.92,$8.56
12/17/2021,$8.90,"97,713",$8.81,$9.07,$8.55
12/16/2021,$8.85,"31,629",$8.79,$8.9307,$8.65
12/15/2021,$8.69,"18,445",$8.61,$8.82,$8.61
12/14/2021,$8.72,"48,249",$8.63,$8.77,$8.63
12/13/2021,$8.64,"63,493",$8.66,$8.81,$8.45
12/10/2021,$8.73,"22,014",$8.69,$8.79,$8.62
12/09/2021,$8.69,"20,395",$8.73,$8.808,$8.69
12/08/2021,$8.80,"15,875",$8.84,$8.86,$8.72
12/07/2021,$8.83,"33,107",$9.00,$9.02,$8.73
12/06/2021,$8.98,"21,947",$9.00,$9.0725,$8.7772
12/03/2021,$8.99,"36,381",$8.96,$9.30,$8.76
12/02/2021,$8.92,"34,247",$8.83,$9.00,$8.74
12/01/2021,$8.75,"37,901",$9.01,$9.01,$8.70
11/30/2021,$8.81,"34,336",$8.96,$9.0213,$8.80
11/29/2021,$9.00,"22,997",$9.30,$9.69,$8.95
11/26/2021,$9.21,"11,541",$9.41,$9.47,$9.20
11/24/2021,$9.60,"33,871",$9.67,$9.71,$9.49
11/23/2021,$9.67,"38,888",$9.56,$9.71,$9.42
11/22/2021,$9.48,"19,434",$9.40,$9.59,$9.40
11/19/2021,$9.37,"35,668",$9.53,$9.53,$9.36
11/18/2021,$9.53,"11,139",$9.50,$9.67,$9.41
11/17/2021,$9.50,"26,960",$9.56,$9.7199,$9.37
11/16/2021,$9.65,"62,305",$9.34,$9.73,$9.31
11/15/2021,$9.39,"67,255",$9.22,$9.56,$9.19
11/12/2021,$9.25,"18,622",$9.32,$9.35,$9.21
11/11/2021,$9.26,"11,202",$9.39,$9.43,$9.26
11/10/2021,$9.39,"10,248",$9.51,$9.585,$9.39
11/09/2021,$9.56,"10,689",$9.53,$9.7146,$9.52
11/08/2021,$9.63,"47,580",$9.40,$9.75,$9.35
11/05/2021,$9.40,"19,777",$9.31,$9.49,$9.26
11/04/2021,$9.29,"22,870",$9.50,$9.50,$9.18
11/03/2021,$9.51,"22,000",$9.58,$9.58,$9.435
11/02/2021,$9.63,"27,745",$9.58,$9.72,$9.50
11/01/2021,$9.60,"27,183",$9.81,$9.85,$9.505
10/29/2021,$9.73,"49,779",$9.93,$9.9773,$9.64
10/28/2021,$9.84,"68,700",$9.28,$9.88,$9.25
10/27/2021,$9.21,"69,122",$8.96,$9.22,$8.90
10/26/2021,$8.89,"38,607",$8.88,$9.00,$8.85
10/25/2021,$8.89,"32,565",$8.93,$9.02,$8.89
10/22/2021,$8.85,"22,200",$8.82,$8.915,$8.795
10/21/2021,$8.83,"23,592",$8.82,$8.88,$8.78
10/20/2021,$8.82,"30,464",$8.74,$8.895,$8.73
10/19/2021,$8.77,"19,286",$8.87,$8.87,$8.73
10/18/2021,$8.81,"25,449",$8.86,$8.91,$8.71
10/15/2021,$8.83,"54,961",$9.01,$9.04,$8.51
10/14/2021,$8.95,"34,582",$8.93,$9.02,$8.88
10/13/2021,$8.85,"31,801",$8.82,$9.01,$8.76
10/12/2021,$8.83,"21,331",$8.87,$8.88,$8.7552
10/11/2021,$8.89,"24,107",$8.95,$9.07,$8.84
10/08/2021,$8.96,"40,773",$8.80,$9.05,$8.80
10/07/2021,$8.83,"51,901",$8.81,$8.93,$8.79
10/06/2021,$8.80,"59,131",$8.76,$8.87,$8.57
10/05/2021,$8.78,"36,313",$8.73,$8.79,$8.63
10/04/2021,$8.69,"48,495",$8.58,$8.86,$8.51
10/01/2021,$8.76,"49,488",$8.54,$8.83,$8.54
09/30/2021,$8.53,"8,698",$8.65,$8.67,$8.50
09/29/2021,$8.67,"26,992",$8.50,$8.71,$8.50
09/28/2021,$8.53,"26,710",$8.62,$8.65,$8.51
09/27/2021,$8.64,"45,177",$8.43,$8.71,$8.43
09/24/2021,$8.40,"22,891",$8.39,$8.46,$8.32
09/23/2021,$8.42,"22,521",$8.35,$8.61,$8.335
09/22/2021,$8.27,"24,721",$8.27,$8.32,$8.195
09/21/2021,$8.20,"36,278",$8.26,$8.27,$8.14
09/20/2021,$8.19,"46,513",$8.39,$8.39,$8.05
09/17/2021,$8.53,"254,665",$8.30,$8.59,$8.08
09/16/2021,$8.07,"37,111",$8.12,$8.12,$8.00
09/15/2021,$8.10,"32,413",$8.00,$8.16,$8.00
09/14/2021,$8.02,"59,547",$8.17,$8.21,$7.97
09/13/2021,$8.19,"45,609",$8.12,$8.21,$8.09
09/10/2021,$8.12,"34,679",$8.21,$8.30,$8.04
09/09/2021,$8.21,"32,784",$8.265,$8.31,$8.21
09/08/2021,$8.30,"30,103",$8.20,$8.50,$8.20
09/07/2021,$8.43,"59,146",$8.60,$8.65,$8.41
09/03/2021,$8.62,"34,031",$8.68,$8.68,$8.53
09/02/2021,$8.79,"66,532",$8.50,$8.91,$8.50
09/01/2021,$8.52,"41,222",$8.55,$8.62,$8.50
08/31/2021,$8.58,"19,599",$8.58,$8.78,$8.54
08/30/2021,$8.56,"28,579",$8.70,$8.77,$8.52
08/27/2021,$8.73,"35,343",$8.75,$8.79,$8.72
08/26/2021,$8.73,"44,108",$8.72,$8.79,$8.67
08/25/2021,$8.73,"34,213",$8.74,$8.83,$8.72
08/24/2021,$8.72,"46,458",$8.75,$8.82,$8.70
08/23/2021,$8.77,"32,838",$8.94,$8.9799,$8.72
08/20/2021,$8.87,"34,028",$8.53,$8.96,$8.53
08/19/2021,$8.65,"61,874",$8.64,$8.86,$8.57
08/18/2021,$8.74,"47,154",$8.70,$8.83,$8.67
08/17/2021,$8.69,"21,249",$8.82,$8.83,$8.65
08/16/2021,$8.83,"373,606",$8.68,$8.8668,$8.65
08/13/2021,$8.76,"70,555",$8.6309,$8.855,$8.6309
08/12/2021,$8.68,"30,439",$8.67,$8.70,$8.645
08/11/2021,$8.70,"42,782",$8.61,$8.75,$8.61
08/10/2021,$8.68,"83,889",$8.59,$8.765,$8.48
08/09/2021,$8.60,"40,394",$8.55,$8.68,$8.50
08/06/2021,$8.54,"73,823",$8.52,$8.57,$8.489
08/05/2021,$8.48,"54,454",$8.38,$8.51,$8.38
08/04/2021,$8.35,"37,960",$8.44,$8.44,$8.29
08/03/2021,$8.37,"70,378",$8.34,$8.405,$8.17
08/02/2021,$8.33,"69,122",$8.50,$8.52,$8.30
07/30/2021,$8.46,"91,136",$8.54,$8.54,$8.41
07/29/2021,$8.47,"85,961",$8.645,$8.645,$8.31
07/28/2021,$8.35,"73,651",$8.15,$8.54,$8.15
07/27/2021,$8.13,"61,492",$8.09,$8.165,$8.00
07/26/2021,$8.12,"85,287",$8.285,$8.285,$8.11
07/23/2021,$8.11,"87,470",$8.05,$8.20,$8.05
07/22/2021,$8.01,"65,962",$8.06,$8.09,$7.96
07/21/2021,$8.11,"68,197",$8.21,$8.26,$8.10
07/20/2021,$8.11,"147,434",$7.88,$8.30,$7.88
07/19/2021,$7.88,"123,427",$7.82,$7.91,$7.76
07/16/2021,$7.99,"71,562",$8.19,$8.19,$7.96
07/15/2021,$8.14,"83,300",$8.04,$8.16,$8.04
07/14/2021,$8.10,"55,079",$8.12,$8.16,$8.05
07/13/2021,$8.11,"57,765",$8.17,$8.17,$8.07
07/12/2021,$8.20,"64,062",$7.98,$8.22,$7.98
07/09/2021,$8.00,"64,949",$7.84,$8.03,$7.81
07/08/2021,$7.75,"132,518",$7.84,$7.86,$7.72
07/07/2021,$7.95,"72,000",$7.98,$8.025,$7.93
07/06/2021,$8.00,"131,543",$8.14,$8.15,$7.95
07/02/2021,$8.13,"48,332",$8.18,$8.18,$8.07
07/01/2021,$8.16,"221,265",$8.20,$8.25,$8.10
06/30/2021,$8.15,"89,305",$8.24,$8.30,$8.15
06/29/2021,$8.26,"91,490",$8.26,$8.31,$8.19
06/28/2021,$8.23,"209,937",$8.05,$8.28,$8.05
06/25/2021,$8.03,"3,375,995",$8.11,$8.19,$8.01
06/24/2021,$8.09,"160,849",$8.09,$8.26,$8.04
06/23/2021,$8.04,"158,960",$8.09,$8.225,$8.025
06/22/2021,$8.09,"109,433",$8.27,$8.285,$8.05
06/21/2021,$8.27,"143,009",$8.05,$8.34,$8.04
06/18/2021,$8.01,"381,959",$8.12,$8.17,$8.01
06/17/2021,$8.27,"88,390",$8.50,$8.57,$8.24
06/16/2021,$8.50,"94,487",$8.37,$8.53,$8.24
06/15/2021,$8.42,"59,924",$8.35,$8.49,$8.35
06/14/2021,$8.34,"84,913",$8.54,$8.55,$8.275
06/11/2021,$8.51,"51,650",$8.46,$8.53,$8.46
06/10/2021,$8.44,"58,794",$8.58,$8.58,$8.40
06/09/2021,$8.52,"62,018",$8.51,$8.53,$8.465
06/08/2021,$8.54,"47,851",$8.49,$8.655,$8.46
06/07/2021,$8.50,"112,636",$8.57,$8.62,$8.50
06/04/2021,$8.59,"80,048",$8.55,$8.71,$8.47
06/03/2021,$8.52,"64,511",$8.45,$8.56,$8.35
06/02/2021,$8.46,"55,911",$8.51,$8.51,$8.39
06/01/2021,$8.46,"60,176",$8.53,$8.59,$8.44
05/28/2021,$8.51,"68,443",$8.43,$8.55,$8.35
05/27/2021,$8.43,"41,941",$8.25,$8.44,$8.25
05/26/2021,$8.23,"50,152",$8.20,$8.31,$8.17
05/25/2021,$8.13,"73,382",$8.40,$8.40,$8.13
05/24/2021,$8.41,"42,778",$8.48,$8.48,$8.31
05/21/2021,$8.48,"34,904",$8.47,$8.51,$8.40
05/20/2021,$8.34,"113,312",$8.39,$8.44,$8.08
05/19/2021,$8.42,"76,131",$8.21,$8.47,$8.05
05/18/2021,$8.30,"50,456",$8.52,$8.55,$8.30
05/17/2021,$8.55,"53,460",$8.54,$8.60,$8.39
05/14/2021,$8.58,"63,807",$8.60,$8.69,$8.45
05/13/2021,$8.49,"77,806",$8.13,$8.55,$8.13
05/12/2021,$8.15,"81,932",$8.14,$8.33,$8.11
05/11/2021,$8.16,"72,002",$8.14,$8.205,$8.06
05/10/2021,$8.205,"120,704",$8.20,$8.40,$8.20
05/07/2021,$8.32,"57,085",$8.31,$8.395,$8.24
05/06/2021,$8.38,"56,228",$8.32,$8.39,$8.17
05/05/2021,$8.20,"79,783",$8.28,$8.29,$8.15
05/04/2021,$8.27,"66,082",$8.24,$8.37,$8.22
05/03/2021,$8.28,"91,647",$8.20,$8.44,$8.09
04/30/2021,$8.10,"95,650",$8.13,$8.31,$8.08
04/29/2021,$8.22,"93,853",$8.365,$8.53,$8.05
04/28/2021,$8.45,"129,270",$8.33,$8.56,$8.1601
04/27/2021,$8.00,"109,271",$8.00,$8.07,$7.88
04/26/2021,$7.90,"164,583",$7.85,$7.98,$7.7706
04/23/2021,$7.87,"64,060",$7.715,$7.93,$7.54
04/22/2021,$7.52,"64,547",$7.80,$7.80,$7.52
04/21/2021,$7.77,"66,293",$7.69,$7.83,$7.60
04/20/2021,$7.69,"47,571",$7.99,$8.08,$7.69
04/19/2021,$8.01,"66,620",$8.14,$8.14,$7.91
04/16/2021,$8.11,"56,825",$8.21,$8.21,$8.01
04/15/2021,$8.18,"39,119",$8.31,$8.363,$8.05
04/14/2021,$8.30,"48,007",$8.27,$8.44,$8.18
04/13/2021,$8.13,"57,398",$8.29,$8.29,$8.06
04/12/2021,$8.33,"82,751",$8.05,$8.40,$8.01
04/09/2021,$8.09,"50,018",$8.24,$8.24,$8.03
04/08/2021,$8.21,"60,295",$8.15,$8.22,$8.02
04/07/2021,$8.16,"59,212",$8.52,$8.52,$8.13
04/06/2021,$8.53,"68,823",$8.42,$8.63,$8.41
04/05/2021,$8.41,"261,534",$8.50,$8.50,$8.28
04/01/2021,$8.50,"121,205",$8.43,$8.585,$8.33
03/31/2021,$8.43,"187,937",$8.60,$8.73,$8.41
03/30/2021,$8.59,"123,523",$8.22,$8.67,$8.22
03/29/2021,$8.30,"289,381",$8.50,$8.79,$8.25
03/26/2021,$8.59,"128,366",$8.44,$8.61,$8.37
03/25/2021,$8.30,"98,582",$7.98,$8.33,$7.90
03/24/2021,$7.97,"143,364",$8.275,$8.275,$7.89
03/23/2021,$7.89,"219,703",$7.95,$8.27,$7.89
03/22/2021,$8.04,"415,642",$8.52,$8.52,$8.04
03/19/2021,$8.33,"297,500",$8.40,$8.67,$8.26
03/18/2021,$8.37,"179,616",$8.46,$8.86,$8.34
03/17/2021,$8.54,"171,878",$8.54,$8.77,$8.50
03/16/2021,$8.62,"61,131",$8.81,$8.81,$8.60
03/15/2021,$8.85,"56,187",$9.02,$9.02,$8.65
03/12/2021,$9.06,"61,516",$9.00,$9.24,$8.91
03/11/2021,$8.94,"86,778",$8.91,$8.94,$8.70
03/10/2021,$8.84,"78,560",$8.65,$8.89,$8.605
03/09/2021,$8.64,"85,332",$8.73,$8.74,$8.53
03/08/2021,$8.72,"67,859",$8.67,$8.83,$8.59
03/05/2021,$8.60,"83,705",$8.50,$8.69,$8.405
03/04/2021,$8.42,"73,904",$8.34,$8.50,$8.25
03/03/2021,$8.30,"94,290",$8.21,$8.49,$8.20
03/02/2021,$8.19,"72,032",$8.14,$8.31,$8.11
03/01/2021,$8.20,"82,355",$7.80,$8.23,$7.80
02/26/2021,$8.01,"89,249",$8.13,$8.2781,$8.01
02/25/2021,$8.19,"74,874",$8.44,$8.4911,$8.18
02/24/2021,$8.48,"107,214",$8.17,$8.58,$8.17
02/23/2021,$8.17,"80,170",$7.93,$8.26,$7.84
02/22/2021,$8.01,"166,568",$7.51,$8.20,$7.51
02/19/2021,$7.57,"62,638",$7.55,$7.71,$7.48
02/18/2021,$7.53,"41,853",$7.57,$7.6263,$7.50
02/17/2021,$7.57,"290,203",$7.42,$7.59,$7.39
02/16/2021,$7.47,"46,746",$7.60,$7.64,$7.47
02/12/2021,$7.55,"56,173",$7.66,$7.66,$7.43
02/11/2021,$7.55,"64,130",$7.78,$7.78,$7.36
02/10/2021,$7.58,"110,973",$7.62,$7.74,$7.51
02/09/2021,$7.57,"53,995",$7.50,$7.58,$7.39
02/08/2021,$7.49,"79,902",$7.155,$7.5098,$7.155
02/05/2021,$7.23,"236,443",$7.24,$7.32,$7.091
02/04/2021,$7.26,"97,156",$7.02,$7.27,$7.02
02/03/2021,$7.01,"116,276",$6.82,$7.04,$6.82
02/02/2021,$6.83,"95,249",$6.80,$6.95,$6.66
02/01/2021,$6.75,"150,450",$6.48,$6.78,$6.42
01/29/2021,$6.41,"118,856",$6.56,$6.56,$6.34
01/28/2021,$6.52,"111,219",$6.78,$6.78,$6.45
01/27/2021,$6.31,"142,137",$6.35,$6.50,$6.31
01/26/2021,$6.36,"94,734",$6.53,$6.53,$6.36
01/25/2021,$6.53,"58,935",$6.56,$6.59,$6.36
01/22/2021,$6.66,"62,024",$6.50,$6.68,$6.4101
01/21/2021,$6.56,"30,955",$6.73,$6.73,$6.525
01/20/2021,$6.69,"28,319",$6.71,$6.73,$6.6101
01/19/2021,$6.74,"61,758",$6.74,$6.78,$6.61
01/15/2021,$6.72,"47,681",$6.88,$6.88,$6.55
01/14/2021,$6.77,"87,297",$6.78,$6.79,$6.705
01/13/2021,$6.73,"54,063",$6.77,$6.85,$6.59
01/12/2021,$6.79,"83,655",$6.60,$6.81,$6.5721
01/11/2021,$6.63,"65,911",$6.60,$6.77,$6.60
01/08/2021,$6.65,"276,199",$6.61,$7.10,$6.30
01/07/2021,$7.19,"44,126",$7.28,$7.28,$7.05
01/06/2021,$7.27,"345,326",$6.78,$7.38,$6.78
01/05/2021,$6.82,"51,719",$6.63,$7.04,$6.63
01/04/2021,$6.80,"47,327",$6.645,$6.93,$6.645
12/31/2020,$6.89,"42,446",$6.735,$6.97,$6.735
12/30/2020,$6.81,"31,663",$6.86,$6.89,$6.79
12/29/2020,$6.83,"35,826",$6.96,$6.96,$6.77
12/28/2020,$6.91,"49,634",$6.84,$7.06,$6.82
12/24/2020,$6.75,"31,478",$6.75,$6.82,$6.695
12/23/2020,$6.73,"46,323",$6.56,$6.75,$6.5312
12/22/2020,$6.49,"48,757",$6.56,$6.56,$6.41
12/21/2020,$6.53,"65,046",$6.46,$6.53,$6.29
12/18/2020,$6.50,"179,587",$6.77,$6.79,$6.47
12/17/2020,$6.76,"37,052",$6.68,$6.82,$6.65
12/16/2020,$6.62,"51,249",$6.65,$6.69,$6.60
12/15/2020,$6.60,"51,291",$6.44,$6.64,$6.41
12/14/2020,$6.48,"46,929",$6.53,$6.59,$6.38
12/11/2020,$6.52,"21,822",$6.56,$6.63,$6.50
12/10/2020,$6.67,"35,257",$6.52,$6.6927,$6.52
12/09/2020,$6.79,"34,048",$6.97,$7.00,$6.755
12/08/2020,$6.91,"23,188",$6.76,$6.91,$6.76
12/07/2020,$6.74,"17,119",$6.84,$6.84,$6.70
12/04/2020,$6.88,"37,673",$6.797,$6.91,$6.71
12/03/2020,$6.61,"34,867",$6.61,$6.7893,$6.58
12/02/2020,$6.61,"93,359",$6.72,$6.76,$6.58
12/01/2020,$6.70,"32,461",$6.79,$6.79,$6.62
11/30/2020,$6.68,"50,022",$6.63,$6.78,$6.58
11/27/2020,$6.73,"17,401",$6.73,$6.7443,$6.50
11/25/2020,$6.78,"27,273",$6.79,$6.79,$6.58
11/24/2020,$6.79,"86,344",$6.46,$6.87,$6.46
11/23/2020,$6.35,"35,257",$6.10,$6.37,$6.08
11/20/2020,$6.00,"649,988",$6.19,$6.25,$5.99
11/19/2020,$6.28,"30,799",$6.28,$6.46,$6.15
11/18/2020,$6.32,"25,748",$6.48,$6.645,$6.31
11/17/2020,$6.47,"38,172",$6.45,$6.56,$6.43
11/16/2020,$6.46,"127,248",$6.49,$6.61,$6.42
11/13/2020,$6.34,"62,840",$6.30,$6.45,$6.061
11/12/2020,$6.23,"81,134",$6.38,$6.63,$6.155
11/11/2020,$6.39,"33,389",$6.50,$6.58,$6.22
11/10/2020,$6.53,"71,041",$6.33,$6.73,$6.09
11/09/2020,$6.25,"86,561",$6.26,$6.67,$6.25
11/06/2020,$5.91,"43,648",$5.86,$5.93,$5.71
11/05/2020,$5.80,"36,199",$5.76,$5.8546,$5.71
11/04/2020,$5.75,"61,329",$5.80,$5.85,$5.59
11/03/2020,$5.89,"92,973",$5.83,$6.00,$5.70
11/02/2020,$5.78,"141,477",$5.83,$5.89,$5.72
10/30/2020,$5.76,"95,333",$5.76,$5.86,$5.68
10/29/2020,$5.73,"86,797",$5.55,$5.75,$5.505
10/28/2020,$5.59,"55,514",$5.76,$5.80,$5.5401
10/27/2020,$5.75,"50,421",$6.39,$6.43,$5.74
10/26/2020,$6.44,"19,357",$6.60,$6.63,$6.44
10/23/2020,$6.66,"84,226",$6.91,$6.91,$6.66
10/22/2020,$6.84,"99,127",$6.80,$7.00,$6.78
10/21/2020,$6.75,"49,703",$6.79,$6.89,$6.75
10/20/2020,$6.76,"17,608",$6.92,$6.92,$6.71
10/19/2020,$6.78,"9,383",$6.89,$6.95,$6.78
10/16/2020,$6.88,"26,330",$6.82,$6.93,$6.7801
10/15/2020,$6.88,"25,722",$6.71,$6.99,$6.71
10/14/2020,$6.82,"14,534",$6.83,$6.95,$6.79
10/13/2020,$6.84,"42,874",$6.85,$6.99,$6.78
10/12/2020,$6.94,"17,742",$6.90,$7.00,$6.85
10/09/2020,$6.90,"28,618",$6.90,$6.96,$6.62
10/08/2020,$6.96,"58,643",$7.12,$7.12,$6.81
10/07/2020,$7.04,"58,604",$6.93,$7.18,$6.93
10/06/2020,$6.80,"122,839",$6.44,$6.90,$6.36
10/05/2020,$6.34,"38,304",$6.00,$6.37,$5.98
10/02/2020,$5.79,"61,279",$5.62,$5.905,$5.61
10/01/2020,$5.66,"38,036",$5.58,$5.72,$5.58
09/30/2020,$5.63,"30,920",$5.56,$5.71,$5.56
09/29/2020,$5.60,"23,901",$5.575,$5.64,$5.50
09/28/2020,$5.73,"48,651",$5.24,$5.7974,$5.24
09/25/2020,$5.25,"50,596",$5.31,$5.40,$5.23
09/24/2020,$5.33,"22,931",$5.32,$5.56,$5.32
09/23/2020,$5.36,"39,674",$5.39,$5.56,$5.36
09/22/2020,$5.47,"41,986",$5.72,$5.87,$5.44
09/21/2020,$5.61,"40,985",$6.10,$6.125,$5.60
09/18/2020,$6.36,"125,760",$6.04,$6.74,$6.02
09/17/2020,$5.95,"44,753",$5.52,$6.00,$5.26
09/16/2020,$5.60,"29,041",$5.60,$5.68,$5.55
09/15/2020,$5.64,"26,518",$5.87,$5.87,$5.64
09/14/2020,$5.72,"20,841",$5.53,$5.84,$5.53
09/11/2020,$5.62,"35,614",$5.87,$5.90,$5.62
09/10/2020,$5.88,"39,697",$5.61,$5.90,$5.61
09/09/2020,$5.77,"39,048",$5.73,$5.81,$5.56
09/08/2020,$5.73,"70,338",$5.46,$5.85,$5.3429
09/04/2020,$5.57,"38,478",$5.59,$5.64,$5.51
09/03/2020,$5.49,"39,585",$5.46,$5.59,$5.39
09/02/2020,$5.45,"32,127",$5.27,$5.49,$5.10
09/01/2020,$5.41,"31,133",$5.11,$5.42,$5.09
08/31/2020,$5.12,"50,892",$5.14,$5.20,$5.0537
08/28/2020,$5.18,"20,319",$5.10,$5.18,$5.03
08/27/2020,$5.08,"61,230",$5.10,$5.1412,$5.05
08/26/2020,$5.05,"41,085",$5.14,$5.23,$5.02
08/25/2020,$5.10,"26,180",$5.16,$5.19,$5.08
08/24/2020,$5.10,"90,337",$5.05,$5.15,$4.95
08/21/2020,$4.96,"57,693",$5.13,$5.13,$4.92
08/20/2020,$5.12,"27,290",$5.01,$5.12,$5.01
08/19/2020,$5.09,"35,269",$5.083,$5.20,$5.04
08/18/2020,$5.01,"32,169",$5.16,$5.1744,$4.98
08/17/2020,$5.13,"20,738",$5.21,$5.21,$5.10
08/14/2020,$5.16,"15,038",$5.14,$5.23,$5.0725
08/13/2020,$5.15,"23,185",$5.18,$5.205,$5.02
08/12/2020,$5.23,"22,508",$5.16,$5.27,$5.16
08/11/2020,$5.14,"35,419",$5.39,$5.39,$5.09
08/10/2020,$5.35,"40,008",$5.25,$5.49,$5.25
08/07/2020,$5.20,"29,253",$5.03,$5.29,$5.03
08/06/2020,$5.08,"11,584",$5.129,$5.16,$5.07
08/05/2020,$5.17,"22,984",$5.16,$5.18,$5.06
08/04/2020,$5.07,"23,273",$5.10,$5.14,$5.01
08/03/2020,$5.13,"31,448",$5.11,$5.15,$5.03
07/31/2020,$5.04,"69,282",$5.00,$5.08,$4.9325
07/30/2020,$5.02,"50,213",$5.17,$5.30,$4.97
07/29/2020,$5.27,"36,186",$5.25,$5.37,$5.12
07/28/2020,$5.19,"16,651",$5.26,$5.30,$5.19
07/27/2020,$5.32,"19,057",$5.33,$5.38,$5.25
07/24/2020,$5.36,"31,223",$5.49,$5.49,$5.26
07/23/2020,$5.44,"12,389",$5.57,$5.6756,$5.40
07/22/2020,$5.62,"20,084",$5.64,$5.6699,$5.3801
07/21/2020,$5.64,"23,658",$5.46,$5.75,$5.42
07/20/2020,$5.39,"37,809",$5.20,$5.43,$5.20
07/17/2020,$5.29,"55,471",$5.58,$5.6245,$5.25
07/16/2020,$5.66,"26,726",$5.94,$5.94,$5.53
07/15/2020,$6.03,"90,712",$5.67,$6.12,$5.67
07/14/2020,$5.49,"29,723",$5.29,$5.52,$5.15
07/13/2020,$5.27,"27,039",$5.43,$5.45,$5.27
07/10/2020,$5.32,"28,897",$5.54,$5.55,$5.20
07/09/2020,$5.14,"51,614",$5.26,$5.36,$5.11
07/08/2020,$5.29,"34,493",$5.40,$5.62,$5.24
07/07/2020,$5.40,"35,871",$5.58,$5.605,$5.40
07/06/2020,$5.65,"27,885",$5.64,$5.78,$5.40
07/02/2020,$5.45,"15,982",$5.71,$5.74,$5.45
07/01/2020,$5.535,"34,621",$5.80,$5.83,$5.535
06/30/2020,$5.79,"66,459",$5.82,$5.99,$5.76
06/29/2020,$5.85,"54,104",$5.72,$5.87,$5.571
06/26/2020,$5.60,"219,987",$5.28,$5.81,$5.07
06/25/2020,$5.38,"38,693",$5.17,$5.38,$5.13
06/24/2020,$5.22,"50,662",$5.46,$5.51,$5.19
06/23/2020,$5.49,"35,840",$5.73,$5.73,$5.48
06/22/2020,$5.62,"30,707",$5.36,$5.64,$5.36
06/19/2020,$5.45,"129,947",$5.50,$5.58,$5.32
06/18/2020,$5.44,"38,600",$5.41,$5.57,$5.41
06/17/2020,$5.52,"31,983",$5.61,$5.62,$5.48
06/16/2020,$5.75,"48,153",$5.79,$5.87,$5.45
06/15/2020,$5.54,"52,857",$5.51,$5.58,$5.31
06/12/2020,$5.66,"89,451",$5.75,$5.8799,$5.42
06/11/2020,$5.44,"63,188",$5.81,$5.88,$5.35
06/10/2020,$6.13,"63,409",$6.51,$6.60,$6.12
06/09/2020,$6.54,"49,467",$6.64,$6.73,$6.27
06/08/2020,$6.78,"53,815",$6.55,$6.85,$6.4102
06/05/2020,$6.33,"60,077",$6.19,$6.45,$6.15
06/04/2020,$5.75,"119,963",$5.49,$5.78,$5.45
06/03/2020,$5.58,"66,446",$5.27,$5.74,$5.27
06/02/2020,$5.27,"42,744",$5.52,$5.52,$5.22
06/01/2020,$5.50,"209,328",$5.32,$5.645,$5.2409
05/29/2020,$5.28,"62,453",$5.81,$5.81,$5.21
05/28/2020,$5.81,"50,422",$6.20,$6.20,$5.81
05/27/2020,$6.07,"48,898",$5.68,$6.12,$5.58
05/26/2020,$5.47,"33,900",$5.40,$5.57,$5.34
05/22/2020,$5.14,"21,821",$5.32,$5.32,$5.09
05/21/2020,$5.28,"20,267",$5.20,$5.41,$5.19
05/20/2020,$5.29,"39,906",$5.08,$5.34,$5.07
05/19/2020,$4.94,"39,632",$5.28,$5.28,$4.91
05/18/2020,$5.35,"74,599",$5.00,$5.37,$4.8201
05/15/2020,$4.81,"41,718",$4.88,$4.945,$4.79
05/14/2020,$4.85,"60,420",$5.06,$5.11,$4.76
05/13/2020,$5.24,"117,826",$4.65,$5.25,$4.61
05/12/2020,$4.66,"57,578",$5.07,$5.07,$4.62
05/11/2020,$5.09,"65,299",$5.32,$5.35,$5.08
05/08/2020,$5.44,"64,980",$5.32,$5.52,$5.27
05/07/2020,$5.17,"59,213",$5.22,$5.29,$5.07
05/06/2020,$5.12,"68,684",$5.08,$5.28,$4.94
05/05/2020,$5.07,"69,373",$5.61,$5.63,$5.07
05/04/2020,$5.52,"37,126",$5.51,$5.75,$5.43
05/01/2020,$5.59,"92,846",$5.94,$5.94,$5.50
04/30/2020,$6.01,"60,331",$6.31,$6.35,$5.92
04/29/2020,$6.45,"96,973",$6.99,$6.99,$6.225
04/28/2020,$5.92,"36,147",$6.07,$6.0844,$5.77
04/27/2020,$5.85,"43,066",$5.63,$5.96,$5.63
04/24/2020,$5.51,"32,601",$5.33,$5.52,$5.30
04/23/2020,$5.31,"63,728",$5.29,$5.47,$5.21
04/22/2020,$5.26,"52,498",$5.22,$5.36,$5.1748
04/21/2020,$5.23,"44,856",$5.09,$5.26,$5.07
04/20/2020,$5.22,"39,587",$5.41,$5.555,$5.083
04/17/2020,$5.58,"94,142",$5.20,$5.62,$5.20
04/16/2020,$5.07,"57,361",$5.28,$5.33,$4.95
04/15/2020,$5.32,"49,946",$5.30,$5.50,$5.16
04/14/2020,$5.57,"94,760",$5.85,$5.85,$5.40
04/13/2020,$5.655,"48,713",$6.13,$6.13,$5.56
04/09/2020,$6.20,"95,112",$6.00,$6.26,$5.70
04/08/2020,$5.84,"63,906",$5.81,$6.08,$5.35
04/07/2020,$5.71,"50,217",$5.98,$6.10,$5.54
04/06/2020,$5.87,"82,679",$5.54,$5.9596,$5.54
04/03/2020,$5.35,"53,028",$5.58,$5.75,$5.23
04/02/2020,$5.70,"58,244",$5.91,$6.22,$5.45
04/01/2020,$5.92,"61,595",$6.38,$6.53,$5.52
03/31/2020,$6.76,"79,946",$6.43,$6.78,$6.01
03/30/2020,$6.55,"37,841",$6.46,$6.68,$6.27
03/27/2020,$6.33,"43,552",$7.01,$7.04,$6.32
03/26/2020,$7.05,"71,771",$6.75,$7.10,$6.23
03/25/2020,$6.52,"69,966",$6.95,$7.46,$6.285
03/24/2020,$6.86,"86,067",$5.61,$7.32,$5.61
03/23/2020,$5.53,"71,574",$6.70,$6.70,$5.40
03/20/2020,$6.56,"105,151",$7.25,$7.29,$5.95
03/19/2020,$7.26,"179,138",$6.95,$7.425,$6.53
03/18/2020,$6.87,"102,002",$7.09,$7.69,$6.82
03/17/2020,$7.42,"109,212",$6.23,$7.86,$5.97
03/16/2020,$5.97,"64,951",$4.67,$7.08,$4.45
03/13/2020,$6.48,"121,956",$6.24,$6.88,$6.16
03/12/2020,$5.97,"103,053",$6.36,$6.61,$5.94
03/11/2020,$6.61,"86,163",$6.75,$6.94,$6.57
03/10/2020,$6.97,"556,007",$7.43,$7.44,$6.835
03/09/2020,$7.25,"63,541",$7.64,$7.64,$7.202
03/06/2020,$7.94,"35,520",$8.01,$8.33,$7.875
03/05/2020,$8.28,"39,806",$8.23,$8.40,$8.03
03/04/2020,$8.49,"83,916",$8.63,$8.63,$8.23
03/03/2020,$8.60,"68,245",$8.95,$9.05,$8.51
03/02/2020,$9.01,"222,892",$8.96,$9.01,$8.83
02/28/2020,$8.84,"207,896",$8.90,$9.01,$8.63
02/27/2020,$9.01,"49,280",$9.07,$9.316,$8.99
02/26/2020,$9.19,"46,060",$9.25,$9.33,$9.09
02/25/2020,$9.11,"37,561",$9.40,$9.40,$9.05
02/24/2020,$9.34,"25,488",$9.17,$9.43,$9.17
02/21/2020,$9.44,"27,468",$9.51,$9.53,$9.41
02/20/2020,$9.48,"14,330",$9.38,$9.515,$9.38
02/19/2020,$9.44,"36,066",$9.44,$9.53,$9.42
02/18/2020,$9.42,"18,858",$9.43,$9.45,$9.36
02/14/2020,$9.40,"30,983",$9.44,$9.44,$9.32
02/13/2020,$9.42,"14,663",$9.37,$9.42,$9.30
02/12/2020,$9.31,"12,579",$9.38,$9.41,$9.20
02/11/2020,$9.29,"37,979",$9.24,$9.39,$9.24
02/10/2020,$9.29,"12,420",$9.22,$9.30,$9.17
02/07/2020,$9.20,"37,447",$9.18,$9.36,$9.15
02/06/2020,$9.20,"34,268",$9.43,$9.43,$9.20
02/05/2020,$9.38,"18,267",$9.30,$9.38,$9.27
02/04/2020,$9.20,"33,249",$9.23,$9.30,$9.18
02/03/2020,$9.13,"30,158",$9.06,$9.23,$9.06
01/31/2020,$8.98,"53,476",$9.06,$9.16,$8.95
01/30/2020,$9.13,"16,940",$8.96,$9.15,$8.96
01/29/2020,$9.01,"18,493",$9.20,$9.20,$8.98
01/28/2020,$9.19,"13,792",$9.13,$9.19,$9.04
01/27/2020,$9.12,"29,661",$9.15,$9.21,$9.10
01/24/2020,$9.22,"27,420",$9.16,$9.30,$9.01
01/23/2020,$9.20,"56,817",$9.21,$9.28,$9.10
01/22/2020,$9.28,"13,836",$9.18,$9.33,$9.13
01/21/2020,$9.315,"22,942",$9.31,$9.38,$9.29
01/17/2020,$9.36,"30,689",$9.59,$9.59,$9.35
01/16/2020,$9.50,"15,327",$9.49,$9.56,$9.48
01/15/2020,$9.40,"15,334",$9.30,$9.40,$9.30
01/14/2020,$9.36,"21,689",$9.43,$9.48,$9.35
01/13/2020,$9.46,"8,990",$9.38,$9.46,$9.36
01/10/2020,$9.41,"26,163",$9.48,$9.48,$9.35
01/09/2020,$9.52,"12,633",$9.53,$9.53,$9.455
01/08/2020,$9.47,"8,945",$9.37,$9.50,$9.37
01/07/2020,$9.40,"9,870",$9.48,$9.48,$9.345
01/06/2020,$9.47,"30,623",$9.41,$9.55,$9.28
01/03/2020,$9.52,"21,997",$9.47,$9.57,$9.43
01/02/2020,$9.58,"14,816",$9.63,$9.68,$9.49
12/31/2019,$9.63,"15,909",$9.67,$9.78,$9.61
12/30/2019,$9.65,"17,035",$9.59,$9.73,$9.59
12/27/2019,$9.61,"22,469",$9.74,$9.74,$9.57
12/26/2019,$9.68,"14,453",$9.81,$9.81,$9.66
12/24/2019,$9.78,"8,715",$9.75,$9.85,$9.75
12/23/2019,$9.77,"20,703",$9.88,$9.88,$9.73
12/20/2019,$9.92,"141,181",$9.89,$9.94,$9.74
12/19/2019,$9.89,"55,390",$9.93,$9.95,$9.87
12/18/2019,$9.91,"37,227",$9.96,$9.96,$9.905
12/17/2019,$9.94,"21,823",$9.79,$9.95,$9.79
12/16/2019,$9.82,"109,844",$9.90,$9.925,$9.74
12/13/2019,$9.85,"30,108",$9.86,$9.89,$9.74
12/12/2019,$9.93,"27,961",$9.68,$9.93,$9.68
12/11/2019,$9.73,"16,125",$9.73,$9.75,$9.65
12/10/2019,$9.76,"40,370",$9.72,$9.80,$9.65
12/09/2019,$9.74,"118,277",$9.72,$9.78,$9.56
12/06/2019,$9.78,"25,963",$9.88,$9.89,$9.75
12/05/2019,$9.74,"19,966",$9.75,$9.85,$9.74
12/04/2019,$9.74,"15,172",$9.80,$9.86,$9.73
12/03/2019,$9.72,"12,489",$9.65,$9.75,$9.64
12/02/2019,$9.74,"14,092",$9.77,$9.77,$9.66
11/29/2019,$9.81,"24,035",$9.89,$9.90,$9.65
11/27/2019,$9.91,"9,901",$9.95,$9.97,$9.83
11/26/2019,$9.88,"19,422",$9.89,$9.99,$9.87
11/25/2019,$9.90,"37,462",$9.83,$9.97,$9.7754
11/22/2019,$9.79,"3,766",$9.84,$9.84,$9.79
11/21/2019,$9.78,"18,235",$9.80,$9.92,$9.755
11/20/2019,$9.82,"51,361",$9.90,$10.00,$9.69
11/19/2019,$9.90,"26,380",$9.91,$9.94,$9.86
11/18/2019,$9.84,"17,543",$9.79,$9.87,$9.71
11/15/2019,$9.78,"25,370",$9.73,$9.82,$9.675
11/14/2019,$9.67,"39,348",$9.84,$9.93,$9.65
11/13/2019,$9.89,"24,845",$9.66,$9.91,$9.66
11/12/2019,$9.75,"19,855",$9.64,$9.78,$9.64
11/11/2019,$9.68,"15,621",$9.56,$9.68,$9.56
11/08/2019,$9.65,"18,358",$9.70,$9.70,$9.63
11/07/2019,$9.67,"21,093",$9.68,$9.73,$9.61
11/06/2019,$9.61,"23,639",$9.59,$9.65,$9.55
11/05/2019,$9.64,"31,461",$9.64,$9.72,$9.57
11/04/2019,$9.66,"44,744",$9.75,$9.75,$9.45
11/01/2019,$9.65,"17,261",$9.57,$9.74,$9.57
10/31/2019,$9.56,"21,905",$9.56,$9.575,$9.49
10/30/2019,$9.63,"15,037",$9.60,$9.65,$9.49
10/29/2019,$9.64,"12,768",$9.50,$9.67,$9.45
10/28/2019,$9.48,"16,173",$9.50,$9.56,$9.40
10/25/2019,$9.44,"12,243",$9.29,$9.50,$9.29
10/24/2019,$9.39,"18,619",$9.47,$9.49,$9.37
10/23/2019,$9.54,"16,886",$9.39,$9.54,$9.20
10/22/2019,$9.50,"17,538",$9.51,$9.57,$9.38
10/21/2019,$9.55,"38,387",$9.58,$9.65,$9.42
10/18/2019,$9.47,"50,545",$9.39,$9.52,$9.34
10/17/2019,$9.45,"20,420",$9.45,$9.50,$9.42
10/16/2019,$9.44,"21,089",$9.40,$9.48,$9.40
10/15/2019,$9.47,"15,249",$9.41,$9.52,$9.30
10/14/2019,$9.43,"6,464",$9.48,$9.48,$9.40
10/11/2019,$9.52,"22,564",$9.53,$9.70,$9.49
10/10/2019,$9.42,"15,965",$9.44,$9.54,$9.41
10/09/2019,$9.38,"15,171",$9.39,$9.4886,$9.37
10/08/2019,$9.31,"14,340",$9.42,$9.48,$9.31
10/07/2019,$9.51,"13,199",$9.55,$9.58,$9.4097
10/04/2019,$9.47,"20,860",$9.51,$9.51,$9.38
10/03/2019,$9.42,"17,497",$9.47,$9.50,$9.23
10/02/2019,$9.54,"34,699",$9.45,$9.57,$9.34
10/01/2019,$9.48,"22,190",$9.60,$9.69,$9.45
09/30/2019,$9.53,"41,523",$9.54,$9.66,$9.51
09/27/2019,$9.57,"51,149",$9.69,$9.80,$9.56
09/26/2019,$9.68,"22,911",$9.79,$9.79,$9.66
09/25/2019,$9.79,"41,633",$9.83,$9.83,$9.64
09/24/2019,$9.70,"18,771",$9.91,$9.91,$9.70
09/23/2019,$9.91,"28,566",$9.71,$9.93,$9.71
09/20/2019,$9.81,"173,384",$9.77,$9.975,$9.69
09/19/2019,$9.81,"43,268",$9.84,$10.10,$9.80
09/18/2019,$9.94,"43,326",$9.96,$10.09,$9.81
09/17/2019,$9.93,"28,377",$9.85,$9.96,$9.75
09/16/2019,$9.92,"41,352",$9.83,$10.03,$9.66
09/13/2019,$9.86,"45,259",$9.94,$9.99,$9.77
09/12/2019,$9.84,"116,849",$9.52,$9.84,$9.48
09/11/2019,$9.61,"42,324",$9.40,$9.66,$9.24
09/10/2019,$9.33,"35,727",$9.12,$9.34,$9.10
09/09/2019,$9.04,"40,165",$8.66,$9.04,$8.61
09/06/2019,$8.67,"40,497",$8.82,$8.82,$8.64
09/05/2019,$8.77,"46,068",$8.86,$8.86,$8.70
09/04/2019,$8.72,"27,856",$8.98,$8.98,$8.71
09/03/2019,$8.87,"37,125",$8.85,$8.97,$8.77
08/30/2019,$8.89,"25,690",$8.86,$8.94,$8.77
08/29/2019,$8.83,"17,231",$8.84,$8.98,$8.83
08/28/2019,$8.73,"20,995",$8.65,$8.76,$8.65
08/27/2019,$8.60,"23,354",$8.76,$8.85,$8.59
08/26/2019,$8.76,"21,397",$8.62,$8.80,$8.56
08/23/2019,$8.51,"37,088",$8.656,$8.93,$8.51
08/22/2019,$8.88,"21,102",$8.92,$9.00,$8.81
08/21/2019,$8.88,"24,646",$8.91,$8.98,$8.82
08/20/2019,$8.81,"21,242",$8.58,$8.83,$8.56
08/19/2019,$8.57,"65,846",$8.90,$9.02,$8.53
08/16/2019,$8.78,"74,794",$8.75,$8.89,$8.695
08/15/2019,$8.70,"12,548",$8.81,$8.85,$8.70
08/14/2019,$8.71,"22,825",$8.77,$8.81,$8.71
08/13/2019,$8.94,"9,882",$8.774,$8.97,$8.745
08/12/2019,$8.88,"16,365",$8.59,$8.92,$8.59
08/09/2019,$8.62,"17,593",$8.75,$8.75,$8.62
08/08/2019,$8.74,"26,571",$8.765,$8.89,$8.73
08/07/2019,$8.68,"19,122",$8.65,$8.73,$8.60
08/06/2019,$8.70,"22,081",$8.72,$8.78,$8.57
08/05/2019,$8.75,"39,359",$8.82,$8.88,$8.69
08/02/2019,$8.93,"39,111",$9.17,$9.17,$8.91
08/01/2019,$9.20,"41,856",$9.32,$9.49,$9.20
07/31/2019,$9.34,"50,779",$9.37,$9.44,$9.32
07/30/2019,$9.37,"28,396",$9.31,$9.42,$9.30
07/29/2019,$9.32,"45,805",$9.48,$9.48,$9.30
07/26/2019,$9.40,"27,461",$9.16,$9.53,$9.16
07/25/2019,$9.17,"16,649",$9.35,$9.35,$9.15
07/24/2019,$9.25,"38,967",$9.00,$9.34,$9.00
07/23/2019,$9.08,"24,811",$9.055,$9.08,$9.00
07/22/2019,$9.05,"19,715",$9.10,$9.30,$8.97
07/19/2019,$9.01,"15,075",$9.06,$9.13,$9.00
07/18/2019,$9.11,"12,975",$9.10,$9.13,$9.08
07/17/2019,$9.11,"23,620",$9.13,$9.2031,$9.09
07/16/2019,$9.22,"30,545",$9.31,$9.40,$9.22
07/15/2019,$9.34,"15,216",$9.33,$9.41,$9.30
07/12/2019,$9.37,"58,600",$9.37,$9.44,$9.35
07/11/2019,$9.37,"20,345",$9.37,$9.41,$9.27
07/10/2019,$9.36,"18,481",$9.46,$9.52,$9.33
07/09/2019,$9.45,"18,852",$9.40,$9.50,$9.36
07/08/2019,$9.49,"18,144",$9.40,$9.525,$9.40
07/05/2019,$9.56,"10,698",$9.47,$9.58,$9.435
07/03/2019,$9.48,"30,694",$9.34,$9.56,$9.28
07/02/2019,$9.26,"39,553",$9.28,$9.36,$9.21
07/01/2019,$9.39,"22,048",$9.34,$9.43,$9.28
06/28/2019,$9.34,"221,755",$8.98,$9.41,$8.98
06/27/2019,$8.95,"62,706",$8.69,$9.11,$8.69
06/26/2019,$8.72,"17,399",$8.79,$8.85,$8.70
06/25/2019,$8.81,"23,839",$8.61,$8.88,$8.55
06/24/2019,$8.56,"45,309",$9.71,$9.71,$8.50
06/21/2019,$8.96,"39,246",$8.94,$9.16,$8.90
06/20/2019,$9.01,"23,272",$9.10,$9.10,$8.97
06/19/2019,$9.14,"34,929",$9.17,$9.20,$9.09
06/18/2019,$9.22,"12,650",$9.71,$9.71,$8.95
06/17/2019,$9.10,"11,838",$9.19,$9.25,$9.08
06/14/2019,$9.20,"18,618",$9.24,$9.29,$9.18
06/13/2019,$9.23,"18,419",$9.16,$9.29,$9.16
06/12/2019,$9.11,"14,953",$9.32,$9.32,$9.10
06/11/2019,$9.26,"18,599",$9.40,$9.40,$9.19
06/10/2019,$9.35,"34,547",$9.28,$9.51,$9.28
06/07/2019,$9.28,"21,289",$9.28,$9.35,$9.24
06/06/2019,$9.30,"23,371",$9.28,$9.38,$9.26
06/05/2019,$9.33,"22,714",$9.45,$9.49,$9.33
06/04/2019,$9.47,"191,785",$9.43,$9.50,$9.35
06/03/2019,$9.31,"34,016",$9.13,$9.34,$9.13
05/31/2019,$9.16,"24,173",$9.18,$9.23,$9.12
05/30/2019,$9.21,"76,285",$9.31,$9.363,$9.07
05/29/2019,$9.27,"54,907",$9.25,$9.35,$9.19
05/28/2019,$9.26,"21,186",$9.37,$9.40,$9.25
05/24/2019,$9.33,"32,654",$9.22,$9.34,$9.20
05/23/2019,$9.14,"27,777",$9.27,$9.31,$9.13
05/22/2019,$9.36,"15,991",$9.36,$9.39,$9.36
05/21/2019,$9.37,"20,376",$9.40,$9.43,$9.35
05/20/2019,$9.36,"26,027",$9.58,$9.65,$9.35
05/17/2019,$9.59,"35,863",$9.51,$9.63,$9.51
05/16/2019,$9.59,"228,380",$9.57,$9.64,$9.48
05/15/2019,$9.54,"30,025",$9.45,$9.59,$9.45
05/14/2019,$9.58,"38,819",$9.45,$9.62,$9.45
05/13/2019,$9.45,"30,065",$9.51,$9.64,$9.40
05/10/2019,$9.60,"93,681",$9.49,$9.65,$9.48
05/09/2019,$9.54,"102,919",$9.54,$9.612,$9.4528
05/08/2019,$9.56,"45,622",$9.52,$9.64,$9.50
05/07/2019,$9.49,"41,806",$9.59,$9.6279,$9.48
05/06/2019,$9.66,"42,274",$9.63,$9.75,$9.50
05/03/2019,$9.70,"27,529",$9.57,$9.75,$9.57
05/02/2019,$9.56,"15,539",$9.58,$9.62,$9.47
05/01/2019,$9.58,"72,477",$9.64,$9.74,$9.57
04/30/2019,$9.66,"61,258",$9.64,$9.78,$9.60
04/29/2019,$9.62,"79,191",$9.49,$9.65,$9.49
04/26/2019,$9.51,"15,343",$9.23,$9.52,$9.20
04/25/2019,$9.23,"20,626",$9.30,$9.37,$9.17
04/24/2019,$9.35,"13,895",$9.53,$9.53,$9.30
04/23/2019,$9.45,"83,212",$9.73,$9.98,$9.39
04/22/2019,$9.61,"6,001",$9.2778,$9.79,$9.2778
04/18/2019,$9.64,"14,436",$9.72,$9.82,$9.59
04/17/2019,$9.78,"20,665",$9.87,$10.06,$9.69
04/16/2019,$9.85,"18,330",$9.81,$9.90,$9.70
04/15/2019,$9.77,"13,242",$10.15,$10.15,$9.73
04/12/2019,$9.89,"18,333",$9.86,$9.90,$9.82
04/11/2019,$9.82,"25,670",$9.71,$9.85,$9.68
04/10/2019,$9.72,"16,490",$9.68,$9.78,$9.66
04/09/2019,$9.69,"13,878",$9.76,$9.81,$9.67
04/08/2019,$9.77,"12,615",$9.72,$9.82,$9.72
04/05/2019,$9.75,"50,085",$9.72,$9.84,$9.55
04/04/2019,$9.61,"20,419",$9.52,$9.62,$9.40
04/03/2019,$9.51,"17,704",$9.60,$9.60,$9.41
04/02/2019,$9.55,"65,057",$9.507,$9.72,$9.48
04/01/2019,$9.69,"72,642",$9.326,$9.73,$9.30
03/29/2019,$9.23,"55,626",$9.41,$9.46,$9.15
03/28/2019,$9.36,"33,205",$9.645,$9.66,$9.27
03/27/2019,$9.52,"32,343",$9.42,$9.60,$9.36
03/26/2019,$9.48,"28,921",$9.209,$9.48,$9.14
03/25/2019,$9.15,"26,282",$8.90,$9.18,$8.90
03/22/2019,$8.91,"45,874",$9.45,$9.54,$8.91
03/21/2019,$9.49,"31,081",$9.55,$9.72,$9.49
03/20/2019,$9.55,"27,079",$9.78,$9.78,$9.54
03/19/2019,$9.66,"71,628",$9.90,$9.90,$9.66
03/18/2019,$9.88,"28,375",$9.97,$9.99,$9.88
03/15/2019,$9.92,"190,753",$9.93,$9.965,$9.87
03/14/2019,$9.92,"42,843",$9.92,$9.98,$9.89
03/13/2019,$9.91,"58,235",$9.81,$9.98,$9.81
03/12/2019,$9.80,"278,531",$9.98,$10.00,$9.79
03/11/2019,$9.98,"28,473",$9.76,$10.00,$9.76
03/08/2019,$9.84,"37,787",$9.72,$9.95,$9.70
03/07/2019,$9.75,"38,908",$9.61,$9.81,$9.61
03/06/2019,$9.74,"44,842",$9.82,$10.00,$9.73
03/05/2019,$9.88,"582,317",$9.82,$9.94,$9.66
03/04/2019,$9.85,"46,945",$9.85,$10.01,$9.85
03/01/2019,$9.88,"53,780",$9.83,$9.89,$9.79
02/28/2019,$9.82,"30,212",$9.83,$9.94,$9.82
02/27/2019,$9.84,"533,571",$9.81,$9.91,$9.72
02/26/2019,$9.77,"188,190",$9.98,$9.98,$9.76
02/25/2019,$9.85,"22,111",$10.02,$10.17,$9.84
02/22/2019,$9.98,"23,355",$9.99,$10.02,$9.93
02/21/2019,$9.98,"10,598",$10.02,$10.02,$9.98
02/20/2019,$9.97,"33,775",$10.07,$10.10,$9.96
02/19/2019,$10.08,"16,997",$10.04,$10.18,$10.03
02/15/2019,$10.08,"36,813",$9.80,$10.14,$9.80
02/14/2019,$9.75,"24,237",$9.87,$9.89,$9.75
02/13/2019,$9.85,"19,293",$9.83,$9.92,$9.81
02/12/2019,$9.89,"16,118",$9.89,$9.97,$9.80
02/11/2019,$9.88,"27,164",$9.88,$9.92,$9.84
02/08/2019,$9.80,"55,461",$9.87,$9.91,$9.76
02/07/2019,$9.68,"10,129",$9.66,$9.82,$9.66
02/06/2019,$9.75,"38,095",$9.59,$9.81,$9.59
02/05/2019,$9.60,"43,467",$9.57,$9.67,$9.48
02/04/2019,$9.60,"43,017",$9.32,$9.64,$9.2935
02/01/2019,$9.32,"37,903",$9.33,$9.40,$9.28
01/31/2019,$9.25,"24,557",$9.29,$9.40,$9.25
01/30/2019,$9.30,"160,730",$9.44,$9.44,$9.0101
01/29/2019,$8.76,"76,700",$8.78,$9.185,$8.50
01/28/2019,$8.82,"24,767",$8.87,$8.95,$8.78
01/25/2019,$8.92,"25,653",$8.84,$8.94,$8.84
01/24/2019,$8.80,"20,781",$8.90,$8.95,$8.75
01/23/2019,$8.89,"15,857",$8.74,$8.93,$8.74
01/22/2019,$8.76,"86,511",$8.89,$9.01,$8.66
01/18/2019,$8.93,"55,947",$8.97,$9.07,$8.75
01/17/2019,$8.98,"35,749",$8.99,$9.12,$8.88
01/16/2019,$9.02,"41,805",$8.81,$9.19,$8.81
01/15/2019,$8.84,"26,714",$8.96,$9.03,$8.77
01/14/2019,$9.01,"37,085",$9.17,$9.235,$9.00
01/11/2019,$9.21,"34,390",$9.24,$9.2611,$9.10
01/10/2019,$9.28,"83,931",$9.51,$9.55,$9.22
01/09/2019,$9.63,"65,256",$10.01,$10.16,$9.46
01/08/2019,$10.09,"183,328",$9.91,$10.19,$9.90
01/07/2019,$10.13,"28,446",$10.14,$10.20,$10.09
01/04/2019,$10.17,"39,118",$9.98,$10.19,$9.80
01/03/2019,$9.91,"36,316",$10.13,$10.16,$9.8289
01/02/2019,$9.97,"54,292",$9.96,$10.12,$9.79
12/31/2018,$10.04,"66,986",$9.86,$10.09,$9.845
12/28/2018,$9.80,"33,185",$9.71,$10.02,$9.57
12/27/2018,$9.59,"35,938",$9.39,$9.64,$9.31
12/26/2018,$9.46,"263,319",$9.36,$9.59,$9.22
12/24/2018,$9.31,"29,005",$9.51,$9.51,$9.16
12/21/2018,$9.54,"200,684",$9.34,$9.72,$9.31
12/20/2018,$9.33,"67,180",$9.49,$9.50,$9.20
12/19/2018,$9.15,"49,889",$9.20,$9.70,$9.07
12/18/2018,$9.17,"27,014",$9.30,$9.33,$9.06
12/17/2018,$9.23,"43,097",$8.93,$9.47,$8.93
12/14/2018,$9.35,"35,511",$9.45,$9.58,$9.30
12/13/2018,$9.45,"49,694",$9.24,$9.66,$8.81
12/12/2018,$9.50,"23,243",$9.59,$9.59,$9.06
12/11/2018,$9.52,"14,460",$9.65,$9.65,$8.51
12/10/2018,$9.58,"37,446",$9.80,$9.80,$9.55
12/07/2018,$9.77,"57,733",$9.68,$9.95,$9.61
12/06/2018,$9.71,"34,541",$9.56,$9.92,$9.56
12/04/2018,$9.63,"42,804",$10.05,$10.27,$9.61
12/03/2018,$10.04,"229,420",$9.95,$10.25,$9.90
11/30/2018,$9.93,"240,860",$10.00,$10.19,$9.93
11/29/2018,$10.01,"24,938",$9.99,$10.52,$9.99
11/28/2018,$10.07,"50,546",$9.74,$10.10,$9.69
11/27/2018,$9.76,"39,686",$9.79,$9.91,$9.70
11/26/2018,$9.84,"36,298",$9.87,$9.92,$9.77
11/23/2018,$9.86,"35,480",$9.69,$9.95,$9.69
11/21/2018,$9.79,"94,873",$9.85,$9.98,$9.65
11/20/2018,$9.81,"56,672",$9.82,$9.89,$9.70
11/19/2018,$9.86,"31,885",$9.80,$9.97,$9.74
11/16/2018,$9.78,"48,576",$9.68,$9.85,$9.66
11/15/2018,$9.72,"72,235",$9.61,$9.74,$9.56
11/14/2018,$9.60,"118,053",$9.97,$10.00,$9.55
11/13/2018,$9.92,"30,937",$9.85,$10.00,$9.79
11/12/2018,$9.81,"29,849",$9.88,$9.99,$9.77
11/09/2018,$9.84,"31,217",$9.93,$9.99,$9.84
11/08/2018,$9.94,"41,566",$9.94,$9.99,$9.87
11/07/2018,$9.90,"44,165",$9.93,$10.00,$9.80
11/06/2018,$9.94,"29,854",$9.81,$10.00,$9.76
11/05/2018,$9.86,"43,610",$10.03,$10.14,$9.85
11/02/2018,$9.95,"79,005",$9.96,$10.30,$9.88
11/01/2018,$9.98,"93,843",$10.43,$10.43,$9.93
10/31/2018,$10.04,"51,670",$10.21,$10.21,$10.00
10/30/2018,$10.07,"53,626",$10.16,$10.25,$10.06
10/29/2018,$10.14,"50,192",$10.18,$10.48,$10.12
10/26/2018,$10.15,"42,174",$10.02,$10.41,$10.01
10/25/2018,$10.11,"60,687",$10.13,$10.33,$10.01
10/24/2018,$10.00,"44,369",$10.11,$10.30,$9.98
10/23/2018,$10.17,"35,295",$10.11,$10.52,$10.09
10/22/2018,$10.17,"35,071",$10.18,$10.51,$10.11
10/19/2018,$10.11,"100,018",$10.10,$10.27,$10.10
10/18/2018,$10.11,"78,196",$10.14,$10.24,$10.04
10/17/2018,$10.15,"37,953",$10.14,$10.26,$10.11
10/16/2018,$10.20,"84,302",$10.21,$10.28,$10.05
10/15/2018,$10.06,"77,638",$10.08,$10.25,$9.95
10/12/2018,$10.14,"49,757",$10.41,$10.59,$10.06
10/11/2018,$10.33,"24,664",$10.46,$10.72,$10.32
10/10/2018,$10.52,"36,100",$10.71,$10.88,$10.51
10/09/2018,$10.75,"29,119",$10.72,$10.84,$10.58
10/08/2018,$10.66,"26,051",$10.63,$10.74,$10.61
10/05/2018,$10.60,"29,886",$10.61,$10.64,$10.45
10/04/2018,$10.56,"30,303",$10.54,$10.73,$10.54
10/03/2018,$10.56,"57,754",$10.54,$10.69,$10.48
10/02/2018,$10.48,"16,698",$10.66,$10.67,$10.45
10/01/2018,$10.56,"20,905",$10.77,$10.80,$10.55
09/28/2018,$10.80,"26,337",$10.70,$10.90,$10.70
09/27/2018,$10.65,"25,165",$10.70,$10.80,$10.65
09/26/2018,$10.65,"22,027",$10.85,$10.85,$10.65
09/25/2018,$10.85,"19,768",$10.85,$10.90,$10.80
09/24/2018,$10.75,"22,792",$10.75,$10.864,$10.65
09/21/2018,$10.80,"105,469",$10.80,$10.90,$10.75
09/20/2018,$10.85,"14,990",$10.75,$10.90,$10.75
09/19/2018,$10.75,"21,753",$10.60,$10.85,$10.60
09/18/2018,$10.65,"31,667",$10.75,$10.85,$10.65
09/17/2018,$10.75,"20,589",$10.80,$10.80,$10.65
09/14/2018,$10.70,"19,877",$10.60,$10.775,$10.60
09/13/2018,$10.65,"18,881",$10.75,$10.80,$10.65
09/12/2018,$10.70,"26,886",$10.80,$10.85,$10.70
09/11/2018,$10.85,"25,696",$10.75,$10.90,$10.75
09/10/2018,$10.85,"21,704",$10.80,$10.90,$10.80
09/07/2018,$10.85,"17,077",$10.85,$10.90,$10.75
09/06/2018,$10.75,"16,671",$10.80,$10.85,$10.75
09/05/2018,$10.75,"12,026",$10.75,$10.80,$10.70
09/04/2018,$10.75,"30,619",$10.60,$10.75,$10.60
08/31/2018,$10.65,"31,436",$10.55,$10.75,$10.55
08/30/2018,$10.60,"50,766",$10.50,$10.70,$10.50
08/29/2018,$10.65,"27,560",$10.55,$10.70,$10.55
08/28/2018,$10.55,"44,529",$10.85,$10.90,$10.50
08/27/2018,$10.80,"28,441",$10.85,$10.90,$10.80
08/24/2018,$10.85,"30,235",$10.80,$10.90,$10.80
08/23/2018,$10.80,"21,559",$10.90,$10.90,$10.75
08/22/2018,$10.80,"40,707",$10.90,$10.95,$10.75
08/21/2018,$10.85,"40,991",$10.925,$11.00,$10.85
08/20/2018,$10.85,"32,697",$10.85,$11.00,$10.80
08/17/2018,$10.75,"56,488",$10.70,$11.00,$10.70
08/16/2018,$10.825,"21,425",$10.75,$10.90,$10.725
08/15/2018,$10.70,"28,374",$10.90,$10.90,$10.65
08/14/2018,$10.85,"41,530",$10.75,$10.90,$10.75
08/13/2018,$10.70,"26,198",$10.85,$10.90,$10.70
08/10/2018,$10.80,"17,323",$10.70,$10.90,$10.70
08/09/2018,$10.80,"21,182",$10.75,$10.90,$10.75
08/08/2018,$10.80,"21,919",$10.70,$10.90,$10.70
08/07/2018,$10.75,"12,111",$10.85,$10.90,$10.70
08/06/2018,$10.80,"24,751",$10.75,$10.90,$10.70
08/03/2018,$10.75,"17,916",$10.75,$10.90,$10.70
08/02/2018,$10.80,"28,416",$10.75,$10.85,$10.7356
08/01/2018,$10.75,"19,322",$10.85,$10.90,$10.75
07/31/2018,$10.85,"39,078",$10.75,$10.90,$10.70
07/30/2018,$10.75,"37,309",$10.80,$10.90,$10.75
07/27/2018,$10.80,"34,648",$10.85,$10.90,$10.70
07/26/2018,$10.875,"28,146",$10.90,$10.90,$10.80
07/25/2018,$10.90,"46,639",$10.85,$11.00,$10.71
07/24/2018,$11.10,"11,347",$11.25,$11.25,$11.10
07/23/2018,$11.15,"31,603",$11.05,$11.20,$11.00
07/20/2018,$11.05,"16,047",$11.00,$11.10,$11.00
07/19/2018,$11.05,"18,878",$10.95,$11.10,$10.95
07/18/2018,$10.95,"32,331",$11.00,$11.05,$10.90
07/17/2018,$11.05,"16,558",$11.10,$11.10,$11.00
07/16/2018,$11.05,"14,217",$11.05,$11.05,$10.95
07/13/2018,$11.05,"38,821",$11.00,$11.05,$10.85
07/12/2018,$11.10,"21,308",$11.10,$11.10,$11.00
07/11/2018,$11.05,"17,662",$11.10,$11.10,$11.05
07/10/2018,$11.00,"29,891",$11.15,$11.245,$11.00
07/09/2018,$11.10,"26,363",$11.10,$11.15,$11.10
07/06/2018,$11.075,"24,638",$11.00,$11.10,$11.00
07/05/2018,$11.00,"41,356",$11.05,$11.05,$10.95
07/03/2018,$10.975,"14,873",$10.95,$11.05,$10.925
07/02/2018,$10.95,"44,180",$10.90,$11.05,$10.85
06/29/2018,$11.00,"60,424",$10.95,$11.05,$10.90
06/28/2018,$10.95,"50,023",$11.05,$11.05,$10.80
06/27/2018,$10.775,"29,879",$10.90,$10.95,$10.75
06/26/2018,$10.95,"38,346",$10.90,$11.05,$10.80
06/25/2018,$10.90,"44,308",$11.00,$11.00,$10.90
06/22/2018,$10.95,"195,707",$11.00,$11.10,$10.90
06/21/2018,$10.95,"51,050",$11.05,$11.075,$10.95
06/20/2018,$11.00,"80,379",$11.00,$11.10,$10.95
06/19/2018,$10.95,"56,902",$10.75,$11.05,$10.75
06/18/2018,$10.75,"37,693",$10.65,$10.80,$10.65
06/15/2018,$10.70,"127,183",$10.60,$11.00,$10.60
06/14/2018,$10.70,"48,658",$10.75,$10.85,$10.625
06/13/2018,$10.80,"26,776",$10.90,$10.90,$10.70
06/12/2018,$10.80,"34,124",$10.80,$10.90,$10.70
06/11/2018,$10.85,"24,985",$10.95,$11.00,$10.80
06/08/2018,$10.95,"30,695",$10.95,$11.05,$10.90
06/07/2018,$11.00,"29,667",$10.95,$11.00,$10.95
06/06/2018,$10.95,"79,782",$11.00,$11.10,$10.95
06/05/2018,$11.00,"32,129",$11.00,$11.00,$10.85
06/04/2018,$10.95,"24,702",$11.00,$11.00,$10.95
06/01/2018,$11.00,"37,597",$10.85,$11.00,$10.80
05/31/2018,$10.85,"33,602",$10.85,$10.95,$10.80
05/30/2018,$10.90,"28,346",$10.70,$11.00,$10.70
05/29/2018,$10.65,"16,028",$10.65,$10.75,$10.6139
05/25/2018,$10.70,"10,993",$10.65,$10.725,$10.60
05/24/2018,$10.60,"62,364",$10.90,$10.95,$10.30
05/23/2018,$10.95,"17,883",$10.95,$10.95,$10.90
05/22/2018,$10.90,"19,846",$11.00,$11.00,$10.90
05/21/2018,$10.95,"29,834",$10.95,$11.00,$10.90
05/18/2018,$10.90,"23,567",$10.90,$10.95,$10.85
05/17/2018,$10.90,"19,875",$10.90,$10.95,$10.8661
05/16/2018,$10.85,"31,590",$10.75,$10.90,$10.75
05/15/2018,$10.70,"74,118",$10.80,$10.95,$10.40
05/14/2018,$10.90,"33,016",$11.00,$11.00,$10.90
05/11/2018,$11.00,"18,544",$11.10,$11.10,$10.95
05/10/2018,$11.05,"36,618",$11.10,$11.15,$11.00
05/09/2018,$11.05,"27,898",$10.90,$11.05,$10.90
05/08/2018,$10.90,"40,565",$10.80,$11.00,$10.80
05/07/2018,$10.90,"17,689",$10.95,$11.00,$10.85
05/04/2018,$10.95,"52,173",$10.85,$11.00,$10.80
05/03/2018,$10.90,"33,430",$10.85,$10.95,$10.85
05/02/2018,$10.90,"52,706",$10.90,$10.95,$10.85
05/01/2018,$10.90,"77,057",$10.75,$10.90,$10.70
04/30/2018,$10.80,"31,342",$10.80,$10.85,$10.75
04/27/2018,$10.80,"31,315",$10.75,$10.85,$10.75
04/26/2018,$10.75,"29,369",$10.65,$10.90,$10.60
04/25/2018,$10.75,"27,767",$10.80,$10.85,$10.55
04/24/2018,$10.85,"27,643",$10.85,$10.90,$10.80
04/23/2018,$10.85,"23,796",$10.75,$10.85,$10.75
04/20/2018,$10.85,"41,761",$10.75,$10.90,$10.75
04/19/2018,$10.80,"38,026",$10.80,$10.90,$10.75
04/18/2018,$10.80,"40,323",$10.80,$10.85,$10.65
04/17/2018,$10.75,"38,976",$10.90,$10.90,$10.70
04/16/2018,$10.85,"26,665",$10.75,$11.00,$10.70
04/13/2018,$10.70,"30,505",$10.80,$10.85,$10.65
04/12/2018,$10.80,"24,028",$10.80,$10.90,$10.75
04/11/2018,$10.80,"44,348",$10.75,$10.85,$10.75
04/10/2018,$10.80,"35,831",$10.65,$10.90,$10.60
04/09/2018,$10.60,"34,511",$10.65,$10.85,$10.60
04/06/2018,$10.65,"38,054",$10.80,$10.95,$10.60
04/05/2018,$10.85,"34,818",$10.80,$10.95,$10.65
04/04/2018,$10.75,"35,985",$10.70,$10.85,$10.65
04/03/2018,$10.75,"129,498",$10.65,$10.80,$10.632
04/02/2018,$10.60,"33,038",$10.60,$10.80,$10.50
03/29/2018,$10.65,"47,577",$10.70,$10.95,$10.65
03/28/2018,$10.75,"32,807",$10.65,$10.85,$10.65
03/27/2018,$10.60,"40,262",$10.65,$10.85,$10.55
03/26/2018,$10.65,"39,974",$10.40,$10.70,$10.30
03/23/2018,$10.35,"51,587",$10.55,$10.75,$10.35
03/22/2018,$10.55,"32,954",$10.564,$10.80,$10.4858
03/21/2018,$10.75,"25,047",$10.65,$10.825,$10.625
03/20/2018,$10.60,"26,679",$10.75,$10.85,$10.60
03/19/2018,$10.80,"35,123",$10.60,$10.86,$10.60
03/16/2018,$10.55,"191,866",$10.75,$10.95,$10.55
03/15/2018,$10.80,"36,683",$10.80,$10.85,$10.60
03/14/2018,$10.80,"27,038",$10.85,$10.85,$10.55
03/13/2018,$10.80,"35,782",$10.90,$10.95,$10.65
03/12/2018,$10.90,"31,215",$10.55,$10.90,$10.55
03/09/2018,$10.65,"47,220",$10.75,$10.75,$10.45
03/08/2018,$10.65,"36,302",$10.60,$10.80,$10.50
03/07/2018,$10.65,"41,080",$10.60,$10.70,$10.45
03/06/2018,$10.60,"34,324",$10.35,$10.65,$10.25
03/05/2018,$10.35,"30,986",$10.10,$10.45,$10.05
03/02/2018,$10.15,"73,474",$9.95,$10.20,$9.95
03/01/2018,$10.05,"32,660",$9.90,$10.15,$9.90
02/28/2018,$9.95,"80,105",$10.15,$10.30,$9.95
02/27/2018,$10.10,"36,075",$10.17,$10.375,$10.05
02/26/2018,$10.20,"24,014",$10.15,$10.275,$10.10
02/23/2018,$10.10,"33,643",$9.95,$10.15,$9.95
02/22/2018,$10.05,"99,984",$9.95,$10.05,$9.90
02/21/2018,$9.85,"71,887",$10.00,$10.15,$9.80
02/20/2018,$9.95,"36,963",$10.15,$10.25,$9.95
02/16/2018,$10.20,"37,191",$10.15,$10.35,$10.10
02/15/2018,$10.20,"37,255",$10.10,$10.30,$10.00
02/14/2018,$10.05,"37,384",$9.85,$10.1597,$9.85
02/13/2018,$10.00,"41,371",$9.85,$10.15,$9.85
02/12/2018,$10.00,"31,709",$9.95,$10.15,$9.95
02/09/2018,$9.95,"49,188",$10.05,$10.15,$9.80
02/08/2018,$9.95,"58,012",$10.05,$10.15,$9.95
02/07/2018,$10.10,"38,215",$10.05,$10.20,$10.05
02/06/2018,$10.10,"53,463",$10.05,$10.35,$10.05
02/05/2018,$10.20,"39,711",$10.65,$10.70,$10.20
02/02/2018,$10.70,"33,664",$10.65,$10.85,$10.60
02/01/2018,$10.75,"34,735",$10.85,$10.85,$10.60
01/31/2018,$10.85,"56,749",$11.00,$11.05,$10.70
01/30/2018,$11.05,"33,130",$10.85,$11.05,$10.85
01/29/2018,$10.90,"23,644",$10.90,$10.9908,$10.85
01/26/2018,$10.95,"22,844",$10.95,$10.95,$10.85
01/25/2018,$10.90,"21,143",$10.90,$10.95,$10.85
01/24/2018,$10.80,"19,491",$11.05,$11.10,$10.80
01/23/2018,$11.00,"13,813",$11.00,$11.05,$11.00
01/22/2018,$11.05,"14,526",$11.10,$11.10,$10.95
01/19/2018,$11.10,"24,340",$10.90,$11.10,$10.75
01/18/2018,$10.95,"26,033",$11.10,$11.15,$10.95
01/17/2018,$11.10,"43,628",$11.10,$11.225,$11.00
01/16/2018,$11.05,"44,074",$11.10,$11.25,$11.00
01/12/2018,$11.05,"37,304",$11.05,$11.05,$10.875
01/11/2018,$11.00,"61,521",$10.95,$11.05,$10.90
01/10/2018,$10.95,"42,773",$10.85,$11.05,$10.85
01/09/2018,$10.90,"33,547",$10.95,$11.05,$10.90
01/08/2018,$10.95,"65,770",$10.80,$11.05,$10.70
01/05/2018,$10.80,"33,972",$10.95,$10.95,$10.725
01/04/2018,$10.95,"32,557",$10.90,$11.00,$10.70
01/03/2018,$10.80,"32,228",$10.90,$10.975,$10.80
01/02/2018,$10.95,"49,337",$10.95,$11.00,$10.85
12/29/2017,$10.90,"47,929",$10.80,$11.00,$10.80
12/28/2017,$11.00,"37,071",$10.85,$11.05,$10.85
12/27/2017,$10.85,"28,010",$10.80,$11.00,$10.75
12/26/2017,$10.90,"50,515",$10.85,$10.95,$10.80
12/22/2017,$10.85,"38,898",$10.85,$10.95,$10.80
12/21/2017,$10.85,"35,733",$10.819,$10.90,$10.75
12/20/2017,$10.70,"53,036",$10.65,$10.85,$10.55
12/19/2017,$10.60,"31,676",$10.70,$10.75,$10.55
12/18/2017,$10.75,"28,400",$10.80,$10.90,$10.65
12/15/2017,$10.75,"154,080",$10.35,$10.75,$10.35
12/14/2017,$10.40,"37,947",$10.55,$10.80,$10.35
12/13/2017,$10.60,"79,100",$10.80,$10.95,$10.55
12/12/2017,$10.80,"69,249",$10.75,$10.95,$10.455
12/11/2017,$10.70,"62,717",$10.75,$10.95,$10.70
12/08/2017,$10.75,"93,718",$10.95,$10.95,$10.675
12/07/2017,$10.95,"56,899",$10.85,$11.00,$10.75
12/06/2017,$10.90,"40,534",$10.90,$11.00,$10.75
12/05/2017,$10.85,"324,901",$10.80,$11.05,$10.675
12/04/2017,$10.70,"117,043",$10.70,$10.95,$10.60
12/01/2017,$10.65,"35,356",$10.60,$10.825,$10.35
11/30/2017,$10.70,"51,399",$10.85,$10.85,$10.60
11/29/2017,$10.75,"51,196",$10.60,$10.90,$10.60
11/28/2017,$10.55,"35,734",$10.25,$10.55,$10.25
11/27/2017,$10.30,"62,900",$10.50,$10.50,$10.25
11/24/2017,$10.45,"13,075",$10.50,$10.50,$10.40
11/22/2017,$10.50,"33,109",$10.45,$10.60,$10.40
11/21/2017,$10.40,"46,220",$10.35,$10.50,$10.20
11/20/2017,$10.40,"53,609",$10.30,$10.40,$10.20
11/17/2017,$10.30,"488,695",$10.20,$10.425,$10.20
11/16/2017,$10.30,"552,088",$10.30,$10.50,$10.20
11/15/2017,$10.25,"45,662",$10.10,$10.30,$10.10
11/14/2017,$10.20,"22,419",$10.05,$10.30,$10.05
11/13/2017,$10.20,"72,139",$10.05,$10.30,$10.025
11/10/2017,$10.10,"41,824",$10.15,$10.30,$10.055
11/09/2017,$10.15,"79,214",$10.15,$10.25,$10.05
11/08/2017,$10.20,"74,024",$10.20,$10.30,$10.00
11/07/2017,$10.25,"188,252",$10.35,$10.40,$10.15
11/06/2017,$10.35,"341,757",$10.45,$10.50,$10.30
11/03/2017,$10.50,"159,154",$10.30,$10.65,$10.25
11/02/2017,$10.70,"46,317",$10.45,$10.80,$10.45
11/01/2017,$10.50,"65,049",$10.65,$10.65,$10.35
10/31/2017,$10.55,"65,944",$10.55,$10.65,$10.35
10/30/2017,$10.50,"61,741",$10.65,$10.70,$10.475
10/27/2017,$10.75,"55,448",$10.50,$10.95,$10.50
10/26/2017,$10.65,"32,226",$10.75,$10.85,$10.50
10/25/2017,$10.65,"30,366",$10.95,$10.95,$10.50
10/24/2017,$10.90,"45,020",$11.00,$11.05,$10.90
10/23/2017,$10.90,"33,399",$10.90,$11.00,$10.85
10/20/2017,$10.95,"77,132",$11.05,$11.05,$10.75
10/19/2017,$10.85,"30,169",$10.65,$10.85,$10.60
10/18/2017,$10.65,"285,710",$10.25,$10.875,$10.175
10/17/2017,$11.00,"20,252",$11.10,$11.10,$10.95
10/16/2017,$11.00,"29,045",$11.00,$11.10,$11.00
10/13/2017,$11.00,"39,083",$10.95,$11.10,$10.90
10/12/2017,$10.90,"41,196",$10.95,$11.05,$10.90
10/11/2017,$11.00,"45,156",$11.00,$11.10,$10.95
10/10/2017,$11.00,"74,710",$10.80,$11.00,$10.725
10/09/2017,$10.75,"70,081",$10.80,$10.80,$10.75
10/06/2017,$10.80,"42,593",$10.80,$10.80,$10.75
10/05/2017,$10.80,"81,279",$10.70,$10.80,$10.60
10/04/2017,$10.75,"37,201",$10.85,$10.90,$10.7257
10/03/2017,$10.80,"48,840",$10.85,$10.85,$10.80
10/02/2017,$10.85,"145,600",$10.95,$10.95,$10.70
09/29/2017,$10.90,"41,170",$10.95,$11.00,$10.90
09/28/2017,$11.00,"69,774",$10.95,$11.025,$10.925
09/27/2017,$11.00,"62,720",$10.70,$11.00,$10.70
09/26/2017,$10.70,"44,451",$10.75,$10.75,$10.55
09/25/2017,$10.70,"43,838",$10.60,$10.80,$10.45
09/22/2017,$10.75,"26,308",$10.60,$10.75,$10.60
09/21/2017,$10.60,"74,450",$10.50,$10.70,$10.00
09/20/2017,$10.55,"103,893",$10.35,$10.60,$10.35
09/19/2017,$10.50,"33,781",$10.40,$10.55,$10.40
09/18/2017,$10.45,"75,257",$10.35,$10.45,$9.95
09/15/2017,$10.40,"104,736",$10.45,$10.50,$10.20
09/14/2017,$10.40,"43,944",$10.50,$10.50,$10.30
09/13/2017,$10.50,"29,793",$10.35,$10.55,$10.298
09/12/2017,$10.35,"30,633",$10.35,$10.50,$10.275
09/11/2017,$10.35,"36,498",$10.30,$10.35,$10.20
09/08/2017,$10.20,"20,739",$10.15,$10.25,$10.00
09/07/2017,$10.10,"24,020",$10.20,$10.25,$10.05
09/06/2017,$10.10,"37,994",$10.10,$10.25,$10.10
09/05/2017,$10.05,"48,570",$10.05,$10.20,$10.00
09/01/2017,$10.10,"35,115",$9.95,$10.20,$9.95
08/31/2017,$9.95,"49,428",$9.95,$10.10,$9.85
08/30/2017,$9.90,"34,782",$9.85,$10.10,$9.85
08/29/2017,$9.80,"26,929",$9.80,$9.95,$9.75
08/28/2017,$9.85,"27,205",$10.05,$10.05,$9.80
08/25/2017,$10.00,"52,095",$9.90,$10.15,$9.80
08/24/2017,$9.90,"81,156",$9.75,$9.95,$9.75
08/23/2017,$9.70,"19,455",$9.70,$9.70,$9.55
08/22/2017,$9.70,"23,338",$9.65,$9.85,$9.65
08/21/2017,$9.55,"26,876",$9.55,$9.70,$9.50
08/18/2017,$9.60,"40,297",$9.30,$9.75,$9.30
08/17/2017,$9.45,"55,812",$9.55,$9.80,$9.40
08/16/2017,$9.65,"24,011",$9.60,$9.80,$9.60
08/15/2017,$9.60,"18,170",$9.65,$9.85,$9.60
08/14/2017,$9.70,"40,474",$9.50,$9.85,$9.50
08/11/2017,$9.50,"54,081",$9.70,$9.70,$9.45
08/10/2017,$9.60,"30,073",$9.60,$9.70,$9.55
08/09/2017,$9.65,"18,410",$9.75,$9.75,$9.65
08/08/2017,$9.80,"30,315",$9.65,$9.875,$9.65
08/07/2017,$9.70,"70,256",$9.85,$9.85,$9.65
08/04/2017,$9.90,"22,739",$9.85,$9.95,$9.80
08/03/2017,$9.80,"26,754",$9.80,$10.00,$9.80
08/02/2017,$9.95,"11,501",$10.10,$10.10,$9.95
08/01/2017,$10.05,"22,182",$9.95,$10.10,$9.95
07/31/2017,$9.95,"34,613",$9.95,$10.00,$9.85
07/28/2017,$9.95,"21,938",$9.90,$10.00,$9.90
07/27/2017,$10.00,"41,046",$9.95,$10.15,$9.60
07/26/2017,$9.95,"12,591",$10.25,$10.35,$9.95
07/25/2017,$10.30,"33,493",$10.10,$10.35,$10.10
07/24/2017,$10.05,"42,545",$10.05,$10.15,$10.00
07/21/2017,$10.05,"48,422",$10.30,$10.30,$10.025
07/20/2017,$10.05,"26,399",$9.95,$10.15,$9.95
07/19/2017,$10.00,"17,771",$10.05,$10.05,$9.95
07/18/2017,$10.05,"12,532",$10.00,$10.15,$10.00
07/17/2017,$10.10,"31,814",$10.10,$10.20,$10.00
07/14/2017,$10.10,"195,376",$10.10,$10.25,$10.05
07/13/2017,$10.15,"15,069",$10.30,$10.35,$10.15
07/12/2017,$10.35,"15,812",$10.20,$10.35,$10.175
07/11/2017,$10.20,"26,002",$10.50,$10.50,$10.20
07/10/2017,$10.45,"29,327",$10.50,$10.60,$10.40
07/07/2017,$10.60,"29,396",$10.35,$10.60,$10.25
07/06/2017,$10.35,"27,589",$10.30,$10.45,$10.275
07/05/2017,$10.40,"41,738",$10.30,$10.45,$10.20
07/03/2017,$10.40,"24,338",$10.05,$10.40,$10.05
06/30/2017,$10.15,"98,325",$10.30,$10.45,$10.15
06/29/2017,$10.25,"84,268",$10.40,$10.40,$10.20
06/28/2017,$10.35,"82,796",$10.30,$10.45,$10.25
06/27/2017,$10.30,"56,998",$10.25,$10.525,$10.15
06/26/2017,$10.20,"56,975",$10.15,$10.275,$10.10
06/23/2017,$10.10,"529,752",$10.25,$10.25,$9.95
06/22/2017,$10.20,"41,416",$10.20,$10.25,$10.10
06/21/2017,$10.15,"34,850",$10.525,$10.55,$10.15
06/20/2017,$10.55,"26,969",$10.55,$10.65,$10.50
06/19/2017,$10.55,"40,425",$10.80,$10.90,$10.45
06/16/2017,$10.80,"315,692",$10.70,$10.925,$10.70
06/15/2017,$10.90,"54,675",$10.80,$10.925,$10.70
06/14/2017,$10.85,"156,270",$10.65,$10.95,$10.65
06/13/2017,$10.75,"90,964",$10.65,$10.80,$10.65
06/12/2017,$10.65,"93,362",$10.55,$10.75,$10.45
06/09/2017,$10.50,"134,140",$10.20,$10.575,$10.20
06/08/2017,$10.20,"183,757",$10.15,$10.25,$10.15
06/07/2017,$10.15,"21,541",$10.10,$10.15,$10.05
06/06/2017,$10.05,"19,617",$10.15,$10.175,$10.05
06/05/2017,$10.25,"32,118",$10.30,$10.40,$10.10
06/02/2017,$10.35,"36,807",$10.10,$10.35,$10.10
06/01/2017,$10.10,"33,360",$10.00,$10.20,$9.975
05/31/2017,$9.95,"26,784",$10.00,$10.10,$9.875
05/30/2017,$10.00,"17,417",$10.10,$10.25,$10.00
05/26/2017,$10.15,"14,562",$10.30,$10.30,$10.15
05/25/2017,$10.30,"36,785",$10.20,$10.35,$10.10
05/24/2017,$10.20,"23,139",$10.15,$10.20,$10.0287
05/23/2017,$10.15,"24,546",$10.00,$10.15,$9.95
05/22/2017,$10.00,"24,388",$10.00,$10.10,$9.925
05/19/2017,$10.05,"50,122",$10.10,$10.20,$9.85
05/18/2017,$10.10,"33,231",$10.05,$10.20,$10.025
05/17/2017,$10.10,"42,093",$10.15,$10.20,$10.05
05/16/2017,$10.30,"23,039",$10.30,$10.40,$10.15
05/15/2017,$10.30,"53,063",$10.15,$10.35,$10.01
05/12/2017,$10.30,"25,869",$10.45,$10.45,$10.25
05/11/2017,$10.50,"31,092",$10.40,$10.60,$10.40
05/10/2017,$10.50,"33,638",$10.45,$10.65,$10.45
05/09/2017,$10.55,"46,361",$10.50,$10.60,$10.50
05/08/2017,$10.50,"44,711",$10.40,$10.60,$10.40
05/05/2017,$10.35,"74,322",$10.55,$10.60,$10.25
05/04/2017,$10.60,"47,874",$10.55,$10.60,$10.50
05/03/2017,$10.55,"75,006",$10.55,$10.70,$10.40
05/02/2017,$10.60,"76,111",$10.70,$10.75,$10.50
05/01/2017,$10.55,"105,049",$10.60,$10.75,$10.50
04/28/2017,$10.50,"100,910",$10.60,$10.75,$10.45
04/27/2017,$10.60,"105,066",$10.65,$10.75,$10.525
04/26/2017,$10.60,"404,290",$10.35,$10.75,$10.35
04/25/2017,$10.45,"31,829",$10.35,$10.45,$10.35
04/24/2017,$10.30,"75,879",$10.30,$10.35,$10.20
04/21/2017,$10.30,"72,104",$10.25,$10.45,$10.10
04/20/2017,$10.25,"52,651",$10.15,$10.25,$10.10
04/19/2017,$10.05,"47,468",$10.00,$10.25,$10.00
04/18/2017,$10.00,"29,724",$9.95,$10.05,$9.95
04/17/2017,$10.00,"198,976",$9.90,$10.05,$9.75
04/13/2017,$9.90,"64,989",$10.20,$10.20,$9.85
04/12/2017,$10.20,"20,070",$10.20,$10.25,$10.10
04/11/2017,$10.25,"48,914",$10.00,$10.40,$10.00
04/10/2017,$10.10,"37,907",$10.15,$10.162,$9.975
04/07/2017,$10.15,"62,946",$10.05,$10.20,$9.95
04/06/2017,$10.10,"56,824",$9.95,$10.20,$9.90
04/05/2017,$9.90,"418,293",$10.25,$10.30,$9.90
04/04/2017,$10.25,"46,420",$10.411,$10.55,$10.10
04/03/2017,$10.40,"49,993",$10.50,$10.65,$10.30
03/31/2017,$10.50,"216,671",$10.25,$10.60,$9.975
03/30/2017,$10.25,"33,541",$10.10,$10.25,$10.00
03/29/2017,$10.00,"63,836",$10.15,$10.20,$9.95
03/28/2017,$10.20,"37,178",$10.30,$10.40,$10.15
03/27/2017,$10.35,"38,708",$10.15,$10.40,$10.05
03/24/2017,$10.30,"43,392",$10.20,$10.35,$10.20
03/23/2017,$10.25,"72,767",$10.10,$10.30,$10.10
03/22/2017,$10.25,"57,201",$10.10,$10.345,$10.10
03/21/2017,$10.20,"51,451",$10.70,$10.70,$10.20
03/20/2017,$10.60,"78,081",$10.60,$10.75,$10.50
03/17/2017,$10.65,"157,177",$10.10,$10.65,$10.10
03/16/2017,$10.50,"35,266",$10.55,$10.60,$10.45
03/15/2017,$10.50,"29,452",$10.50,$10.60,$10.46
03/14/2017,$10.50,"38,753",$10.35,$10.55,$10.275
03/13/2017,$10.45,"77,052",$10.25,$10.50,$10.20
03/10/2017,$10.30,"71,314",$10.35,$10.45,$10.225
03/09/2017,$10.25,"59,272",$10.40,$10.40,$10.20
03/08/2017,$10.35,"63,272",$10.30,$10.425,$10.25
03/07/2017,$10.30,"45,996",$10.65,$10.65,$10.30
03/06/2017,$10.60,"56,367",$10.65,$10.65,$10.50
03/03/2017,$10.60,"80,535",$10.30,$10.65,$10.30
03/02/2017,$10.35,"94,894",$10.30,$10.40,$10.20
03/01/2017,$10.25,"83,839",$10.10,$10.30,$10.10
02/28/2017,$10.05,"121,516",$9.95,$10.25,$9.95
02/27/2017,$9.95,"81,921",$9.85,$9.95,$9.80
02/24/2017,$9.80,"829,882",$9.675,$9.85,$9.65
02/23/2017,$9.70,"297,463",$9.65,$9.75,$9.575
02/22/2017,$9.70,"118,903",$9.60,$9.70,$9.60
02/21/2017,$9.65,"28,454",$9.65,$9.65,$9.55
02/17/2017,$9.60,"59,323",$9.70,$9.70,$9.55
02/16/2017,$9.65,"32,315",$9.70,$9.70,$9.65
02/15/2017,$9.65,"15,425",$9.65,$9.70,$9.60
02/14/2017,$9.70,"39,106",$9.80,$9.80,$9.6244
02/13/2017,$9.80,"41,257",$9.85,$9.95,$9.70
02/10/2017,$9.80,"33,400",$9.80,$9.85,$9.65
02/09/2017,$9.70,"98,505",$9.60,$9.79,$9.475
02/08/2017,$9.60,"72,556",$9.70,$9.80,$9.537
02/07/2017,$9.70,"86,677",$9.65,$9.80,$9.65
02/06/2017,$9.60,"30,699",$9.55,$9.65,$9.50
02/03/2017,$9.55,"69,317",$9.30,$9.575,$9.225
02/02/2017,$9.15,"34,782",$9.25,$9.35,$9.15
02/01/2017,$9.25,"93,800",$9.65,$9.65,$9.20
01/31/2017,$9.70,"177,517",$9.50,$9.80,$9.25
01/30/2017,$9.55,"33,114",$9.70,$9.75,$9.50
01/27/2017,$9.75,"181,243",$9.80,$9.95,$9.70
01/26/2017,$9.85,"65,829",$9.50,$9.85,$9.50
01/25/2017,$9.65,"48,785",$9.45,$9.70,$9.45
01/24/2017,$9.50,"64,533",$9.476,$9.50,$9.25
01/23/2017,$9.30,"53,590",$9.20,$9.30,$9.10
01/20/2017,$9.15,"330,927",$9.15,$9.30,$9.00
01/19/2017,$9.15,"44,770",$9.20,$9.40,$9.10
01/18/2017,$9.25,"242,771",$9.05,$9.30,$9.00
01/17/2017,$9.00,"60,760",$9.25,$9.35,$9.00
01/13/2017,$9.30,"67,466",$9.30,$9.40,$9.15
01/12/2017,$9.25,"49,392",$9.20,$9.40,$9.20
01/11/2017,$9.30,"46,034",$9.30,$9.45,$9.25
01/10/2017,$9.40,"45,888",$9.30,$9.50,$9.20
01/09/2017,$9.30,"57,569",$9.45,$9.50,$9.30
01/06/2017,$9.50,"71,908",$9.40,$9.60,$9.35
01/05/2017,$9.35,"54,782",$9.50,$9.55,$9.30
01/04/2017,$9.50,"308,860",$9.45,$9.70,$9.40
01/03/2017,$9.35,"43,325",$9.45,$9.45,$9.35
12/30/2016,$9.35,"48,203",$9.50,$9.50,$9.30
12/29/2016,$9.40,"64,621",$9.40,$9.45,$9.30
12/28/2016,$9.35,"61,889",$9.40,$9.50,$9.325
12/27/2016,$9.35,"71,020",$9.60,$9.605,$9.35
12/23/2016,$9.60,"51,184",$9.55,$9.70,$9.35
12/22/2016,$9.55,"81,010",$9.40,$9.75,$9.40
12/21/2016,$9.30,"50,359",$9.25,$9.35,$9.175
12/20/2016,$9.20,"69,658",$9.15,$9.20,$9.05
12/19/2016,$9.10,"98,044",$9.10,$9.20,$9.01
12/16/2016,$9.10,"294,311",$8.60,$9.20,$8.60
12/15/2016,$8.60,"58,991",$8.65,$8.70,$8.60
12/14/2016,$8.65,"77,643",$8.55,$8.70,$8.475
12/13/2016,$8.65,"91,493",$8.40,$8.70,$8.40
12/12/2016,$8.35,"77,787",$8.60,$8.60,$8.35
12/09/2016,$8.55,"78,177",$8.65,$8.65,$8.475
12/08/2016,$8.55,"74,898",$8.40,$8.70,$8.40
12/07/2016,$8.45,"91,066",$8.50,$8.50,$8.40
12/06/2016,$8.45,"65,402",$8.50,$8.525,$8.40
12/05/2016,$8.45,"82,254",$8.40,$8.50,$8.35
12/02/2016,$8.45,"20,260",$8.40,$8.50,$8.40
12/01/2016,$8.35,"27,394",$8.45,$8.55,$8.35
11/30/2016,$8.40,"31,897",$8.60,$8.60,$8.40
11/29/2016,$8.50,"38,131",$8.50,$8.65,$8.50
11/28/2016,$8.50,"30,240",$8.50,$8.50,$8.45
11/25/2016,$8.50,"8,475",$8.456,$8.50,$8.425
11/23/2016,$8.45,"38,484",$8.50,$8.50,$8.4275
11/22/2016,$8.40,"40,970",$8.35,$8.40,$8.25
11/21/2016,$8.30,"39,591",$8.30,$8.325,$8.1723
11/18/2016,$8.30,"46,158",$8.20,$8.35,$8.20
11/17/2016,$8.20,"66,864",$8.20,$8.35,$8.10
11/16/2016,$8.30,"98,075",$8.30,$8.325,$8.15
11/15/2016,$8.35,"64,988",$8.35,$8.60,$8.25
11/14/2016,$8.30,"77,227",$8.30,$8.40,$8.20
11/11/2016,$8.30,"263,023",$8.10,$8.30,$8.025
11/10/2016,$8.10,"87,977",$8.15,$8.15,$8.05
11/09/2016,$8.05,"206,040",$8.00,$8.20,$7.80
11/08/2016,$7.95,"30,864",$7.90,$7.95,$7.75
11/07/2016,$7.90,"49,160",$7.90,$7.90,$7.75
11/04/2016,$7.85,"45,071",$7.85,$7.90,$7.75
11/03/2016,$7.85,"75,562",$7.75,$7.85,$7.684
11/02/2016,$7.85,"67,381",$7.75,$7.85,$7.60
11/01/2016,$7.75,"51,570",$7.90,$7.90,$7.60
10/31/2016,$7.90,"578,915",$7.65,$8.05,$7.45
10/28/2016,$7.59,"23,144",$7.60,$7.60,$7.55
10/27/2016,$7.60,"21,888",$7.79,$7.79,$7.58
10/26/2016,$7.72,"38,200",$7.80,$7.80,$7.71
10/25/2016,$7.79,"65,005",$7.84,$7.9999,$7.73
10/24/2016,$8.08,"72,740",$8.12,$8.12,$7.56
10/21/2016,$7.90,"663,938",$7.60,$8.10,$7.60
10/20/2016,$7.67,"8,851",$7.71,$7.71,$7.67
10/19/2016,$7.67,"38,735",$7.67,$7.77,$7.65
10/18/2016,$7.67,"12,614",$7.65,$7.74,$7.62
10/17/2016,$7.65,"10,928",$7.57,$7.67,$7.57
10/14/2016,$7.59,"11,456",$7.64,$7.64,$7.5701
10/13/2016,$7.59,"7,575",$7.62,$7.64,$7.58
10/12/2016,$7.64,"17,769",$7.55,$7.68,$7.55
10/11/2016,$7.62,"12,228",$7.64,$7.64,$7.59
10/10/2016,$7.62,"12,531",$7.62,$7.64,$7.58
10/07/2016,$7.59,"10,365",$7.63,$7.635,$7.57
10/06/2016,$7.60,"6,503",$7.67,$7.67,$7.57
10/05/2016,$7.64,"8,052",$7.62,$7.68,$7.60
10/04/2016,$7.58,"22,559",$7.64,$7.67,$7.56
10/03/2016,$7.59,"9,068",$7.61,$7.69,$7.58
09/30/2016,$7.65,"30,304",$7.60,$7.70,$7.58
09/29/2016,$7.58,"43,525",$7.69,$7.69,$7.49
09/28/2016,$7.59,"26,893",$7.55,$7.64,$7.52
09/27/2016,$7.57,"20,321",$7.56,$7.62,$7.55
09/26/2016,$7.59,"31,716",$7.68,$7.72,$7.58
09/23/2016,$7.76,"14,362",$7.66,$7.79,$7.66
09/22/2016,$7.74,"21,206",$7.69,$7.77,$7.67
09/21/2016,$7.69,"20,797",$7.63,$7.70,$7.59
09/20/2016,$7.62,"15,402",$7.60,$7.62,$7.59
09/19/2016,$7.57,"22,713",$7.62,$7.66,$7.55
09/16/2016,$7.58,"59,032",$7.66,$7.66,$7.57
09/15/2016,$7.64,"18,758",$7.604,$7.693,$7.59
09/14/2016,$7.59,"17,948",$7.62,$7.63,$7.57
09/13/2016,$7.59,"26,023",$7.61,$7.63,$7.54
09/12/2016,$7.65,"17,914",$7.57,$7.66,$7.545
09/09/2016,$7.57,"20,468",$7.58,$7.73,$7.565
09/08/2016,$7.65,"12,686",$7.58,$7.69,$7.56
09/07/2016,$7.58,"73,326",$7.60,$7.62,$7.41
09/06/2016,$7.62,"32,774",$7.66,$7.66,$7.52
09/02/2016,$7.63,"5,469",$7.62,$7.65,$7.57
09/01/2016,$7.58,"11,159",$7.61,$7.65,$7.56
08/31/2016,$7.57,"14,662",$7.57,$7.61,$7.55
08/30/2016,$7.59,"11,912",$7.61,$7.64,$7.57
08/29/2016,$7.61,"14,039",$7.61,$7.67,$7.59
08/26/2016,$7.64,"4,877",$7.60,$7.67,$7.60
08/25/2016,$7.60,"20,874",$7.56,$7.6699,$7.56
08/24/2016,$7.61,"18,316",$7.63,$7.63,$7.565
08/23/2016,$7.60,"16,904",$7.63,$7.72,$7.59
08/22/2016,$7.63,"63,423",$7.63,$7.76,$7.62
08/19/2016,$7.62,"29,288",$7.64,$7.67,$7.58
08/18/2016,$7.60,"50,892",$7.595,$7.63,$7.56
08/17/2016,$7.59,"10,333",$7.57,$7.60,$7.56
08/16/2016,$7.56,"12,375",$7.56,$7.61,$7.53
08/15/2016,$7.54,"24,313",$7.54,$7.61,$7.52
08/12/2016,$7.56,"14,955",$7.58,$7.59,$7.53
08/11/2016,$7.56,"9,579",$7.58,$7.59,$7.54
08/10/2016,$7.56,"4,993",$7.60,$7.62,$7.56
08/09/2016,$7.65,"17,983",$7.62,$7.68,$7.58
08/08/2016,$7.62,"17,540",$7.55,$7.64,$7.55
08/05/2016,$7.58,"33,151",$7.56,$7.64,$7.53
08/04/2016,$7.55,"44,050",$7.64,$7.65,$7.54
08/03/2016,$7.58,"24,128",$7.64,$7.83,$7.58
08/02/2016,$7.59,"11,925",$7.70,$7.73,$7.59
08/01/2016,$7.67,"14,979",$7.74,$7.85,$7.66
07/29/2016,$7.87,"17,631",$7.92,$7.95,$7.81
07/28/2016,$7.92,"18,988",$7.97,$7.97,$7.91
07/27/2016,$7.94,"16,292",$7.89,$7.94,$7.86
07/26/2016,$7.93,"18,682",$7.89,$7.93,$7.84
07/25/2016,$7.86,"30,452",$7.81,$7.88,$7.81
07/22/2016,$7.87,"10,272",$7.895,$7.90,$7.83
07/21/2016,$7.87,"16,875",$7.83,$7.89,$7.81
07/20/2016,$7.88,"27,534",$7.90,$7.90,$7.77
07/19/2016,$7.85,"37,526",$7.94,$7.94,$7.75
07/18/2016,$7.86,"16,099",$7.90,$7.93,$7.82
07/15/2016,$7.87,"31,972",$7.93,$7.93,$7.81
07/14/2016,$7.88,"15,772",$7.89,$7.89,$7.75
07/13/2016,$7.84,"20,262",$7.82,$7.84,$7.66
07/12/2016,$7.80,"54,150",$7.84,$7.84,$7.79
07/11/2016,$7.80,"37,597",$7.81,$7.83,$7.71
07/08/2016,$7.76,"55,583",$7.76,$7.78,$7.73
07/07/2016,$7.75,"17,380",$7.65,$7.76,$7.65
07/06/2016,$7.70,"32,043",$7.68,$7.71,$7.64
07/05/2016,$7.68,"20,071",$7.70,$7.74,$7.64
07/01/2016,$7.69,"16,845",$7.72,$7.72,$7.673
06/30/2016,$7.70,"41,637",$7.66,$7.73,$7.65
06/29/2016,$7.62,"37,639",$7.61,$7.62,$7.56
06/28/2016,$7.52,"36,981",$7.38,$7.58,$7.38
06/27/2016,$7.38,"77,202",$7.49,$7.55,$7.35
06/24/2016,$7.46,"1,439,630",$7.47,$7.72,$7.43
06/23/2016,$7.60,"90,361",$7.64,$7.71,$7.59
06/22/2016,$7.61,"38,561",$7.64,$7.66,$7.53
06/21/2016,$7.61,"53,575",$7.65,$7.65,$7.52
06/20/2016,$7.58,"26,544",$7.63,$7.68,$7.56
06/17/2016,$7.56,"58,294",$7.64,$7.64,$7.56
06/16/2016,$7.62,"15,924",$7.60,$7.65,$7.59
06/15/2016,$7.62,"24,737",$7.65,$7.655,$7.60
06/14/2016,$7.62,"44,914",$7.59,$7.64,$7.57
06/13/2016,$7.62,"26,686",$7.73,$7.74,$7.58
06/10/2016,$7.69,"20,633",$7.66,$7.72,$7.65
06/09/2016,$7.70,"11,115",$7.75,$7.75,$7.68
06/08/2016,$7.73,"15,143",$7.73,$7.75,$7.67
06/07/2016,$7.69,"23,010",$7.75,$7.75,$7.68
06/06/2016,$7.71,"20,477",$7.65,$7.75,$7.65
06/03/2016,$7.69,"17,750",$7.67,$7.72,$7.63
06/02/2016,$7.71,"13,694",$7.68,$7.77,$7.68
06/01/2016,$7.72,"10,770",$7.68,$7.75,$7.67
05/31/2016,$7.71,"22,841",$7.75,$7.77,$7.71
05/27/2016,$7.78,"23,725",$7.75,$7.78,$7.70
05/26/2016,$7.74,"11,517",$7.78,$7.796,$7.73
05/25/2016,$7.74,"22,831",$7.75,$7.79,$7.67
05/24/2016,$7.73,"49,963",$7.75,$7.75,$7.6701
05/23/2016,$7.75,"28,082",$7.73,$7.75,$7.65
05/20/2016,$7.70,"8,203",$7.70,$7.72,$7.575
05/19/2016,$7.68,"16,925",$7.68,$7.68,$7.53
05/18/2016,$7.68,"12,805",$7.60,$7.68,$7.60
05/17/2016,$7.58,"22,727",$7.65,$7.66,$7.535
05/16/2016,$7.62,"10,324",$7.62,$7.70,$7.61
05/13/2016,$7.62,"21,049",$7.64,$7.65,$7.55
05/12/2016,$7.62,"20,246",$7.62,$7.69,$7.55
05/11/2016,$7.68,"22,734",$7.61,$7.69,$7.545
05/10/2016,$7.61,"79,898",$7.70,$7.75,$7.55
05/09/2016,$7.67,"83,168",$7.75,$7.76,$7.45
05/06/2016,$7.56,"72,121",$7.47,$7.66,$7.47
05/05/2016,$7.55,"46,971",$7.50,$7.58,$7.46
05/04/2016,$7.52,"85,862",$7.59,$7.59,$7.40
05/03/2016,$7.58,"14,642",$7.76,$7.76,$7.54
05/02/2016,$7.65,"19,700",$7.62,$7.74,$7.56
04/29/2016,$7.66,"8,178",$7.65,$7.66,$7.61
04/28/2016,$7.64,"19,191",$7.62,$7.70,$7.57
04/27/2016,$7.73,"11,347",$7.72,$7.73,$7.66
04/26/2016,$7.71,"19,855",$7.5879,$7.73,$7.5879
04/25/2016,$7.66,"29,964",$7.70,$7.73,$7.565
04/22/2016,$7.74,"89,599",$7.75,$7.75,$7.63
04/21/2016,$7.65,"37,940",$7.64,$7.65,$7.40
04/20/2016,$7.68,"49,386",$7.721,$7.73,$7.64
04/19/2016,$7.73,"52,589",$7.65,$7.75,$7.57
04/18/2016,$7.63,"9,528",$7.65,$7.67,$7.61
04/15/2016,$7.65,"50,200",$7.60,$7.65,$7.55
04/14/2016,$7.59,"21,526",$7.55,$7.59,$7.53
04/13/2016,$7.52,"39,809",$7.57,$7.63,$7.52
04/12/2016,$7.59,"26,129",$7.57,$7.61,$7.50
04/11/2016,$7.53,"32,529",$7.58,$7.61,$7.49
04/08/2016,$7.56,"38,617",$7.57,$7.63,$7.47
04/07/2016,$7.53,"33,715",$7.60,$7.60,$7.50
04/06/2016,$7.59,"79,952",$7.54,$7.68,$7.54
04/05/2016,$7.60,"212,227",$8.08,$8.08,$7.57
04/04/2016,$8.42,"8,868",$8.50,$8.50,$8.41
04/01/2016,$8.46,"11,568",$8.45,$8.50,$8.39
03/31/2016,$8.43,"14,624",$8.56,$8.65,$8.43
03/30/2016,$8.66,"15,866",$8.71,$8.72,$8.6099
03/29/2016,$8.66,"15,994",$8.69,$8.71,$8.64
03/28/2016,$8.70,"12,873",$8.41,$8.74,$8.41
03/24/2016,$8.58,"7,568",$8.43,$8.58,$8.385
03/23/2016,$8.49,"19,127",$8.59,$8.63,$8.40
03/22/2016,$8.62,"16,887",$8.43,$8.65,$8.37
03/21/2016,$8.65,"6,681",$8.66,$8.67,$8.54
03/18/2016,$8.64,"13,075",$8.71,$8.71,$8.54
03/17/2016,$8.68,"11,909",$8.75,$8.75,$8.59
03/16/2016,$8.68,"5,857",$8.82,$8.84,$8.66
03/15/2016,$8.79,"7,679",$8.81,$8.85,$8.75
03/14/2016,$8.82,"19,732",$8.78,$8.83,$8.77
03/11/2016,$8.76,"30,666",$8.48,$8.77,$8.335
03/10/2016,$8.40,"13,581",$8.36,$8.45,$8.28
03/09/2016,$8.42,"16,306",$8.23,$8.44,$8.22
03/08/2016,$8.24,"11,200",$8.20,$8.40,$8.20
03/07/2016,$8.37,"18,172",$8.14,$8.38,$8.14
03/04/2016,$8.33,"38,719",$8.55,$8.65,$8.20
03/03/2016,$8.55,"12,084",$8.46,$8.55,$8.4143
03/02/2016,$8.49,"9,339",$8.435,$8.55,$8.41
03/01/2016,$8.51,"17,676",$8.37,$8.52,$8.29
02/29/2016,$8.36,"22,152",$8.31,$8.53,$8.26
02/26/2016,$8.31,"26,822",$8.30,$8.43,$8.24
02/25/2016,$8.37,"30,694",$8.22,$8.44,$8.11
02/24/2016,$8.22,"15,407",$8.20,$8.22,$8.08
02/23/2016,$8.22,"46,211",$8.18,$8.22,$7.98
02/22/2016,$8.22,"39,327",$8.03,$8.29,$8.02
02/19/2016,$7.95,"16,649",$7.94,$8.07,$7.85
02/18/2016,$7.92,"16,220",$7.94,$8.04,$7.85
02/17/2016,$7.96,"13,611",$8.01,$8.07,$7.88
02/16/2016,$8.01,"129,811",$7.92,$8.02,$7.70
02/12/2016,$7.83,"13,827",$7.74,$7.83,$7.61
02/11/2016,$7.66,"19,743",$7.63,$7.74,$7.57
02/10/2016,$7.73,"10,561",$7.79,$7.96,$7.73
02/09/2016,$7.75,"16,825",$7.76,$7.83,$7.72
02/08/2016,$7.84,"9,016",$7.84,$7.97,$7.78
02/05/2016,$7.84,"16,324",$7.95,$8.03,$7.81
02/04/2016,$8.00,"32,154",$7.94,$8.03,$7.92
02/03/2016,$8.00,"38,859",$7.92,$8.07,$7.90
02/02/2016,$7.91,"27,465",$7.96,$7.98,$7.90
02/01/2016,$7.96,"22,470",$7.94,$8.02,$7.94
01/29/2016,$7.98,"72,563",$7.96,$8.045,$7.96
01/28/2016,$7.96,"85,615",$7.73,$8.05,$7.73
01/27/2016,$7.97,"34,980",$7.91,$7.985,$7.80
01/26/2016,$7.97,"55,413",$7.96,$8.06,$7.79
01/25/2016,$7.98,"47,051",$8.08,$8.15,$7.86
01/22/2016,$8.10,"12,382",$8.17,$8.17,$8.09
01/21/2016,$8.15,"43,348",$8.19,$8.24,$7.94
01/20/2016,$8.29,"24,433",$8.08,$8.30,$7.965
01/19/2016,$8.17,"16,928",$8.14,$8.215,$7.94
01/15/2016,$8.14,"17,595",$8.05,$8.20,$8.0255
01/14/2016,$8.18,"10,921",$8.15,$8.25,$8.04
01/13/2016,$8.21,"75,750",$8.19,$8.29,$8.01
01/12/2016,$8.19,"47,868",$8.13,$8.24,$8.01
01/11/2016,$8.15,"19,653",$8.27,$8.30,$7.89
01/08/2016,$8.28,"13,446",$8.31,$8.35,$8.19
01/07/2016,$8.29,"62,632",$8.41,$8.42,$8.25
01/06/2016,$8.50,"26,363",$8.51,$8.60,$8.4666
01/05/2016,$8.54,"14,316",$8.49,$8.60,$8.49
01/04/2016,$8.54,"38,423",$8.32,$8.59,$8.30
12/31/2015,$8.40,"24,594",$8.34,$8.49,$8.32
12/30/2015,$8.28,"4,852",$8.41,$8.42,$8.28
12/29/2015,$8.36,"12,670",$8.31,$8.38,$8.29
12/28/2015,$8.34,"21,121",$8.24,$8.35,$8.23
12/24/2015,$8.25,"5,970",$8.29,$8.33,$8.15
12/23/2015,$8.25,"7,297",$8.27,$8.30,$8.231
12/22/2015,$8.24,"32,972",$8.25,$8.30,$8.05
12/21/2015,$8.30,"76,596",$7.79,$8.30,$7.79
12/18/2015,$8.05,"79,766",$8.01,$8.08,$7.77
12/17/2015,$7.99,"5,452",$7.95,$8.06,$7.95
12/16/2015,$8.04,"12,029",$8.04,$8.07,$7.91
12/15/2015,$8.02,"25,544",$7.84,$8.06,$7.84
12/14/2015,$7.82,"9,339",$7.75,$7.856,$7.61
12/11/2015,$7.80,"437,451",$7.63,$7.85,$7.30
12/10/2015,$7.75,"30,361",$7.72,$7.83,$7.7101
12/09/2015,$7.76,"11,497",$7.79,$7.86,$7.76
12/08/2015,$7.83,"13,285",$7.90,$7.94,$7.80
12/07/2015,$7.94,"11,910",$7.93,$7.98,$7.87
12/04/2015,$7.95,"15,370",$7.88,$8.01,$7.88
12/03/2015,$7.90,"4,051",$8.00,$8.02,$7.87
12/02/2015,$7.97,"18,482",$8.04,$8.05,$7.97
12/01/2015,$8.03,"21,897",$8.03,$8.08,$8.00
11/30/2015,$8.04,"7,657",$8.07,$8.09,$8.01
11/27/2015,$8.0897,"2,116",$8.08,$8.09,$8.0501
11/25/2015,$8.07,"4,627",$8.05,$8.08,$7.95
11/24/2015,$8.04,"13,965",$7.98,$8.05,$7.91
11/23/2015,$8.03,"7,614",$8.03,$8.05,$7.9442
11/20/2015,$8.00,"19,472",$8.00,$8.09,$7.96
11/19/2015,$7.99,"28,285",$7.90,$8.04,$7.90
11/18/2015,$7.94,"19,526",$7.89,$7.97,$7.85
11/17/2015,$7.85,"9,130",$7.86,$7.90,$7.82
11/16/2015,$7.87,"19,962",$7.79,$7.94,$7.7601
11/13/2015,$7.92,"58,275",$7.97,$7.99,$7.76
11/12/2015,$7.90,"4,320",$7.94,$7.94,$7.85
11/11/2015,$7.99,"4,269",$7.98,$8.05,$7.89
11/10/2015,$7.99,"38,113",$7.96,$8.05,$7.88
11/09/2015,$7.97,"38,988",$7.70,$8.00,$7.68
11/06/2015,$7.86,"15,981",$7.65,$7.94,$7.65
11/05/2015,$7.80,"13,198",$7.75,$7.85,$7.67
11/04/2015,$7.75,"40,327",$7.85,$7.85,$7.7332
11/03/2015,$7.83,"9,815",$7.71,$7.85,$7.71
11/02/2015,$7.84,"18,287",$7.80,$7.85,$7.66
10/30/2015,$7.80,"17,616",$7.75,$7.80,$7.59
10/29/2015,$7.69,"12,673",$7.63,$7.70,$7.50
10/28/2015,$7.70,"36,447",$7.59,$7.81,$7.59
10/27/2015,$7.74,"15,219",$7.79,$7.82,$7.68
10/26/2015,$7.84,"6,852",$7.80,$7.84,$7.75
10/23/2015,$7.84,"11,192",$7.84,$7.85,$7.72
10/22/2015,$7.84,"5,360",$7.85,$7.85,$7.66
10/21/2015,$7.8399,"7,157",$7.75,$7.85,$7.7401
10/20/2015,$7.84,"18,787",$7.84,$7.85,$7.7865
10/19/2015,$7.84,"6,092",$7.76,$7.85,$7.63
10/16/2015,$7.85,"22,717",$7.78,$7.85,$7.77
10/15/2015,$7.85,"26,034",$7.81,$7.85,$7.61
10/14/2015,$7.80,"7,332",$7.85,$7.87,$7.66
10/13/2015,$7.85,"6,451",$7.81,$7.85,$7.78
10/12/2015,$7.79,"29,361",$7.90,$7.92,$7.769
10/09/2015,$7.88,"18,512",$7.90,$7.90,$7.81
10/08/2015,$7.90,"23,199",$7.79,$7.90,$7.73
10/07/2015,$7.80,"20,529",$7.68,$7.82,$7.6701
10/06/2015,$7.72,"15,192",$7.76,$7.80,$7.52
10/05/2015,$7.74,"23,937",$7.80,$7.80,$7.61
10/02/2015,$7.78,"36,376",$7.70,$7.79,$7.50
10/01/2015,$7.78,"27,610",$7.62,$7.89,$7.45
09/30/2015,$7.65,"24,339",$7.63,$7.73,$7.53
09/29/2015,$7.59,"20,523",$7.61,$7.74,$7.52
09/28/2015,$7.61,"23,442",$7.55,$7.73,$7.50
09/25/2015,$7.74,"32,432",$7.65,$7.77,$7.56
09/24/2015,$7.63,"48,267",$7.66,$7.73,$7.48
09/23/2015,$7.67,"23,993",$7.63,$7.73,$7.43
09/22/2015,$7.59,"22,634",$7.49,$7.69,$7.45
09/21/2015,$7.66,"34,417",$7.60,$7.77,$7.42
09/18/2015,$7.63,"34,175",$7.48,$7.73,$7.42
09/17/2015,$7.58,"13,545",$7.58,$7.77,$7.57
09/16/2015,$7.55,"16,323",$7.625,$7.71,$7.50
09/15/2015,$7.59,"48,025",$7.54,$7.69,$7.53
09/14/2015,$7.74,"60,694",$7.50,$7.82,$7.50
09/11/2015,$7.54,"98,294",$7.434,$7.54,$7.434
09/10/2015,$7.52,"80,917",$7.3617,$7.5246,$7.3617
09/09/2015,$7.52,"4,485",$7.55,$7.55,$7.43
09/08/2015,$7.55,"7,058",$7.54,$7.55,$7.46
09/04/2015,$7.51,"7,496",$7.40,$7.54,$7.38
09/03/2015,$7.45,"2,727",$7.35,$7.53,$7.35
09/02/2015,$7.40,"19,721",$7.39,$7.44,$7.32
09/01/2015,$7.49,"13,357",$7.38,$7.51,$7.35
08/31/2015,$7.50,"3,140",$7.55,$7.55,$7.44
08/28/2015,$7.48,"4,565",$7.34,$7.55,$7.34
08/27/2015,$7.49,"31,041",$7.40,$7.52,$7.38
08/26/2015,$7.40,"11,446",$7.53,$7.53,$7.3701
08/25/2015,$7.42,"21,829",$7.54,$7.54,$7.35
08/24/2015,$7.45,"23,483",$7.35,$7.46,$7.31
08/21/2015,$7.50,"19,614",$7.35,$7.51,$7.35
08/20/2015,$7.32,"52,991",$7.34,$7.45,$7.32
08/19/2015,$7.47,"1,238",$7.35,$7.47,$7.35
08/18/2015,$7.43,"16,507",$7.47,$7.54,$7.3962
08/17/2015,$7.48,"3,026",$7.344,$7.49,$7.344
08/14/2015,$7.44,"41,287",$7.3301,$7.45,$7.3196
08/13/2015,$7.37,"4,696",$7.32,$7.40,$7.32
08/12/2015,$7.35,"9,036",$7.3101,$7.4199,$7.3001
08/11/2015,$7.35,"5,671",$7.41,$7.41,$7.32
08/10/2015,$7.38,"55,936",$7.36,$7.41,$7.31
08/07/2015,$7.36,"10,122",$7.35,$7.42,$7.30
08/06/2015,$7.35,"14,916",$7.38,$7.40,$7.31
08/05/2015,$7.42,"14,289",$7.37,$7.42,$7.36
08/04/2015,$7.39,"5,239",$7.36,$7.41,$7.3309
08/03/2015,$7.36,"26,252",$7.38,$7.42,$7.35
07/31/2015,$7.41,"16,024",$7.37,$7.42,$7.35
07/30/2015,$7.35,"6,545",$7.35,$7.37,$7.30
07/29/2015,$7.29,"9,358",$7.27,$7.37,$7.26
07/28/2015,$7.38,"26,487",$7.30,$7.38,$7.24
07/27/2015,$7.34,"15,965",$7.34,$7.34,$7.25
07/24/2015,$7.33,"51,973",$7.39,$7.40,$7.06
07/23/2015,$7.46,"4,762",$7.45,$7.50,$7.45
07/22/2015,$7.53,"7,501",$7.50,$7.53,$7.3932
07/21/2015,$7.49,"36,409",$7.36,$7.54,$7.32
07/20/2015,$7.42,"6,849",$7.38,$7.55,$7.38
07/17/2015,$7.42,"1,664",$7.48,$7.53,$7.42
07/16/2015,$7.48,"10,447",$7.49,$7.49,$7.36
07/15/2015,$7.4899,"9,711",$7.37,$7.51,$7.37
07/14/2015,$7.40,"4,102",$7.54,$7.54,$7.40
07/13/2015,$7.45,"8,212",$7.41,$7.55,$7.40
07/10/2015,$7.37,"10,876",$7.49,$7.55,$7.37
07/09/2015,$7.42,"10,257",$7.42,$7.47,$7.39
07/08/2015,$7.39,"13,112",$7.36,$7.44,$7.36
07/07/2015,$7.40,"19,397",$7.30,$7.40,$7.30
07/06/2015,$7.32,"13,529",$7.31,$7.36,$7.30
07/02/2015,$7.30,"11,772",$7.39,$7.39,$7.29
07/01/2015,$7.39,"349,125",$7.33,$7.40,$7.25
06/30/2015,$7.31,"7,895",$7.22,$7.31,$7.22
06/29/2015,$7.21,"19,460",$7.27,$7.29,$7.21
06/26/2015,$7.30,"19,719",$7.29,$7.33,$7.287
06/25/2015,$7.29,"4,306",$7.30,$7.30,$7.2846
06/24/2015,$7.28,"258,901",$7.26,$7.32,$7.25
06/23/2015,$7.34,"68,170",$7.36,$7.44,$7.26
06/22/2015,$7.31,"15,442",$7.28,$7.36,$7.27
06/19/2015,$7.41,"60,118",$7.32,$7.42,$7.30
06/18/2015,$7.41,"14,313",$7.46,$7.46,$7.29
06/17/2015,$7.40,"77,692",$7.34,$7.50,$7.34
06/16/2015,$7.25,"141,750",$7.49,$7.49,$7.12
06/15/2015,$7.54,"2,407",$7.52,$7.55,$7.47
06/12/2015,$7.47,"10,601",$7.53,$7.57,$7.47
06/11/2015,$7.53,"13,730",$7.46,$7.56,$7.45
06/10/2015,$7.55,"5,842",$7.52,$7.56,$7.49
06/09/2015,$7.46,"8,928",$7.46,$7.56,$7.45
06/08/2015,$7.46,"12,006",$7.50,$7.55,$7.46
06/05/2015,$7.46,"6,848",$7.50,$7.53,$7.44
06/04/2015,$7.45,"12,527",$7.39,$7.52,$7.39
06/03/2015,$7.38,"22,949",$7.361,$7.51,$7.25
06/02/2015,$7.28,"100,505",$7.40,$7.41,$7.26
06/01/2015,$7.40,"8,650",$7.44,$7.44,$7.40
05/29/2015,$7.41,"26,257",$7.42,$7.51,$7.40
05/28/2015,$7.44,"26,596",$7.46,$7.52,$7.40
05/27/2015,$7.48,"23,200",$7.41,$7.59,$7.41
05/26/2015,$7.43,"8,721",$7.52,$7.52,$7.42
05/22/2015,$7.47,"30,607",$7.44,$7.67,$7.41
05/21/2015,$7.57,"25,204",$7.62,$7.69,$7.43
05/20/2015,$7.58,"9,886",$7.68,$7.72,$7.57
05/19/2015,$7.63,"17,947",$7.63,$7.77,$7.45
05/18/2015,$7.64,"10,262",$7.64,$7.72,$7.6017
05/15/2015,$7.70,"8,819",$7.65,$7.72,$7.62
05/14/2015,$7.70,"4,523",$7.71,$7.72,$7.68
05/13/2015,$7.70,"8,778",$7.73,$7.73,$7.6401
05/12/2015,$7.67,"6,938",$7.71,$7.71,$7.62
05/11/2015,$7.74,"4,767",$7.75,$7.75,$7.70
05/08/2015,$7.75,"34,287",$7.82,$7.82,$7.6801
05/07/2015,$7.76,"5,085",$7.79,$7.79,$7.48
05/06/2015,$7.78,"290,071",$7.82,$7.88,$7.66
05/05/2015,$7.80,"23,342",$7.76,$7.94,$7.75
05/04/2015,$7.77,"5,404",$7.76,$7.95,$7.75
05/01/2015,$7.76,"15,729",$7.76,$7.84,$7.75
04/30/2015,$7.75,"23,415",$7.70,$7.82,$7.62
04/29/2015,$7.77,"22,375",$7.70,$7.88,$7.6701
04/28/2015,$7.82,"8,448",$7.80,$7.87,$7.77
04/27/2015,$7.81,"13,520",$7.95,$7.95,$7.73
04/24/2015,$7.90,"85,420",$7.92,$7.92,$7.84
04/23/2015,$7.87,"27,666",$7.80,$7.88,$7.74
04/22/2015,$7.84,"17,574",$7.80,$7.84,$7.75
04/21/2015,$7.82,"7,079",$7.87,$7.87,$7.77
04/20/2015,$7.82,"29,410",$7.91,$7.91,$7.81
04/17/2015,$7.89,"16,054",$7.89,$7.91,$7.87
04/16/2015,$7.90,"16,561",$7.90,$7.92,$7.81
04/15/2015,$7.89,"3,204",$7.90,$7.95,$7.885
04/14/2015,$7.92,"7,819",$7.806,$7.95,$7.806
04/13/2015,$7.94,"28,004",$7.88,$7.94,$7.78
04/10/2015,$7.82,"14,329",$7.929,$7.94,$7.82
04/09/2015,$7.84,"19,247",$7.85,$7.88,$7.82
04/08/2015,$7.90,"57,796",$7.86,$8.02,$7.78
04/07/2015,$7.9275,"51,638",$7.81,$7.93,$7.81
04/06/2015,$7.90,"69,279",$7.69,$7.90,$7.68
04/02/2015,$7.75,"58,190",$7.75,$7.76,$7.73
04/01/2015,$7.73,"17,026",$7.70,$7.75,$7.67
03/31/2015,$7.73,"35,542",$7.61,$7.74,$7.61
03/30/2015,$7.56,"22,041",$7.64,$7.72,$7.56
03/27/2015,$7.65,"18,277",$7.53,$7.69,$7.49
03/26/2015,$7.63,"32,585",$7.53,$7.69,$7.46
03/25/2015,$7.52,"175,101",$7.46,$7.59,$7.42
03/24/2015,$7.50,"11,738",$7.32,$7.74,$7.32
03/23/2015,$7.29,"38,162",$7.21,$7.40,$7.21
03/20/2015,$7.21,"61,354",$7.27,$7.35,$7.21
03/19/2015,$7.23,"19,134",$7.27,$7.29,$7.23
03/18/2015,$7.28,"27,837",$7.31,$7.34,$7.25
03/17/2015,$7.31,"97,794",$7.30,$7.46,$7.247
03/16/2015,$7.31,"42,152",$7.34,$7.35,$7.24
03/13/2015,$7.28,"44,598",$7.26,$7.3299,$7.243
03/12/2015,$7.29,"21,155",$7.28,$7.30,$7.2201
03/11/2015,$7.24,"19,413",$7.25,$7.35,$7.21
03/10/2015,$7.28,"33,383",$7.21,$7.30,$7.19
03/09/2015,$7.21,"4,146",$7.29,$7.29,$7.21
03/06/2015,$7.28,"44,652",$7.19,$7.28,$7.19
03/05/2015,$7.21,"38,804",$7.23,$7.23,$7.17
03/04/2015,$7.20,"7,157",$7.14,$7.23,$7.14
03/03/2015,$7.12,"14,304",$7.24,$7.27,$7.12
03/02/2015,$7.21,"14,573",$7.21,$7.26,$7.20
02/27/2015,$7.23,"13,914",$7.25,$7.25,$7.18
02/26/2015,$7.21,"16,151",$7.23,$7.25,$7.21
02/25/2015,$7.22,"18,569",$7.23,$7.29,$7.19
02/24/2015,$7.26,"15,240",$7.26,$7.28,$7.21
02/23/2015,$7.22,"27,156",$7.24,$7.30,$7.17
02/20/2015,$7.26,"3,999",$7.25,$7.28,$7.24
02/19/2015,$7.28,"3,124",$7.32,$7.32,$7.26
02/18/2015,$7.34,"18,822",$7.42,$7.42,$7.2999
02/17/2015,$7.40,"11,835",$7.36,$7.40,$7.27
02/13/2015,$7.41,"2,644",$7.42,$7.42,$7.2925
02/12/2015,$7.41,"8,831",$7.30,$7.41,$7.25
02/11/2015,$7.33,"1,093",$7.34,$7.37,$7.23
02/10/2015,$7.33,"1,411",$7.40,$7.40,$7.25
02/09/2015,$7.29,"16,257",$7.34,$7.49,$7.29
02/06/2015,$7.39,"39,379",$7.29,$7.51,$7.26
02/05/2015,$7.34,"6,417",$7.30,$7.34,$7.27
02/04/2015,$7.23,"6,286",$7.17,$7.31,$7.17
02/03/2015,$7.25,"14,106",$7.20,$7.31,$7.17
02/02/2015,$7.16,"21,457",$7.20,$7.24,$7.16
01/30/2015,$7.20,"19,759",$7.24,$7.25,$7.19
01/29/2015,$7.18,"6,650",$7.19,$7.27,$7.16
01/28/2015,$7.16,"12,823",$7.20,$7.30,$7.16
01/27/2015,$7.25,"8,048",$7.21,$7.27,$7.16
01/26/2015,$7.29,"14,954",$7.20,$7.29,$7.16
01/23/2015,$7.25,"9,841",$7.29,$7.29,$7.20
01/22/2015,$7.25,"7,641",$7.17,$7.26,$7.16
01/21/2015,$7.17,"12,297",$7.14,$7.21,$7.14
01/20/2015,$7.17,"11,534",$7.22,$7.24,$7.16
01/16/2015,$7.24,"13,038",$7.12,$7.24,$7.12
01/15/2015,$7.13,"24,056",$7.17,$7.21,$7.07
01/14/2015,$7.12,"26,452",$7.20,$7.26,$7.12
01/13/2015,$7.17,"14,668",$7.29,$7.29,$7.17
01/12/2015,$7.20,"37,326",$7.25,$7.25,$7.16
01/09/2015,$7.19,"8,712",$7.19,$7.30,$7.19
01/08/2015,$7.24,"3,687",$7.30,$7.30,$7.22
01/07/2015,$7.21,"8,102",$7.26,$7.30,$7.19
01/06/2015,$7.20,"25,018",$7.16,$7.24,$7.15
01/05/2015,$7.20,"20,254",$7.05,$7.21,$7.05
01/02/2015,$7.20,"16,809",$7.31,$7.3399,$7.19
12/31/2014,$7.34,"28,708",$7.22,$7.34,$7.22
12/30/2014,$7.25,"199,955",$7.30,$7.30,$7.20
12/29/2014,$7.29,"10,629",$7.33,$7.37,$7.22
12/26/2014,$7.31,"10,178",$7.37,$7.39,$7.26
12/24/2014,$7.29,"8,732",$7.25,$7.34,$7.23
12/23/2014,$7.25,"18,810",$7.26,$7.29,$7.18
12/22/2014,$7.20,"21,949",$7.23,$7.27,$7.20
12/19/2014,$7.20,"93,987",$7.24,$7.24,$7.17
12/18/2014,$7.24,"73,386",$7.20,$7.24,$7.19
12/17/2014,$7.21,"42,333",$7.21,$7.25,$7.20
12/16/2014,$7.20,"81,732",$7.18,$7.24,$7.18
12/15/2014,$7.15,"150,032",$7.15,$7.24,$7.13
12/12/2014,$7.13,"80,841",$7.20,$7.24,$7.00
12/11/2014,$7.25,"22,361",$7.20,$7.25,$7.14
12/10/2014,$7.25,"43,815",$7.26,$7.26,$7.14
12/09/2014,$7.25,"11,965",$7.18,$7.25,$7.15
12/08/2014,$7.24,"18,346",$7.33,$7.33,$7.19
12/05/2014,$7.35,"47,468",$7.25,$7.37,$7.06
12/04/2014,$7.27,"26,760",$7.22,$7.31,$7.20
12/03/2014,$7.27,"8,235",$7.29,$7.31,$7.24
12/02/2014,$7.28,"24,352",$7.32,$7.37,$7.22
12/01/2014,$7.36,"19,764",$7.33,$7.40,$7.25
11/28/2014,$7.33,"9,545",$7.33,$7.39,$7.33
11/26/2014,$7.33,"11,725",$7.34,$7.39,$7.33
11/25/2014,$7.37,"12,448",$7.33,$7.41,$7.33
11/24/2014,$7.33,"16,386",$7.29,$7.39,$7.29
11/21/2014,$7.30,"44,235",$7.37,$7.41,$7.27
11/20/2014,$7.26,"18,773",$7.49,$7.50,$7.26
11/19/2014,$7.49,"49,206",$7.49,$7.51,$7.49
11/18/2014,$7.49,"156,853",$7.53,$7.55,$7.49
11/17/2014,$7.50,"103,622",$7.45,$7.51,$7.45
11/14/2014,$7.45,"84,493",$7.31,$7.47,$7.31
11/13/2014,$7.34,"110,373",$7.27,$7.34,$7.27
11/12/2014,$7.27,"331,285",$7.10,$7.34,$7.10
11/11/2014,$7.09,"27,169",$7.09,$7.09,$7.04
11/10/2014,$7.06,"6,718",$7.00,$7.10,$7.00
11/07/2014,$7.05,"14,403",$7.05,$7.10,$7.05
11/06/2014,$7.09,"5,812",$7.08,$7.09,$7.05
11/05/2014,$7.06,"19,536",$7.04,$7.06,$7.03
11/04/2014,$7.02,"31,033",$6.95,$7.03,$6.95
11/03/2014,$6.95,"47,183",$7.08,$7.08,$6.95
10/31/2014,$7.07,"30,955",$7.07,$7.07,$6.99
10/30/2014,$7.05,"19,095",$7.05,$7.05,$6.97
10/29/2014,$7.06,"29,058",$7.07,$7.07,$6.96
10/28/2014,$7.11,"5,877",$7.08,$7.11,$7.05
10/27/2014,$7.06,"11,056",$7.08,$7.10,$7.02
10/24/2014,$7.07,"11,926",$7.062,$7.11,$7.05
10/23/2014,$7.04,"16,618",$7.05,$7.11,$7.02
10/22/2014,$7.02,"4,905",$7.06,$7.08,$7.02
10/21/2014,$7.10,"15,480",$7.13,$7.13,$7.03
10/20/2014,$7.02,"7,766",$7.10,$7.11,$6.93
10/17/2014,$7.10,"14,468",$7.10,$7.15,$7.02
10/16/2014,$7.10,"11,125",$7.05,$7.11,$7.01
10/15/2014,$7.09,"31,194",$7.01,$7.10,$6.88
10/14/2014,$7.04,"12,498",$7.06,$7.06,$7.01
10/13/2014,$7.10,"12,947",$7.06,$7.10,$7.00
10/10/2014,$7.12,"11,752",$7.09,$7.14,$7.021
10/09/2014,$7.05,"31,725",$7.06,$7.09,$6.9499
10/08/2014,$7.08,"32,107",$7.00,$7.12,$6.94
10/07/2014,$7.00,"25,872",$7.03,$7.05,$7.00
10/06/2014,$7.04,"37,227",$7.09,$7.14,$7.004
10/03/2014,$7.10,"27,695",$7.09,$7.11,$7.01
10/02/2014,$7.02,"19,723",$7.04,$7.07,$6.97
10/01/2014,$7.00,"21,008",$7.04,$7.04,$7.00
09/30/2014,$7.06,"25,396",$7.04,$7.08,$7.00
09/29/2014,$7.07,"21,188",$7.02,$7.09,$7.02
09/26/2014,$7.03,"14,641",$7.13,$7.13,$7.03
09/25/2014,$7.05,"19,707",$7.10,$7.12,$7.03
09/24/2014,$7.11,"56,797",$7.074,$7.14,$7.03
09/23/2014,$7.13,"35,887",$7.12,$7.15,$7.05
09/22/2014,$7.13,"10,806",$7.22,$7.24,$7.10
09/19/2014,$7.29,"66,696",$7.20,$7.29,$7.08
09/18/2014,$7.10,"13,454",$7.09,$7.21,$7.09
09/17/2014,$7.13,"12,755",$7.122,$7.16,$7.10
09/16/2014,$7.11,"57,137",$7.14,$7.19,$7.09
09/15/2014,$7.15,"65,643",$7.12,$7.17,$7.09
09/12/2014,$7.13,"21,999",$7.10,$7.1799,$7.07
09/11/2014,$7.13,"26,572",$7.17,$7.20,$7.09
09/10/2014,$7.16,"27,913",$7.11,$7.16,$7.09
09/09/2014,$7.11,"28,733",$7.14,$7.15,$7.07
09/08/2014,$7.13,"25,387",$7.11,$7.22,$7.09
09/05/2014,$7.15,"22,612",$7.15,$7.17,$7.08
09/04/2014,$7.14,"33,089",$7.24,$7.26,$7.11
09/03/2014,$7.20,"15,126",$7.28,$7.37,$7.19
09/02/2014,$7.29,"38,068",$7.28,$7.34,$7.23
08/29/2014,$7.26,"73,506",$7.22,$7.29,$7.15
08/28/2014,$7.18,"17,458",$7.22,$7.24,$7.18
08/27/2014,$7.22,"20,565",$7.27,$7.30,$7.21
08/26/2014,$7.24,"16,188",$7.20,$7.33,$7.20
08/25/2014,$7.20,"21,182",$7.24,$7.34,$7.20
08/22/2014,$7.24,"20,892",$7.27,$7.30,$7.23
08/21/2014,$7.27,"36,163",$7.16,$7.27,$7.14
08/20/2014,$7.16,"27,796",$7.21,$7.21,$7.11
08/19/2014,$7.22,"33,104",$7.21,$7.25,$7.18
08/18/2014,$7.16,"49,494",$7.19,$7.26,$7.16
08/15/2014,$7.16,"30,801",$7.25,$7.27,$7.16
08/14/2014,$7.21,"30,919",$7.20,$7.26,$7.20
08/13/2014,$7.20,"93,074",$7.12,$7.23,$7.11
08/12/2014,$7.10,"96,965",$7.07,$7.11,$7.01
08/11/2014,$7.10,"47,875",$7.08,$7.10,$7.02
08/08/2014,$7.08,"43,739",$7.08,$7.09,$7.00
08/07/2014,$7.08,"19,803",$7.15,$7.17,$7.04
08/06/2014,$7.15,"31,646",$7.07,$7.20,$7.06
08/05/2014,$7.08,"35,061",$7.04,$7.11,$7.01
08/04/2014,$7.00,"57,157",$7.12,$7.12,$7.00
08/01/2014,$7.18,"32,927",$7.17,$7.22,$7.06
07/31/2014,$7.22,"69,256",$7.15,$7.28,$7.11
07/30/2014,$7.18,"44,887",$7.23,$7.23,$7.10
07/29/2014,$7.20,"27,278",$7.14,$7.22,$7.12
07/28/2014,$7.08,"41,479",$7.20,$7.23,$7.08
07/25/2014,$7.23,"53,343",$7.16,$7.27,$7.13
07/24/2014,$7.11,"94,234",$7.24,$7.29,$7.11
07/23/2014,$7.26,"39,353",$7.31,$7.39,$7.25
07/22/2014,$7.36,"48,866",$7.41,$7.44,$7.29
07/21/2014,$7.39,"17,362",$7.35,$7.42,$7.32
07/18/2014,$7.36,"29,197",$7.32,$7.42,$7.32
07/17/2014,$7.30,"25,033",$7.38,$7.42,$7.30
07/16/2014,$7.40,"37,146",$7.37,$7.45,$7.30
07/15/2014,$7.40,"45,723",$7.46,$7.49,$7.31
07/14/2014,$7.45,"21,468",$7.50,$7.56,$7.41
07/11/2014,$7.45,"26,542",$7.51,$7.53,$7.41
07/10/2014,$7.52,"47,376",$7.52,$7.59,$7.43
07/09/2014,$7.59,"90,432",$7.61,$7.67,$7.57
07/08/2014,$7.57,"112,874",$7.65,$7.65,$7.515
07/07/2014,$7.65,"142,506",$7.60,$7.68,$7.50
07/03/2014,$7.56,"47,596",$7.60,$7.61,$7.56
07/02/2014,$7.54,"169,268",$7.46,$7.62,$7.33
07/01/2014,$7.42,"146,270",$7.44,$7.54,$7.38
06/30/2014,$7.46,"373,365",$7.25,$7.50,$7.16
06/27/2014,$7.30,"2,778,629",$7.10,$7.30,$7.06
06/26/2014,$7.09,"150,032",$7.12,$7.21,$7.08
06/25/2014,$7.15,"172,710",$7.05,$7.26,$7.05
06/24/2014,$7.08,"143,738",$7.095,$7.15,$7.03
06/23/2014,$7.09,"120,186",$7.18,$7.18,$7.07
06/20/2014,$7.14,"160,914",$7.21,$7.26,$7.12
06/19/2014,$7.19,"84,598",$7.09,$7.26,$7.08
06/18/2014,$7.10,"53,795",$7.10,$7.13,$7.07
06/17/2014,$7.07,"47,060",$7.05,$7.14,$7.05
06/16/2014,$7.07,"65,691",$7.06,$7.12,$7.04
06/13/2014,$7.04,"69,147",$7.14,$7.19,$7.04
06/12/2014,$7.10,"71,283",$7.16,$7.20,$7.07
06/11/2014,$7.17,"39,947",$7.18,$7.24,$7.16
06/10/2014,$7.20,"28,975",$7.20,$7.25,$7.20
06/09/2014,$7.21,"33,456",$7.19,$7.24,$7.16
06/06/2014,$7.21,"43,097",$7.24,$7.24,$7.16
06/05/2014,$7.19,"50,017",$7.15,$7.23,$7.10
06/04/2014,$7.14,"39,953",$7.12,$7.20,$7.11
06/03/2014,$7.16,"64,250",$7.20,$7.2442,$7.10
06/02/2014,$7.21,"45,882",$7.204,$7.27,$7.20
05/30/2014,$7.22,"167,793",$7.25,$7.27,$7.20
05/29/2014,$7.22,"37,874",$7.26,$7.26,$7.18
05/28/2014,$7.22,"53,875",$7.23,$7.27,$7.11
05/27/2014,$7.26,"33,517",$7.29,$7.29,$7.15
05/23/2014,$7.24,"46,921",$7.19,$7.25,$7.15
05/22/2014,$7.17,"29,373",$7.24,$7.24,$7.11
05/21/2014,$7.20,"84,970",$7.04,$7.26,$7.03
05/20/2014,$7.09,"78,818",$7.11,$7.18,$7.00
05/19/2014,$7.15,"32,809",$7.07,$7.16,$7.022
05/16/2014,$7.11,"53,877",$7.01,$7.11,$7.008
05/15/2014,$7.04,"49,469",$7.02,$7.08,$7.00
05/14/2014,$7.03,"51,320",$7.13,$7.13,$7.00
05/13/2014,$7.15,"40,210",$7.31,$7.328,$7.12
05/12/2014,$7.31,"61,147",$7.25,$7.34,$7.20
05/09/2014,$7.25,"43,987",$7.00,$7.29,$7.00
05/08/2014,$7.06,"41,760",$7.14,$7.22,$7.032
05/07/2014,$7.121,"57,930",$7.02,$7.21,$6.992
05/06/2014,$7.04,"53,173",$7.09,$7.25,$7.03
05/05/2014,$7.14,"45,354",$7.14,$7.20,$7.09
05/02/2014,$7.16,"40,600",$7.21,$7.28,$7.15
05/01/2014,$7.22,"101,798",$6.97,$7.24,$6.94
04/30/2014,$6.85,"244,697",$7.07,$7.12,$6.85
04/29/2014,$7.07,"33,554",$7.17,$7.1799,$7.07
04/28/2014,$7.12,"60,647",$7.16,$7.25,$7.115
04/25/2014,$7.12,"58,127",$7.22,$7.28,$7.11
04/24/2014,$7.25,"48,065",$7.2101,$7.2896,$7.21
04/23/2014,$7.21,"77,509",$7.28,$7.32,$7.20
04/22/2014,$7.31,"69,776",$7.27,$7.33,$7.17
04/21/2014,$7.27,"43,031",$7.10,$7.28,$7.10
04/17/2014,$7.11,"226,847",$7.10,$7.15,$7.07
04/16/2014,$7.16,"114,678",$7.20,$7.20,$7.14
04/15/2014,$7.20,"80,957",$7.19,$7.21,$7.15
04/14/2014,$7.17,"100,358",$7.20,$7.2299,$7.16
04/11/2014,$7.19,"55,044",$7.24,$7.30,$7.19
04/10/2014,$7.29,"79,501",$7.32,$7.40,$7.29
04/09/2014,$7.36,"44,807",$7.38,$7.40,$7.30
04/08/2014,$7.33,"66,758",$7.34,$7.40,$7.33
04/07/2014,$7.31,"60,310",$7.30,$7.42,$7.30
04/04/2014,$7.31,"74,997",$7.48,$7.48,$7.29
04/03/2014,$7.401,"64,994",$7.46,$7.49,$7.40
04/02/2014,$7.47,"64,355",$7.56,$7.58,$7.46
04/01/2014,$7.53,"70,073",$7.45,$7.55,$7.45
03/31/2014,$7.45,"84,139",$7.49,$7.56,$7.43
03/28/2014,$7.48,"62,262",$7.52,$7.56,$7.47
03/27/2014,$7.54,"52,055",$7.50,$7.56,$7.47
03/26/2014,$7.46,"55,371",$7.66,$7.66,$7.45
03/25/2014,$7.63,"59,703",$7.60,$7.66,$7.59
03/24/2014,$7.59,"42,227",$7.54,$7.67,$7.54
03/21/2014,$7.51,"207,069",$7.75,$7.75,$7.50
03/20/2014,$7.69,"38,325",$7.67,$7.75,$7.67
03/19/2014,$7.73,"32,682",$7.70,$7.81,$7.61
03/18/2014,$7.74,"35,564",$7.68,$7.75,$7.60
03/17/2014,$7.69,"30,771",$7.75,$7.75,$7.68
03/14/2014,$7.70,"36,546",$7.68,$7.77,$7.63
03/13/2014,$7.70,"40,992",$7.75,$7.864,$7.66
03/12/2014,$7.70,"43,872",$7.62,$7.75,$7.61
03/11/2014,$7.64,"41,249",$7.675,$7.71,$7.53
03/10/2014,$7.74,"43,563",$7.71,$7.75,$7.61
03/07/2014,$7.71,"49,665",$7.84,$7.88,$7.69
03/06/2014,$7.80,"33,316",$7.81,$7.85,$7.72
03/05/2014,$7.81,"32,005",$7.85,$7.88,$7.76
03/04/2014,$7.89,"117,988",$7.62,$8.00,$7.62
03/03/2014,$7.53,"68,058",$7.56,$7.645,$7.52
